2 0.712446458 0.574837963 0.056062603 0.0735277778 0.7115485997 0.5408148148 2 0.7385436573 0.5398398148 2 0.6860378913 0.5415111111 2 0.7145205931 0.6072416667 2 0.737553542 0.6062666667 2 0.6887627677 0.6086342593 2
2 0.7414415157 0.5749768519 0.056062603 0.0735277778 0.7407726524 0.5410935185 2 0.7675304778 0.5399768519 2 0.715014827 0.5422074074 2 0.7417627677 0.6073805556 2 0.7667775947 0.6061268519 2 0.7177479407 0.6087703704 2
2 0.7683196046 0.5692638889 0.055815486 0.0735277778 0.7677775947 0.5353814815 2 0.7915436573 0.5342694444 2 0.7420197694 0.5364953704 2 0.7685107084 0.6016712963 2 0.7912965404 0.6002787037 2 0.744752883 0.6030583333 2
2 0.795815486 0.5712083333 0.055815486 0.0735277778 0.7952784185 0.5373277778 2 0.8190444811 0.5362166667 2 0.7695205931 0.5384416667 2 0.7960115321 0.6036175926 2 0.8187973641 0.602225 2 0.7722537068 0.6050046296 2
2 0.8210873147 0.5666157407 0.055815486 0.0735277778 0.8205485997 0.5327296296 2 0.8443163097 0.5316185185 2 0.7947907743 0.5338435185 2 0.8212833608 0.5990194444 2 0.8440675453 0.5976268519 2 0.7975255354 0.6004064815 2
2 0.8475947282 0.5678657407 0.055815486 0.0735277778 0.8470593081 0.5339796296 2 0.8680741351 0.5330166667 2 0.8237413509 0.5349657407 2 0.8465271829 0.6 2 0.8690642504 0.5986074074 2 0.8225024712 0.6015314815 2
2 0.5549423394 0.5824953704 0.0639868204 0.07325 0.5526688633 0.5484546296 2 0.5785502471 0.5474138889 2 0.5253014827 0.5492240741 2 0.5593558484 0.6157166667 2 0.5853607908 0.6147416667 2 0.5338467875 0.6166916667 2
2 0.5254859967 0.5795694444 0.0639868204 0.07325 0.5232059308 0.5455268519 2 0.5490873147 0.5444861111 2 0.4958385502 0.5462962963 2 0.529892916 0.6127888889 2 0.5558978583 0.6118148148 2 0.504383855 0.6137638889 2
2 0.4974958814 0.5856990741 0.0664579901 0.07325 0.4939818781 0.5516546296 2 0.5198632619 0.5506138889 2 0.4666144975 0.5524240741 2 0.5028879736 0.6189194444 2 0.5301317957 0.6178055556 2 0.4751581549 0.6198916667 2
2 0.4682701812 0.5834675926 0.0664579901 0.07325 0.4647660626 0.5494240741 2 0.4906474465 0.5483824074 2 0.437398682 0.5501935185 2 0.4736721582 0.6166888889 2 0.5009159802 0.6155740741 2 0.4459439868 0.6176601852 2
2 0.4400494234 0.5890324074 0.0664579901 0.0740833333 0.4342850082 0.5549287037 2 0.4620230643 0.5540935185 2 0.4090230643 0.555625 2 0.4461729819 0.6235101852 2 0.4729209226 0.6219787037 2 0.4201680395 0.6249027778 2
2 0.4084843493 0.5886898148 0.0716639209 0.0742314815 0.4023360791 0.5536759259 2 0.4298270181 0.5525611111 2 0.3741004942 0.5546509259 2 0.4159670511 0.6224666667 2 0.443723229 0.6212787037 2 0.3887495881 0.6233648148 2
2 0.3442257002 0.5927222222 0.0753706755 0.0736666667 0.3364563427 0.5581981481 2 0.3641943987 0.5570833333 2 0.3077265239 0.5591722222 2 0.3545354201 0.6272657407 2 0.3815304778 0.625737963 2 0.327291598 0.6285194444 2
2 0.3127759473 0.5984259259 0.0753706755 0.0736666667 0.3050115321 0.5639046296 2 0.3327495881 0.5627907407 2 0.2762817133 0.5648796296 2 0.3230906096 0.6329731481 2 0.3500873147 0.6314453704 2 0.2958484349 0.6342259259 2
2 0.2830560132 0.5973796296 0.0758649094 0.0746481481 0.2750527183 0.5623694444 2 0.3027907743 0.5612555556 2 0.2463228995 0.5633444444 2 0.2921235585 0.6322796296 2 0.3196144975 0.6307472222 2 0.2666128501 0.6336722222 2
2 0.2511285008 0.6030925926 0.0758649094 0.0746481481 0.2431136738 0.5680768519 2 0.2708517298 0.566962963 2 0.214383855 0.5690518519 2 0.2601828666 0.6379861111 2 0.287675453 0.6364546296 2 0.2346738056 0.6393787037 2
2 0.2204200988 0.60225 0.0758649094 0.0746481481 0.2124118616 0.567237963 2 0.2401499176 0.5661240741 2 0.1836820428 0.568212963 2 0.2294827018 0.6371481481 2 0.2569736409 0.6356157407 2 0.2039719934 0.6385407407 2
2 0.190214168 0.6069814815 0.0788467875 0.0757592593 0.1807199341 0.571412963 2 0.2084579901 0.5702990741 2 0.1519901153 0.572387963 2 0.1985057661 0.6416777778 2 0.2284728171 0.6400064815 2 0.1725008237 0.6430703704 2
2 0.3208978583 0.496037037 0.0711532125 0.072 0.3101136738 0.4633324074 2 0.2862026359 0.4648083333 2 0.3346079077 0.4618574074 2 0.3287759473 0.5290805556 2 0.3036985173 0.5302277778 2 0.3550197694 0.5279324074 2
2 0.2926112026 0.4943888889 0.0711532125 0.072 0.2818270181 0.4616842593 2 0.2579159802 0.4631601852 2 0.3063212521 0.4602083333 2 0.3004892916 0.5274324074 2 0.2754118616 0.5285796296 2 0.325276771 0.5263740741 2
2 0.265214168 0.4996203704 0.0711532125 0.072 0.2544151565 0.4669222222 2 0.2305041186 0.4683972222 2 0.2789093904 0.4654462963 2 0.27307743 0.5326694444 2 0.248 0.5338175926 2 0.2978649094 0.531612037 2
2 0.2351647446 0.4987962963 0.0711532125 0.072 0.2243789127 0.4660935185 2 0.2004678748 0.4675685185 2 0.2488731466 0.4646175926 2 0.2430411862 0.5318407407 2 0.2179637562 0.5329888889 2 0.2678286656 0.5307833333 2
2 0.2071746293 0.5046851852 0.0711532125 0.072 0.196383855 0.471987037 2 0.1724728171 0.473462037 2 0.220878089 0.4705111111 2 0.2150461285 0.5377351852 2 0.1899686985 0.5388824074 2 0.2398336079 0.5366768519 2
2 0.1736326194 0.5041851852 0.0711532125 0.072 0.1628500824 0.4714861111 2 0.138937397 0.472962037 2 0.1873426689 0.4700101852 2 0.1815107084 0.5372342593 2 0.1564349259 0.5383814815 1 0.2062981878 0.5361759259 2
2 0.4759060956 0.4904675926 0.0717462932 0.0810648148 0.4708072488 0.4539814815 2 0.4405518946 0.4549157407 2 0.4990197694 0.452762037 2 0.4829341021 0.5275574074 2 0.4558698517 0.5284185185 2 0.5107644152 0.5269833333 2
2 0.5091186161 0.4929814815 0.0717462932 0.0800555556 0.5024662273 0.4559916667 2 0.4737561779 0.456925 2 0.5305518946 0.4552740741 2 0.5121680395 0.5283462963 1 0.4861252059 0.5287768519 1 0.53923229 0.5279157407 2
2 0.5357990115 0.4871712963 0.0668863262 0.0781944444 0.5328484349 0.4506796296 2 0.5037429984 0.4512537037 2 0.5606787479 0.4501055556 2 0.5415304778 0.5231777778 2 0.5149769357 0.5238962963 2 0.5678270181 0.5226037037 2
2 0.5667051071 0.4901805556 0.0668863262 0.0781944444 0.5637429984 0.453837963 2 0.5379555189 0.454412037 2 0.5887644152 0.4534074074 2 0.5703805601 0.525762037 2 0.5433163097 0.5264796296 2 0.5966787479 0.5249009259 2
2 0.5947940692 0.4847268519 0.0668863262 0.0781944444 0.5918401977 0.4483824074 2 0.5660527183 0.4489564815 2 0.6168616145 0.4479518519 2 0.5984777595 0.5203064815 2 0.5714151565 0.5210240741 2 0.6247759473 0.5194444444 2
2 0.6239209226 0.4877361111 0.0668863262 0.0781944444 0.6209588138 0.4513962963 2 0.5951729819 0.4519703704 2 0.6459802306 0.4509657407 2 0.6268056013 0.5223888889 2 0.6002520593 0.52325 2 0.6520823723 0.5218148148 2
2 0.6947281713 0.481712963 0.0551565074 0.0725925926 0.6929341021 0.4483851852 2 0.7159126853 0.4475231481 2 0.6676573311 0.4491027778 2 0.6957413509 0.5158583333 2 0.7215996705 0.5150222222 2 0.6725074135 0.516862963 2
2 0.7233278418 0.4769722222 0.0551565074 0.0725925926 0.7215420099 0.4436462963 2 0.7445205931 0.4427851852 2 0.6962652389 0.4443638889 2 0.7243509061 0.5111203704 2 0.7502075783 0.5102842593 2 0.7011169687 0.512125 2
2 0.7493904448 0.4794166667 0.0551565074 0.0725925926 0.7475980231 0.4460861111 2 0.7705766063 0.445225 2 0.7223212521 0.4468037037 2 0.7501252059 0.512987037 2 0.7738698517 0.5118388889 2 0.7256144975 0.5141351852 2
2 0.7759472817 0.473962963 0.0551565074 0.0725925926 0.7741630972 0.4406296296 2 0.7971416804 0.4397685185 2 0.7488863262 0.4413481481 2 0.7766902801 0.5075314815 2 0.8004349259 0.5063824074 2 0.7521795717 0.5086796296 2
2 0.8030313015 0.4769722222 0.0551565074 0.0725925926 0.8012405272 0.4436444444 2 0.8242191104 0.4427824074 2 0.7759637562 0.444362037 2 0.80376771 0.5105453704 2 0.8275123558 0.5093962963 2 0.7792570016 0.5116935185 2
2 0.8301153213 0.4720925926 0.0551565074 0.0725925926 0.8283163097 0.438762037 2 0.8512948929 0.4379009259 2 0.8030395387 0.4394805556 2 0.8282520593 0.5055222222 2 0.8507199341 0.5048037037 2 0.8057841845 0.5063833333 2
2 0.7170675453 0.3861064815 0.0561779242 0.0776759259 0.7150181219 0.3505768519 2 0.7408056013 0.3495722222 2 0.6905074135 0.3512944444 2 0.7229324547 0.4219268519 2 0.7441252059 0.4210648148 2 0.7002092257 0.4229314815 2
2 0.7460543657 0.3878287037 0.0594892916 0.0776759259 0.7428484349 0.3524435185 2 0.7681367381 0.3512944444 2 0.7188484349 0.3534481481 2 0.7497413509 0.4237925926 2 0.7745074135 0.4229314815 2 0.7254859967 0.4246546296 2
2 0.773121911 0.3829398148 0.0594892916 0.0776759259 0.7699242175 0.3475611111 2 0.795214168 0.346412037 2 0.7459242175 0.3485666667 2 0.7768187809 0.4189111111 2 0.8015848435 0.41805 2 0.7525634267 0.4197722222 2
2 0.8014744646 0.3848101852 0.0594892916 0.0776759259 0.7982784185 0.3494268519 2 0.8235667216 0.3482777778 2 0.7742784185 0.3504314815 2 0.8020823723 0.4203472222 2 0.8260823723 0.4196296296 2 0.7775716639 0.4212092593 2
2 0.8285584843 0.3792083333 0.0594892916 0.0776759259 0.825354201 0.3438277778 2 0.8506441516 0.3426777778 2 0.801354201 0.3448324074 2 0.8291581549 0.4147481481 2 0.8531581549 0.4140296296 2 0.8046474465 0.4156092593 2
2 0.8556425041 0.3812175926 0.0594892916 0.0776759259 0.852431631 0.3458361111 2 0.8777199341 0.344687037 2 0.828431631 0.3468416667 2 0.8562355848 0.4167564815 2 0.8802355848 0.4160388889 2 0.8317248764 0.4176185185 2
2 0.6668286656 0.3868888889 0.060247117 0.0786851852 0.6642092257 0.3513648148 2 0.6915288303 0.3505027778 2 0.6392537068 0.3520083333 2 0.6703377265 0.42415 2 0.6961252059 0.4237194444 2 0.6458270181 0.4248675926 2
2 0.6390197694 0.3909074074 0.060247117 0.0786851852 0.6363937397 0.3553833333 2 0.6634448105 0.3548101852 2 0.6114365733 0.3560277778 2 0.6425205931 0.4281685185 2 0.6683080725 0.427737963 2 0.6180098847 0.4288861111 2
2 0.6112108731 0.3885416667 0.0622899506 0.07825 0.6070181219 0.3513648148 2 0.6343377265 0.3505027778 2 0.5817429984 0.3520824074 2 0.6157248764 0.4255842593 2 0.6415123558 0.4251527778 2 0.591214168 0.4263018519 2
2 0.5836490939 0.3931342593 0.0622899506 0.0799722222 0.5791894563 0.3560305556 2 0.6054876442 0.355312963 2 0.5536573311 0.3567481481 2 0.5881630972 0.4310388889 2 0.6139505766 0.4306074074 2 0.5636540362 0.4317564815 2
2 0.554291598 0.3904027778 0.0622899506 0.0799722222 0.5498401977 0.3533018519 2 0.5761383855 0.3525842593 2 0.5243080725 0.3540203704 2 0.558815486 0.4283101852 2 0.5846029654 0.4278796296 2 0.5343047776 0.4290277778 2
2 0.5246869852 0.3957175926 0.0633113674 0.0799722222 0.5204662273 0.3577537037 2 0.5470197694 0.3568916667 2 0.4940411862 0.3583296296 2 0.5296573311 0.4335537037 2 0.5562108731 0.4328351852 2 0.5020823723 0.4344148148 2
2 0.4675123558 0.397 0.0740362438 0.0837037037 0.4593179572 0.3574685185 2 0.4863805601 0.35675 2 0.432509061 0.3581861111 2 0.4720840198 0.4361398148 2 0.4978698517 0.4352777778 2 0.444509061 0.437287963 2
2 0.4345963756 0.3944166667 0.0740362438 0.0837037037 0.4266359143 0.3550277778 2 0.4559983526 0.3541666667 2 0.3975304778 0.3558888889 2 0.4394019769 0.4336990741 2 0.4687644152 0.432837037 2 0.412339374 0.4344166667 2
2 0.4028253707 0.3998703704 0.0758319605 0.0842777778 0.3951054366 0.3599787037 2 0.4237001647 0.3589731481 2 0.3667644152 0.3606962963 2 0.4111894563 0.4395111111 2 0.4402965404 0.43865 2 0.3814579901 0.4401583333 2
2 0.3710378913 0.3972175926 0.0811861614 0.085287037 0.3619126853 0.3576814815 2 0.3920411862 0.3569638889 2 0.333062603 0.3582555556 2 0.3805518946 0.4372138889 2 0.4088912685 0.4363527778 2 0.3539983526 0.4380759259 2
2 0.3388797364 0.4018101852 0.0811861614 0.085287037 0.3297561779 0.362275 2 0.3598846787 0.3615564815 2 0.3009044481 0.3628490741 2 0.3483953871 0.4418074074 2 0.3767347611 0.4409453704 2 0.3218418451 0.4426685185 2
2 0.304431631 0.3999490741 0.0811861614 0.0864351852 0.2953014827 0.3598333333 2 0.3254283361 0.3591157407 2 0.2664497529 0.3604074074 2 0.3140411862 0.4408027778 2 0.344169687 0.4399416667 2 0.284169687 0.4419518519 2
2 0.2246128501 0.4026064815 0.0945963756 0.0921759259 0.2099983526 0.3598342593 2 0.1775733114 0.3612703704 2 0.2431911038 0.3583990741 2 0.2398714992 0.4451092593 2 0.208723229 0.4471194444 2 0.271785832 0.442812963 2
2 0.1891433278 0.4074861111 0.0945963756 0.0921759259 0.1745222405 0.3647148148 2 0.1420971993 0.36615 2 0.2077133443 0.3632787037 2 0.2043953871 0.4499898148 2 0.1732454695 0.452 2 0.2369357496 0.4483398148 2
2 0.1528995058 0.406337963 0.0945963756 0.0921759259 0.1382800659 0.3635657407 2 0.1058550247 0.3650009259 2 0.1714711697 0.3621296296 2 0.1681532125 0.4488407407 2 0.1370032949 0.45085 2 0.200693575 0.4471898148 2
2 0.1171663921 0.413087963 0.0945963756 0.0921759259 0.1025485997 0.370312037 2 0.0701235585 0.3717472222 2 0.1357397035 0.3688768519 2 0.1324217463 0.455587037 2 0.1012718287 0.4575972222 2 0.1649621087 0.453937037 2
2 0.0801647446 0.4101435185 0.1037891269 0.0928981481 0.0609456343 0.3670092593 2 0.0285189456 0.3684453704 2 0.0941367381 0.3655740741 2 0.097276771 0.4534324074 2 0.0674036244 0.4551555556 2 0.1304678748 0.4515666667 2
2 0.0494645799 0.4168194444 0.0989291598 0.0956203704 0.0237446458 0.3723203704 2 0 0.3730388889 2 0.0569357496 0.3708842593 2 0.0617874794 0.4607546296 2 0.027830313 0.4623333333 2 0.0965107084 0.459462037 2
