3 0.0492788462 0.4951923077 0.0985576923 0.1153846154 0.028875 0.4486634615 2 0 0.4916033654 2 0.0918052885 0.5441706731 2 0 0 0 0 0 0 0 0 0
3 0.0492788462 0.4495192308 0.0985576923 0.1153846154 0.028875 0.4035 2 0 0.4464423077 2 0.0918052885 0.4990072115 2 0 0 0 0 0 0 0 0 0
3 0.0529326923 0.4020072115 0.1058653846 0.1140144231 0.0355384615 0.3546370192 2 0.0007403846 0.4049807692 2 0.09846875 0.4501442308 2 0 0 0 0 0 0 0 0 0
3 0.0544230769 0.3583293269 0.1088461538 0.1140144231 0.0377596154 0.3079927885 2 0 0.3575985577 2 0.1014302885 0.4064615385 2 0 0 0 0 0 0 0 0 0
3 0.0518269231 0.3116947115 0.1036538462 0.1140144231 0.0325769231 0.2613509615 2 0 0.3057716346 2 0.0962475962 0.3598197115 2 0 0 0 0 0 0 0 0 0
3 0.0540504808 0.2643149038 0.1081009615 0.1140144231 0.0370192308 0.2139663462 2 0.0007403846 0.2628317308 2 0.1006899038 0.3124350962 2 0 0 0 0 0 0 0 0 0
3 0.0566346154 0.2146995192 0.1132692308 0.1140144231 0.0422019231 0.1643605769 2 0.0007403846 0.2176682692 2 0.1058725962 0.2628317308 2 0 0 0 0 0 0 0 0 0
3 0.0516826923 0.1610576923 0.1033653846 0.1153846154 0.0333173077 0.1117956731 2 0 0.1591802885 2 0.0969879808 0.2102644231 2 0 0 0 0 0 0 0 0 0
3 0.0573798077 0.1125360577 0.1147596154 0.1140144231 0.0451634615 0.0636706731 2 0.0029615385 0.1184591346 2 0.1073533654 0.1606610577 2 0 0 0 0 0 0 0 0 0
3 0.0528846154 0.0637019231 0.1057692308 0.1129807692 0.0377596154 0.0155480769 2 0 0 0 0.0999495192 0.1125360577 2 0 0 0 0 0 0 0 0 0
3 0.1665865385 0.5012379808 0.1465865385 0.1155048077 0.1665841346 0.4494038462 2 0.0992091346 0.5515745192 2 0.2324759615 0.55009375 2 0 0 0 0 0 0 0 0 0
3 0.1747355769 0.4175600962 0.1465865385 0.1155048077 0.1747259615 0.3657427885 2 0.1073533654 0.4679134615 2 0.2406201923 0.4664326923 2 0 0 0 0 0 0 0 0 0
3 0.1747355769 0.3657572115 0.1465865385 0.1155048077 0.1747259615 0.3139158654 2 0.1073533654 0.4160865385 2 0.2406201923 0.4146057692 2 0 0 0 0 0 0 0 0 0
3 0.1732451923 0.3120673077 0.1465865385 0.1221634615 0.1732451923 0.2665336538 2 0.1043918269 0.3590793269 2 0.2391394231 0.3672235577 2 0 0 0 0 0 0 0 0 0
3 0.1806490385 0.2676442308 0.1465865385 0.1221634615 0.1806490385 0.2221105769 2 0.1117956731 0.31465625 2 0.2465432692 0.3228004808 1 0 0 0 0 0 0 0 0 0
3 0.1769471154 0.2158173077 0.1465865385 0.1221634615 0.1769471154 0.1702836538 2 0.10809375 0.2628317308 2 0.2428413462 0.2709735577 2 0 0 0 0 0 0 0 0 0
3 0.1717548077 0.1625240385 0.1465865385 0.1221634615 0.1717644231 0.1169783654 2 0.1058725962 0.2110048077 2 0.2376586538 0.2176682692 2 0 0 0 0 0 0 0 0 0
3 0.1799038462 0.1166105769 0.1465865385 0.1221634615 0.1799086538 0.0710745192 2 0.1140168269 0.1651033654 2 0.2458028846 0.1717644231 2 0 0 0 0 0 0 0 0 0
3 0.1754567308 0.0610817308 0.1465865385 0.1221634615 0.1754663462 0.0155480769 2 0.1095745192 0.1095745192 2 0.2413605769 0.1162379808 2 0 0 0 0 0 0 0 0 0
3 0.1754567308 0.0610817308 0.1465865385 0.1221634615 0.1754663462 0.0155480769 2 0.1095745192 0.1095745192 2 0.2413605769 0.1162379808 2 0 0 0 0 0 0 0 0 0
3 0.3272355769 0.0610817308 0.1465865385 0.1221634615 0.3272427885 0.0155480769 2 0.2613509615 0.1095745192 2 0.3931346154 0.1162379808 2 0 0 0 0 0 0 0 0 0
3 0.3272355769 0.1151201923 0.1465865385 0.1221634615 0.3272427885 0.06959375 2 0.2613509615 0.1636225962 2 0.3931346154 0.1702836538 2 0 0 0 0 0 0 0 0 0
3 0.3235336538 0.1632451923 0.1465865385 0.1221634615 0.3235408654 0.11771875 2 0.2576466346 0.2117451923 2 0.3894326923 0.2184086538 2 0 0 0 0 0 0 0 0 0
3 0.3264903846 0.2136057692 0.1465865385 0.1221634615 0.3265024038 0.1680625 2 0.2606081731 0.2620913462 2 0.3923942308 0.2687548077 2 0 0 0 0 0 0 0 0 0
3 0.3279807692 0.2668990385 0.1465865385 0.1221634615 0.3279831731 0.2213701923 2 0.2620889423 0.3153966346 2 0.393875 0.3220600962 2 0 0 0 0 0 0 0 0 0
3 0.3205769231 0.3098557692 0.1465865385 0.1221634615 0.3205793269 0.2643125 2 0.2546875 0.3583389423 2 0.3864711538 0.3650024038 2 0 0 0 0 0 0 0 0 0
3 0.3264903846 0.3638942308 0.1465865385 0.1221634615 0.3265024038 0.3183581731 2 0.2606081731 0.4123846154 2 0.3923942308 0.4190480769 2 0 0 0 0 0 0 0 0 0
3 0.3272355769 0.4127644231 0.1465865385 0.1221634615 0.3272427885 0.3672235577 2 0.2613509615 0.46125 2 0.3931346154 0.4679134615 2 0 0 0 0 0 0 0 0 0
3 0.3161298077 0.4564423077 0.1465865385 0.1221634615 0.3161370192 0.4109038462 2 0.2502451923 0.5049302885 2 0.3820288462 0.51159375 2 0 0 0 0 0 0 0 0 0
3 0.3139182692 0.5075240385 0.1465865385 0.1221634615 0.3139158654 0.4619903846 2 0.2480240385 0.5560168269 2 0.3798076923 0.5626802885 2 0 0 0 0 0 0 0 0 0
3 0.2561538462 0.0577524038 0.1465865385 0.1155048077 0.2561658654 0.0999495192 2 0.1902740385 0.0059230769 2 0 0 0 0 0 0 0 0 0 0 0 0
3 0.2472836538 0.1073677885 0.1465865385 0.1155048077 0.2472836538 0.1495552885 2 0.1858317308 0.0510865385 2 0.3198389423 0.0592307692 2 0 0 0 0 0 0 0 0 0
3 0.2472836538 0.1577043269 0.1465865385 0.1155048077 0.2472836538 0.1998990385 2 0.1858317308 0.1014302885 2 0.3198389423 0.1095745192 1 0 0 0 0 0 0 0 0 0
3 0.2457932692 0.2117427885 0.1465865385 0.1155048077 0.2458028846 0.2539471154 2 0.1843509615 0.1554759615 2 0.3183581731 0.1636225962 2 0 0 0 0 0 0 0 0 0
3 0.2457932692 0.2613581731 0.1465865385 0.1155048077 0.2458028846 0.3035504808 2 0.1843509615 0.2050817308 2 0.3183581731 0.2132259615 2 0 0 0 0 0 0 0 0 0
3 0.2450480769 0.3079927885 0.1465865385 0.1155048077 0.2450600962 0.3501947115 2 0.1836105769 0.2517259615 2 0.3176177885 0.2598701923 1 0 0 0 0 0 0 0 0 0
3 0.2472836538 0.3605649038 0.1465865385 0.1155048077 0.2472836538 0.4027596154 2 0.1858317308 0.3042908654 2 0.3198389423 0.3124350962 2 0 0 0 0 0 0 0 0 0
3 0.2450480769 0.4064543269 0.1465865385 0.1155048077 0.2450600962 0.4486634615 2 0.1836105769 0.3501947115 2 0.3176177885 0.3583389423 2 0 0 0 0 0 0 0 0 0
3 0.240625 0.4605168269 0.1465865385 0.1155048077 0.2406177885 0.5027091346 2 0.1791682692 0.4042403846 2 0.3131754808 0.4123846154 2 0 0 0 0 0 0 0 0 0
3 0.2435817308 0.5004927885 0.1465865385 0.1155048077 0.2435793269 0.5426899038 2 0.1821298077 0.4442211538 2 0.3161370192 0.4523653846 1 0 0 0 0 0 0 0 0 0
3 0.0999519231 0.4834735577 0.1465865385 0.1155048077 0.0999495192 0.5256610577 2 0.0385 0.4271923077 2 0.1725048077 0.4353365385 2 0 0 0 0 0 0 0 0 0
3 0.1036538462 0.4471754808 0.1465865385 0.1155048077 0.1036514423 0.4893822115 2 0.0422019231 0.3909134615 2 0.1762067308 0.3990576923 2 0 0 0 0 0 0 0 0 0
3 0.1058653846 0.3983293269 0.1465865385 0.1155048077 0.1058725962 0.4405192308 2 0.0444230769 0.3420504808 2 0.1784278846 0.3501947115 2 0 0 0 0 0 0 0 0 0
3 0.0999519231 0.3494591346 0.1465865385 0.1155048077 0.0999495192 0.3916538462 2 0.0385 0.2931850962 2 0.1725072115 0.3013293269 2 0 0 0 0 0 0 0 0 0
3 0.0999519231 0.2991225962 0.1465865385 0.1155048077 0.0999495192 0.3413100962 2 0.0444230769 0.2487644231 2 0.1725072115 0.2509855769 1 0 0 0 0 0 0 0 0 0
3 0.1051201923 0.2509975962 0.1465865385 0.1155048077 0.1051322115 0.2931850962 2 0.0496057692 0.2006394231 2 0.1776875 0.2028605769 2 0 0 0 0 0 0 0 0 0
3 0.1066105769 0.2043389423 0.1465865385 0.1155048077 0.1066129808 0.2465408654 2 0.0510865385 0.1539975962 2 0.1791682692 0.1562163462 1 0 0 0 0 0 0 0 0 0
3 0.1043990385 0.1458533654 0.1465865385 0.1155048077 0.1043918269 0.1880528846 2 0.0488653846 0.0955072115 2 0.1769495192 0.0977283654 2 0 0 0 0 0 0 0 0 0
3 0.1058653846 0.1006850962 0.1465865385 0.1155048077 0.1058725962 0.1428894231 2 0.0503461538 0.05034375 2 0.1784302885 0.0525649038 2 0 0 0 0 0 0 0 0 0
3 0.1021634615 0.0528846154 0.1466346154 0.1057692308 0.1043918269 0.0910649038 2 0 0 0 0.1769495192 0.0007403846 2 0 0 0 0 0 0 0 0 0
3 0.3801802885 0.07921875 0.0747836538 0.1155048077 0.4160865385 0.1214206731 2 0.3501947115 0.0273942308 2 0.4819783654 0.0207307692 1 0 0 0 0 0 0 0 0 0
3 0.3738942308 0.1125360577 0.0888461538 0.1155048077 0.4020192308 0.1584399038 2 0.3368677885 0.0607091346 2 0.4686514423 0.0540456731 1 0 0 0 0 0 0 0 0 0
3 0.3723918269 0.1554927885 0.0918028846 0.1155048077 0.3990576923 0.2013798077 2 0.33390625 0.1036514423 2 0.4656899038 0.0969879808 1 0 0 0 0 0 0 0 0 0
3 0.3709254808 0.1998918269 0.0918028846 0.1155048077 0.3975769231 0.2458028846 2 0.3324254808 0.1480745192 2 0.4642115385 0.1414110577 1 0 0 0 0 0 0 0 0 0
3 0.3694471154 0.2502524038 0.0947596154 0.1155048077 0.3946153846 0.2961466346 2 0.3294639423 0.1984182692 2 0.46125 0.1917548077 1 0 0 0 0 0 0 0 0 0
3 0.3694471154 0.3005889423 0.0947596154 0.1155048077 0.3946153846 0.3464927885 2 0.3294639423 0.2487644231 2 0.46125 0.2421009615 1 0 0 0 0 0 0 0 0 0
3 0.3694471154 0.3472475962 0.0947596154 0.1155048077 0.3946153846 0.3931346154 2 0.3294639423 0.29540625 2 0.46125 0.2887427885 1 0 0 0 0 0 0 0 0 0
3 0.3683413462 0.3916466346 0.0999519231 0.1155048077 0.3909134615 0.4375576923 2 0.3257620192 0.3398293269 2 0.4627307692 0.3413100962 1 0 0 0 0 0 0 0 0 0
3 0.3716706731 0.45015625 0.0932932692 0.1155048077 0.3975769231 0.4960480769 2 0.3324254808 0.3983173077 2 0.4693942308 0.3997980769 1 0 0 0 0 0 0 0 0 0
3 0.365 0.49234375 0.1051442308 0.1155048077 0.3849903846 0.5382475962 2 0.3198389423 0.4405192308 2 0.4568076923 0.442 1 0 0 0 0 0 0 0 0 0
3 0.7703245192 0.3760096154 0.4593509615 0.4074519231 0.9306706731 0.5349879808 2 0.5628798077 0.1959951923 2 0.9973605769 0.4401418269 1 0 0 0 0 0 0 0 0 0
3 0.7703245192 0.2485576923 0.4593509615 0.4074519231 0.9099254808 0.4060576923 2 0.5628798077 0.0685456731 2 0.9973605769 0.3126947115 1 0 0 0 0 0 0 0 0 0
3 0.7800480769 0.1610576923 0.4399038462 0.3221153846 0.8906586538 0.2767451923 2 0.6224230769 0 2 0.9973605769 0.1659783654 2 0 0 0 0 0 0 0 0 0
3 0.8155288462 0.1133173077 0.3689423077 0.2266346154 0.8906586538 0.1804182692 2 0.7113413462 0 2 0.9973605769 0.0696514423 2 0 0 0 0 0 0 0 0 0
3 0.125 0.8581730769 0.25 0.2307692308 0.0992908654 0.9469735577 2 0 0.8476826923 2 0.2356322115 0.7646923077 2 0 0 0 0 0 0 0 0 0
3 0.1045673077 0.7752403846 0.2091346154 0.2283653846 0.0548317308 0.8610192308 2 0 0.8047043269 2 0.2015456731 0.6772572115 2 0 0 0 0 0 0 0 0 0
3 0.0865384615 0.6502403846 0.1730769231 0.1418269231 0.0177836538 0.6935576923 2 0 0.6698461538 2 0.10521875 0.5794471154 2 0 0 0 0 0 0 0 0 0
3 0.1045673077 0.6802884615 0.2091346154 0.2019230769 0.0548317308 0.7528365385 2 0 0.6965216346 2 0.1911730769 0.5809278846 2 0 0 0 0 0 0 0 0 0
3 0.1961057692 0.7078846154 0.3096153846 0.2333173077 0.2005384615 0.6171394231 2 0.0592788462 0.7972956731 2 0.3408509615 0.7898846154 2 0 0 0 0 0 0 0 0 0
3 0.2124038462 0.6441346154 0.3096153846 0.1295673077 0.2119206731 0.5142403846 1 0.0755793269 0.6817019231 2 0.3452980769 0.6950408654 2 0 0 0 0 0 0 0 0 0
3 0.2420432692 0.8833413462 0.3096153846 0.2333173077 0.2464783654 0.7926129808 2 0.10521875 0.9727692308 2 0.3867908654 0.9653581731 2 0 0 0 0 0 0 0 0 0
3 0.1251923077 0.9151442308 0.2503846154 0.1697115385 0 0 0 0 0.9336346154 2 0.2356322115 0.8506466346 2 0 0 0 0 0 0 0 0 0
3 0.3267307692 0.9188581731 0.1822115385 0.1593509615 0 0 0 0.2623076923 0.8536105769 2 0.5364711538 0.8491634615 1 0 0 0 0 0 0 0 0 0
3 0.3252644231 0.8395673077 0.1822115385 0.2052884615 0.4045745192 0.9262259615 2 0.2608245192 0.7513533654 2 0.5349879808 0.7469086538 1 0 0 0 0 0 0 0 0 0
3 0.3096875 0.7550961538 0.2162980769 0.2052884615 0.3719711538 0.8417548077 2 0.2208125 0.6698461538 2 0.5023846154 0.6624375 1 0 0 0 0 0 0 0 0 0
3 0.3044951923 0.6728485577 0.2325961538 0.1830528846 0.3586346154 0.7483894231 2 0.2282211538 0.585375 2 0.4786730769 0.5631442308 1 0 0 0 0 0 0 0 0 0
3 0.3393509615 0.6313341346 0.1511057692 0.1059855769 0.3527067308 0.6683653846 2 0.2875 0.5809278846 1 0.4179134615 0.5794471154 1 0 0 0 0 0 0 0 0 0
3 0.7495913462 0.70203125 0.3007211538 0.2125721154 0.75728125 0.6150144231 2 0.6105673077 0.7928485577 2 0.8906586538 0.7972956731 2 0 0 0 0 0 0 0 0 0
3 0.7733173077 0.7820552885 0.3007211538 0.2125721154 0.7809927885 0.6950408654 2 0.6342788462 0.872875 2 0.9143701923 0.8773221154 2 0 0 0 0 0 0 0 0 0
3 0.7629326923 0.8813581731 0.3007211538 0.2125721154 0.7706201923 0.7943317308 2 0.62390625 0.9721658654 2 0.9039975962 0.9766129808 2 0 0 0 0 0 0 0 0 0
3 0.7692307692 0.9242788462 0.2692307692 0.1514423077 0.7617283654 0.8773221154 2 0.6654014423 1 2 0.8565745192 1 1 0 0 0 0 0 0 0 0 0
3 0.5631129808 0.7261899038 0.2904086538 0.2097355769 0.5542548077 0.8047043269 2 0.4208774038 0.6490985577 2 0.69059375 0.6342788462 2 0 0 0 0 0 0 0 0 0
3 0.5786778846 0.7899158654 0.3185576923 0.2245432692 0.5838918269 0.8758389423 2 0.4193942308 0.70096875 2 0.7202331731 0.7054134615 2 0 0 0 0 0 0 0 0 0
3 0.5949639423 0.8462259615 0.3481971154 0.2482692308 0.6209423077 0.9514182692 2 0.4401418269 0.7498725962 2 0.7602451923 0.7617283654 2 0 0 0 0 0 0 0 0 0
3 0.6186899038 0.9158774038 0.3481971154 0.1682451923 0 0 0 0.4638533654 0.8595384615 2 0.7691370192 0.8625024038 2 0 0 0 0 0 0 0 0 0
3 0.8870192308 0.8377403846 0.2259615385 0.2139423077 0.9260168269 0.9339591346 2 0.7807572115 0.7478485577 2 0 0 0 0 0 0 0 0 0 0 0 0
3 0.8870192308 0.9194711538 0.2259615385 0.1610576923 0 0 0 0.7807572115 0.8543774038 2 0 0 0 0 0 0 0 0 0 0 0 0
3 0.8814663462 0.7572596154 0.2370673077 0.2222115385 0.9146682692 0.8475673077 1 0.7694110577 0.6614567308 1 1 0.7296899038 2 0 0 0 0 0 0 0 0 0
