3 0.6163046875 0.3597890625 0.342765625 0.171015625 0.5578 0.43266875 2 0.77545625 0.4088765625 2 0.45381875 0.284628125 2 0 0 0 0 0 0 0 0 0
3 0.79078125 0.277390625 0.19825 0.19128125 0.708484375 0.2388046875 2 0.834496875 0.3639359375 2 0.884725 0.2009140625 2 0 0 0 0 0 0 0 0 0
3 0.7220625 0.263296875 0.19825 0.19128125 0.6397515625 0.22470625 2 0.7657625 0.3498359375 2 0.8098234375 0.176240625 2 0 0 0 0 0 0 0 0 0
3 0.757296875 0.2659375 0.19825 0.19128125 0.675 0.22735 2 0.8010109375 0.3524796875 2 0.8503578125 0.1824078125 2 0 0 0 0 0 0 0 0 0
3 0.6868125 0.253609375 0.19825 0.19128125 0.604503125 0.2150125 2 0.730515625 0.34014375 2 0.774575 0.166546875 2 0 0 0 0 0 0 0 0 0
3 0.65596875 0.245671875 0.19825 0.19128125 0.5736609375 0.20708125 2 0.6996734375 0.3322125 2 0.7437328125 0.158615625 2 0 0 0 0 0 0 0 0 0
3 0.623359375 0.240390625 0.19825 0.19128125 0.54105625 0.2017953125 2 0.66706875 0.326925 2 0.711128125 0.153328125 2 0 0 0 0 0 0 0 0 0
3 0.587234375 0.23421875 0.19825 0.19128125 0.504928125 0.1956265625 2 0.6309390625 0.32075625 2 0.675 0.1471609375 2 0 0 0 0 0 0 0 0 0
3 0.5585859375 0.227609375 0.200890625 0.1780625 0.4687984375 0.1824078125 2 0.59016875 0.310984375 2 0.6468015625 0.1401109375 2 0 0 0 0 0 0 0 0 0
3 0.5259921875 0.21615625 0.200890625 0.1780625 0.43619375 0.170953125 2 0.5575640625 0.299528125 2 0.618603125 0.1330609375 2 0 0 0 0 0 0 0 0 0
3 0.196609375 0.1847421875 0.14778125 0.369484375 0 0 0 0.2567390625 0.346209375 2 0 0 0 0 0 0 0 0 0 0 0 0
3 0.2368125 0.189921875 0.14778125 0.37984375 0.188871875 0.0092609375 2 0.2969359375 0.3565828125 2 0 0 0 0 0 0 0 0 0 0 0 0
3 0.271828125 0.1944609375 0.14 0.388921875 0.219990625 0.0183375 2 0.32805625 0.365659375 2 0 0 0 0 0 0 0 0 0 0 0 0
3 0.3152578125 0.1860390625 0.146484375 0.372078125 0.26796875 0.04038125 2 0.378625 0.3488015625 2 0 0 0 0 0 0 0 0 0 0 0 0
3 0.3567578125 0.1555625 0.112765625 0.311125 0.3263171875 0.04038125 2 0.40066875 0.265815625 2 0 0 0 0 0 0 0 0 0 0 0 0
3 0.1538203125 0.66471875 0.228171875 0.26834375 0.05920625 0.6163078125 2 0.1763453125 0.7870734375 2 0.25025625 0.5445984375 2 0 0 0 0 0 0 0 0 0
3 0.1899453125 0.9001953125 0.130921875 0.062171875 0.0479921875 0.9535765625 2 0 0 0 0.23385625 0.88575625 2 0 0 0 0 0 0 0 0 0
3 0.1717890625 0.88009375 0.182796875 0.07903125 0.055771875 0.92505 2 0 0 0 0.2416359375 0.857228125 2 0 0 0 0 0 0 0 0 0
3 0.14975 0.8580546875 0.2113125 0.089390625 0.0479921875 0.8978203125 2 0 0 0 0.23385625 0.8299984375 2 0 0 0 0 0 0 0 0 0
3 0.10565625 0.8450859375 0.2113125 0.089390625 0.00390625 0.884853125 2 0 0 0 0.1897703125 0.8170328125 2 0 0 0 0 0 0 0 0 0
3 0.3081328125 0.4877265625 0.082953125 0.080328125 0.225178125 0.34530625 1 0.3332421875 0.5212578125 2 0.4110421875 0.2774859375 1 0 0 0 0 0 0 0 0 0
3 0.27959375 0.49809375 0.11665625 0.12440625 0.2135078125 0.3777234375 1 0.321571875 0.553675 2 0.399371875 0.3099015625 1 0 0 0 0 0 0 0 0 0
3 0.2400546875 0.4844765625 0.099796875 0.115328125 0.16553125 0.35956875 1 0.2735953125 0.535521875 2 0.3513953125 0.2917484375 1 0 0 0 0 0 0 0 0 0
3 0.260796875 0.6763828125 0.094625 0.169796875 0.2329578125 0.6759546875 2 0.2774859375 0.74039375 2 0.3060125 0.6418484375 2 0 0 0 0 0 0 0 0 0
3 0.245890625 0.6873984375 0.1451875 0.220359375 0.1927625 0.6616921875 2 0.2671125 0.7715140625 2 0.3150890625 0.605540625 2 0 0 0 0 0 0 0 0 0
3 0.2277265625 0.6926015625 0.197046875 0.267046875 0.148675 0.6435390625 2 0.2580359375 0.8052265625 2 0.32286875 0.574421875 2 0 0 0 0 0 0 0 0 0
3 0.202453125 0.68028125 0.226875 0.276125 0.108478125 0.62668125 2 0.224321875 0.800040625 2 0.2943421875 0.5588609375 2 0 0 0 0 0 0 0 0 0
3 0.1959609375 0.4728046875 0.099796875 0.115328125 0.1214453125 0.3479 1 0.229509375 0.5238515625 2 0.307309375 0.280078125 1 0 0 0 0 0 0 0 0 0
3 0.8439609375 0.9109921875 0.170828125 0.178015625 0.778509375 0.8636546875 2 0.8397265625 0.9965984375 2 0.9283140625 0.84341875 2 0 0 0 0 0 0 0 0 0
3 0.8218203125 0.899921875 0.226203125 0.20015625 0.7360609375 0.8415078125 2 0.8013375 1 2 0.9374859375 0.81819375 2 0 0 0 0 0 0 0 0 0
3 0.8061328125 0.887921875 0.264953125 0.22415625 0.7009953125 0.817515625 2 0.7714421875 1 2 0.9356953125 0.7880515625 2 0 0 0 0 0 0 0 0 0
3 0.7784453125 0.844984375 0.298171875 0.19734375 0.656703125 0.7879875 2 0 0 0 0.92493125 0.76064375 2 0 0 0 0 0 0 0 0 0
3 0.7415390625 0.860671875 0.298171875 0.265625 0.6197921875 0.76953125 2 0.71484375 1 2 0.8880203125 0.7421875 2 0 0 0 0 0 0 0 0 0
3 0.7063828125 0.8378828125 0.298171875 0.282546875 0.5846359375 0.73828125 2 0.6796875 0.96875 2 0.8528640625 0.7109375 2 0 0 0 0 0 0 0 0 0
3 0.6640546875 0.8203046875 0.302078125 0.294265625 0.5169265625 0.7174484375 2 0.6471359375 0.9544265625 2 0.7981765625 0.68359375 2 0 0 0 0 0 0 0 0 0
