3 0.6654807692 0.8404807692 0.1329326923 0.2338942308 0.6150024038 0.8413173077 2 0.7142764423 0.7327860577 2 0.72353125 0.9481634615 2 0 0 0 0 0 0 0 0 0
3 0.5771394231 0.8379567308 0.1329326923 0.2338942308 0.5266634615 0.8387932692 2 0.6343533654 0.7319447115 2 0.6284639423 0.9515288462 2 0 0 0 0 0 0 0 0 0
3 0.6124759615 0.8345913462 0.1329326923 0.2338942308 0.5636826923 0.8371105769 2 0.6637980769 0.7268966346 2 0.6637980769 0.9481634615 2 0 0 0 0 0 0 0 0 0
3 0.5207692308 0.8354326923 0.1329326923 0.2423076923 0.4702956731 0.8320625 2 0.5779831731 0.7252139423 2 0.5729375 0.9490048077 2 0 0 0 0 0 0 0 0 0
3 0.4845913462 0.8329086538 0.1329326923 0.2423076923 0.4341201923 0.8295384615 2 0.5376009615 0.7285793269 2 0.5317115385 0.9405913462 2 0 0 0 0 0 0 0 0 0
3 0.4256971154 0.8295432692 0.1329326923 0.2423076923 0.3752283654 0.8286971154 2 0.4787091346 0.7252139423 2 0.4820745192 0.9389086538 2 0 0 0 0 0 0 0 0 0
3 0.4370552885 0.8240745192 0.1001201923 0.1539663462 0.4029903846 0.8312211538 2 0.4795504808 0.7529783654 2 0.4618822115 0.8934783654 2 0 0 0 0 0 0 0 0 0
3 0.5249759615 0.83921875 0.0807692308 0.1320913462 0.4946947115 0.8354278846 2 0.5493798077 0.7799014423 2 0.5502211538 0.8926370192 2 0 0 0 0 0 0 0 0 0
3 0.6196274038 0.8316466346 0.1001201923 0.1539663462 0.5855552885 0.8387932692 2 0.6545432692 0.7630745192 2 0.6360360577 0.8875889423 2 0 0 0 0 0 0 0 0 0
3 0.2847956731 0.7895793269 0.1893028846 0.3155048077 0.2120120192 0.7883125 2 0.3769086538 0.6494951923 2 0.3769086538 0.9262884615 2 0 0 0 0 0 0 0 0 0
3 0.2212740385 0.8068269231 0.2288461538 0.3331730769 0.1287211538 0.8202836538 2 0.3247475962 0.6520192308 2 0.3121274038 0.9641490385 2 0 0 0 0 0 0 0 0 0
3 0.1548076923 0.8359375 0.2288461538 0.3264423077 0.0622572115 0.8527692308 2 0.2641730769 0.6865144231 2 0.2456634615 0.9966346154 2 0 0 0 0 0 0 0 0 0
3 0.0799278846 0.8405649038 0.1598557692 0.3188701923 0 0 0 0.1548028846 0.6949278846 2 0.1320865385 1 2 0 0 0 0 0 0 0 0 0
3 0.70796875 0.3903846154 0.2061298077 0.284375 0.6150024038 0.4366442308 2 0.6831490385 0.2574423077 2 0.8042980769 0.5224567308 2 0 0 0 0 0 0 0 0 0
3 0.7512980769 0.3356971154 0.2120192308 0.3197115385 0.6553846154 0.3642908654 2 0.7588677885 0.1918197115 2 0.8455240385 0.4770264423 2 0 0 0 0 0 0 0 0 0
3 0.8354326923 0.3129807692 0.2120192308 0.3197115385 0.7437235577 0.3466225962 2 0.843 0.1691033654 2 0.9296538462 0.4543100962 2 0 0 0 0 0 0 0 0 0
3 0.8871754808 0.2902644231 0.2212740385 0.3197115385 0.8000913462 0.32390625 2 0.9018918269 0.1472307692 2 0.9860240385 0.4315961538 2 0 0 0 0 0 0 0 0 0
3 0.9093028846 0.2801682692 0.1813942308 0.3028846154 0.8320625 0.3121274038 2 0.9431153846 0.1463894231 2 0.9944350962 0.4240240385 2 0 0 0 0 0 0 0 0 0
3 0.9307572115 0.2688100962 0.1384855769 0.3037259615 0.87496875 0.3003509615 2 1 0.1261971154 2 1 0.3962596154 2 0 0 0 0 0 0 0 0 0
3 0.3041466346 0.3807091346 0.1573317308 0.2667067308 0.2355697115 0.3340024038 2 0.37775 0.2624903846 2 0.3760697115 0.4837572115 2 0 0 0 0 0 0 0 0 0
3 0.3222355769 0.3706129808 0.1161057692 0.1993990385 0.2801586538 0.3373677885 2 0.3802740385 0.2843653846 2 0.37775 0.4458990385 2 0 0 0 0 0 0 0 0 0
3 0.34453125 0.3609375 0.0715144231 0.1245192308 0.3247475962 0.3440985577 2 0.3794326923 0.3146514423 2 0.3785913462 0.3979423077 2 0 0 0 0 0 0 0 0 0
