1 0.69657173 0.3815891473 0.2029746835 0.4424031008 0.6969303797 0.1777596899 2 0.6074493671 0.1804341085 2 0.788592827 0.1764224806 2 0.6998396624 0.5934224806 2 0 0 0 0 0 0
1 0.6842088608 0.4109883721 0.1942405063 0.4450775194 0.6852911392 0.6067906977 2 0.5965379747 0.6188178295 2 0.7725886076 0.6041162791 2 0.6830886076 0.1940620155 2 0 0 0 0 0 0
1 0.798407173 0.3902713178 0.1884177215 0.4250387597 0.8002320675 0.5934224806 2 0.8911687764 0.5894147287 2 0.7122067511 0.5920891473 2 0.7994894515 0.1831162791 2 0 0 0 0 0 0
1 0.9092088608 0.4023062016 0.1815822785 0.4356976744 0.9115379747 0.6027790698 2 0.8235126582 0.6148100775 2 0.9981075949 0.6027790698 2 0.9137194093 0.191124031 2 0 0 0 0 0 0
1 0.8980801688 0.3762403101 0.1898734177 0.4370542636 0.898443038 0.1724147287 2 0.9908333333 0.1670658915 2 0.8089620253 0.1750852713 2 0.898443038 0.5934224806 2 0 0 0 0 0 0
1 0.6881962025 0.7952325581 0.1847890295 0.3368217054 0.6918375527 0.6455503876 2 0.6023565401 0.6482209302 2 0.7784092827 0.6348565891 2 0.6932932489 0.9529534884 2 0 0 0 0 0 0
1 0.8773523207 0.787248062 0.1847890295 0.3368217054 0.8809831224 0.6375310078 2 0.7915021097 0.6402015504 2 0.9675548523 0.6268372093 2 0.8824388186 0.9449341085 2 0 0 0 0 0 0
1 0.6740084388 0.8206589147 0.1840506329 0.3368217054 0.6772869198 0.9703294574 2 0.5892616034 0.973003876 2 0.7631308017 0.9689922481 2 0.678742616 0.6629224806 2 0 0 0 0 0 0
1 0.7853164557 0.8019379845 0.1840506329 0.3368217054 0.788592827 0.9516162791 2 0.7005675105 0.9542906977 2 0.8744367089 0.9502790698 2 0.7871371308 0.6415387597 2 0 0 0 0 0 0
1 0.8944303797 0.8059302326 0.1840506329 0.3368217054 0.8962616034 0.9582984496 2 0.8096898734 0.9663178295 2 0.9835590717 0.9542906977 2 0.893350211 0.6495581395 2 0 0 0 0 0 0
1 0.3451898734 0.258624031 0.1986075949 0.4504263566 0.3470105485 0.4651162791 2 0.2509831224 0.4717984496 2 0.4357637131 0.4637790698 2 0.3382805907 0.0427674419 2 0 0 0 0 0 0
1 0.320464135 0.2292054264 0.1986075949 0.4504263566 0.3222763713 0.0227209302 2 0.2247932489 0.0240581395 2 0.4110295359 0.0240581395 2 0.330278481 0.4530891473 2 0 0 0 0 0 0
1 0.2251687764 0.2519573643 0.1986075949 0.4504263566 0.2269746835 0.4584341085 2 0.1302194093 0.4637790698 2 0.3186392405 0.4544224806 2 0.215335443 0.0360852713 2 0 0 0 0 0 0
1 0.1072995781 0.2706395349 0.1986075949 0.4504263566 0.1091223629 0.4771434109 2 0.0130949367 0.4838294574 2 0.1978755274 0.4758100775 2 0.0952995781 0.0534612403 2 0 0 0 0 0 0
1 0.1072995781 0.2345542636 0.1986075949 0.461124031 0.1076687764 0.0227209302 2 0.0116392405 0.0240581395 2 0.1978755274 0.0240581395 2 0.120035865 0.4570968992 2 0 0 0 0 0 0
1 0.327742616 0.7290891473 0.1986075949 0.4504263566 0.3295506329 0.9355775194 2 0.2335232068 0.9422596899 2 0.4183037975 0.934244186 2 0.3208206751 0.5239224806 2 0 0 0 0 0 0
1 0.2091561181 0.719748062 0.1986075949 0.4504263566 0.2109704641 0.9262209302 2 0.114943038 0.9329069767 2 0.2997236287 0.9248875969 2 0.2022405063 0.5145697674 2 0 0 0 0 0 0
1 0.0934810127 0.7437790698 0.1869620253 0.4504263566 0.0894810127 0.9502790698 2 0.0021814346 0.9542906977 2 0.1782341772 0.9489457364 2 0.0785675105 0.538624031 2 0 0 0 0 0 0
1 0.1080379747 0.2345542636 0.2044303797 0.461124031 0.1069409283 0.0227209302 2 0.0094578059 0.0240581395 2 0.2058776371 0.0227209302 2 0.1207616034 0.4570968992 2 0 0 0 0 0 0
1 0.3066455696 0.7143992248 0.1986075949 0.4504263566 0.3077257384 0.5092209302 2 0.2109704641 0.5092209302 2 0.3972067511 0.5092209302 2 0.3157278481 0.9088488372 2 0 0 0 0 0 0
1 0.0993037975 0.719748062 0.1986075949 0.4504263566 0.1003924051 0.5145697674 2 0.0036371308 0.5145697674 2 0.1898734177 0.5145697674 2 0.1083945148 0.9141937984 2 0 0 0 0 0 0
