2 0.806402439 0.1518578431 0.1081010453 0.0664019608 0.8035644599 0.123654902 2 0.8524512195 0.1211676471 2 0.7524686411 0.1261421569 2 0.8079843206 0.1800833333 2 0.8582508711 0.1782176471 2 0.754402439 0.1825705882 2
2 0.751054007 0.1491715686 0.1107491289 0.065127451 0.7487125436 0.121727451 2 0.7992560976 0.1189294118 2 0.6962351916 0.1240588235 2 0.753684669 0.1775343137 2 0.8064372822 0.1755137255 2 0.7012073171 0.1797107843 2
2 0.6950174216 0.1552647059 0.1106968641 0.0635098039 0.6934738676 0.1276343137 2 0.7484372822 0.1254588235 2 0.6412735192 0.1295 2 0.6981689895 0.1839078431 2 0.7500940767 0.1825088235 2 0.6459686411 0.1851519608 2
2 0.7942508711 0.2268970588 0.1109756098 0.0654019608 0.7911916376 0.1981980392 2 0.8425627178 0.1967990196 2 0.739543554 0.1995970588 2 0.7945052265 0.2564921569 2 0.8453240418 0.2550931373 2 0.7434094077 0.2577352941 2
2 0.7370557491 0.226245098 0.1132404181 0.0648431373 0.7348484321 0.1969539216 2 0.7878763066 0.195554902 2 0.680989547 0.1986647059 2 0.7378850174 0.254004902 2 0.7922961672 0.2529166667 2 0.6834756098 0.2555598039 2
2 0.6812630662 0.2338921569 0.1110278746 0.0626078431 0.6776759582 0.2056598039 2 0.7290470383 0.2045715686 2 0.6268554007 0.2064372549 2 0.680989547 0.2620882353 2 0.7354006969 0.260845098 2 0.6298937282 0.2628656863 2
2 0.6919860627 0.3007696078 0.1165505226 0.0669313725 0.6906010453 0.2706598039 2 0.7452874564 0.2697264706 2 0.6337055749 0.2709705882 2 0.6933623693 0.3308186275 2 0.7486010453 0.3298862745 2 0.6359146341 0.3315960784 2
2 0.7507839721 0.2941421569 0.118815331 0.0674607843 0.7494303136 0.2644411765 2 0.8052212544 0.2627313725 2 0.6922578397 0.2655294118 2 0.7521916376 0.3242901961 2 0.8088118467 0.3227352941 2 0.6975052265 0.3261558824 2
2 0.8116376307 0.2970294118 0.1158885017 0.0672745098 0.8104686411 0.2663068627 2 0.8640505226 0.2658401961 2 0.7538484321 0.2677058824 2 0.8118501742 0.3277098039 2 0.8673641115 0.326777451 2 0.754402439 0.3287980392 2
2 0.7137543554 0.3843529412 0.1116898955 0.0636078431 0.7124198606 0.3549 2 0.7682108014 0.3547441176 2 0.6591149826 0.3555215686 2 0.7121445993 0.4142823529 2 0.7676585366 0.4142823529 2 0.6582857143 0.4144372549 2
2 0.771533101 0.3782696078 0.1132404181 0.064872549 0.7712491289 0.3494588235 2 0.8273170732 0.3488372549 2 0.7157351916 0.3496147059 2 0.7712491289 0.4080637255 2 0.8273170732 0.4075980392 2 0.7154581882 0.4086862745 2
2 0.8327090592 0.3814215686 0.115174216 0.0644705882 0.8317351916 0.3522568627 2 0.8880801394 0.3516352941 2 0.7776027875 0.3527235294 2 0.8317351916 0.411795098 2 0.8886324042 0.4110176471 2 0.7767735192 0.411795098 2
2 0.7143554007 0.4653186275 0.1082578397 0.0614215686 0.7129721254 0.4369607843 2 0.7679355401 0.4369607843 2 0.6610487805 0.4372715686 2 0.7135243902 0.493545098 2 0.7673832753 0.4937 2 0.6596672474 0.4940107843 2
2 0.7713066202 0.4612843137 0.1114634146 0.0608039216 0.7695923345 0.4332294118 2 0.8264878049 0.4330745098 2 0.7165627178 0.4332294118 2 0.7698675958 0.4890362745 2 0.8264878049 0.4888813725 2 0.7154581882 0.4890362745 2
2 0.8304703833 0.4653333333 0.1137979094 0.0629411765 0.829912892 0.4371156863 2 0.8870853659 0.43665 2 0.7755034843 0.4372715686 2 0.828533101 0.494322549 2 0.8840470383 0.4941666667 2 0.7735696864 0.4946333333 2
2 0.6013066202 0.4657892157 0.1135191638 0.0642254902 0.5978536585 0.4380490196 2 0.6544738676 0.4368058824 2 0.5456533101 0.4386715686 2 0.6036533101 0.4944784314 2 0.6564076655 0.4938568627 2 0.5486916376 0.4961882353 2
2 0.5443031359 0.4630686275 0.111533101 0.0625098039 0.5417874564 0.4352509804 2 0.5953675958 0.4341627451 2 0.489033101 0.4352509804 2 0.5456533101 0.4916803922 2 0.5989581882 0.4905921569 2 0.4893101045 0.4926127451 2
2 0.4887020906 0.4693823529 0.1116898955 0.0635686275 0.4859947735 0.4413137255 2 0.5409581882 0.4402254902 2 0.4335191638 0.4419352941 2 0.4901376307 0.4983647059 2 0.5439965157 0.4975872549 2 0.4373850174 0.4992970588 2
2 0.3914285714 0.4636127451 0.1126829268 0.0624803922 0.3889407666 0.4351588235 2 0.4419686411 0.4346921569 2 0.3359111498 0.4359362745 2 0.3944651568 0.4923647059 2 0.4455592334 0.4915872549 2 0.3395017422 0.4931421569 2
2 0.5978571429 0.3849411765 0.1105923345 0.0651568627 0.5957003484 0.3564245098 2 0.652043554 0.3556470588 2 0.5432229965 0.3567352941 2 0.5976324042 0.4150294118 2 0.6523188153 0.4145627451 2 0.5434982578 0.4151843137 2
2 0.5391376307 0.3814362745 0.1098083624 0.063754902 0.5388031359 0.351604902 2 0.593489547 0.35145 2 0.4846689895 0.3519156863 2 0.5398745645 0.4105872549 2 0.5943188153 0.4109872549 2 0.4857752613 0.4116088235 2
2 0.4815156794 0.3862598039 0.1112543554 0.0640686275 0.4810783972 0.3567352941 2 0.5352125436 0.3568901961 2 0.4272212544 0.3570460784 2 0.4824599303 0.4158068627 2 0.536869338 0.4159617647 2 0.4291550523 0.4161176471 2
2 0.5718118467 0.30275 0.1135191638 0.0678921569 0.5708414634 0.2726460784 2 0.6249756098 0.2714029412 2 0.5153275261 0.2734235294 2 0.5736045296 0.3331166667 2 0.6282909408 0.332495098 2 0.5175365854 0.3338941176 2
2 0.5126829268 0.2994656863 0.1152264808 0.0673039216 0.5120121951 0.2693823529 2 0.5672508711 0.267827451 2 0.4556689895 0.2700039216 2 0.5156027875 0.3303186275 2 0.5680801394 0.3296970588 2 0.4589843206 0.3309411765 2
2 0.456228223 0.3061323529 0.1143379791 0.0660882353 0.4548414634 0.2756 2 0.5067648084 0.2749784314 2 0.4001550523 0.276377451 2 0.4589843206 0.3362264706 2 0.5117369338 0.3359156863 2 0.4026393728 0.3368480392 2
2 0.5731271777 0.2337696078 0.107543554 0.0634803922 0.5702891986 0.20535 2 0.6233188153 0.2048843137 2 0.5205749129 0.2058166667 2 0.5733275261 0.2625568627 2 0.6255278746 0.2619343137 2 0.5211271777 0.2631784314 2
2 0.5165679443 0.2304705882 0.1090940767 0.0632352941 0.5153275261 0.2020852941 2 0.5686324042 0.2008421569 2 0.4625749129 0.2023970588 2 0.517261324 0.2596029412 2 0.5697369338 0.2583588235 2 0.4631271777 0.2603803922 2
2 0.4605836237 0.236377451 0.1111324042 0.0638529412 0.4598118467 0.2081480392 2 0.5147752613 0.2070598039 2 0.4056777003 0.2089254902 2 0.4625749129 0.2651990196 2 0.5161550523 0.264577451 2 0.4112020906 0.2659764706 2
2 0.5706968641 0.1537598039 0.1046689895 0.061245098 0.5697369338 0.1265509804 2 0.6211097561 0.1254627451 2 0.5183658537 0.1267058824 2 0.5702891986 0.1817362745 2 0.6216620209 0.1818911765 2 0.5189181185 0.1818911765 2
2 0.5159320557 0.1590539216 0.1064982578 0.0621470588 0.5147752613 0.1313696078 2 0.5675278746 0.1307480392 2 0.4631271777 0.1312147059 2 0.5161550523 0.1876431373 2 0.5683554007 0.1873323529 2 0.4656132404 0.1877980392 2
2 0.4071777003 0.1599852941 0.1183275261 0.0699705882 0.3994912892 0.1321696078 2 0.4486533101 0.1270392157 2 0.3483937282 0.137454902 2 0.4155087108 0.1864215686 2 0.4649477352 0.1811362745 2 0.3641376307 0.1924843137 2
2 0.3527090592 0.16025 0.120087108 0.069754902 0.3450801394 0.1329470588 2 0.3936898955 0.1267284314 2 0.2939843206 0.1385431373 2 0.3608240418 0.1871990196 2 0.4116428571 0.1816029412 2 0.3094512195 0.1932617647 2
2 0.3524216028 0.2352892157 0.106271777 0.0639117647 0.3492229965 0.207245098 2 0.4039094077 0.2060019608 2 0.3006132404 0.2075558824 2 0.3525383275 0.2639852941 2 0.4050139373 0.2633627451 2 0.3006132404 0.2644509804 2
2 0.2479529617 0.1613872549 0.1054529617 0.0623235294 0.2470853659 0.1337872549 2 0.2979059233 0.132854902 2 0.1954372822 0.1350313725 2 0.2487421603 0.1900607843 2 0.2998379791 0.189595098 2 0.1979233449 0.190527451 2
2 0.1948083624 0.1672254902 0.1045644599 0.0624509804 0.1937804878 0.1395392157 2 0.243771777 0.1389176471 2 0.1440662021 0.13985 2 0.1948850174 0.1950352941 2 0.2454285714 0.1945686275 2 0.1448937282 0.1958127451 2
2 0.2965505226 0.2324019608 0.1065505226 0.0629803922 0.2951428571 0.2045039216 2 0.3481724739 0.2035715686 2 0.243771777 0.2046588235 2 0.2962473868 0.2609323529 2 0.3490017422 0.2603107843 2 0.2429425087 0.2612431373 2
2 0.2423606272 0.2376764706 0.1055574913 0.0623529412 0.2410087108 0.209322549 2 0.2915522648 0.209322549 2 0.1893606272 0.2096333333 2 0.2432195122 0.2665284314 2 0.2945905923 0.2659068627 2 0.1912944251 0.2665284314 2
2 0.3434494774 0.3088627451 0.1135191638 0.0651960784 0.3411027875 0.2800519608 2 0.3955121951 0.2794303922 2 0.2872456446 0.2803637255 2 0.3449686411 0.3394343137 2 0.3991027875 0.3392794118 2 0.29028223 0.3394343137 2
2 0.2857578397 0.3051078431 0.113466899 0.0636666667 0.2844825784 0.2763215686 2 0.3383414634 0.275077451 2 0.2297961672 0.2761656863 2 0.2875209059 0.3349264706 2 0.3419303136 0.3347715686 2 0.2344912892 0.3349264706 2
2 0.2294947735 0.3105441176 0.1119163763 0.0643627451 0.2270418118 0.2812921569 2 0.2820836237 0.280872549 2 0.1772229965 0.2815029412 2 0.2302125436 0.3396803922 2 0.2841358885 0.3396803922 2 0.175543554 0.340204902 2
2 0.2828745645 0.3925392157 0.1129965157 0.0635490196 0.2781655052 0.3639294118 2 0.3324616725 0.3630892157 2 0.2261080139 0.3642441176 2 0.2848832753 0.4213735294 2 0.3384337979 0.4204284314 2 0.2313327526 0.4220039216 2
2 0.2256707317 0.3892843137 0.112804878 0.0620784314 0.2220034843 0.3614088235 2 0.2757404181 0.3600441176 2 0.1697595819 0.3617235294 2 0.227228223 0.4179078431 2 0.28021777 0.4174882353 2 0.1753571429 0.4186431373 2
2 0.1718031359 0.3954705882 0.1067421603 0.0636078431 0.1667665505 0.3662303922 2 0.2227839721 0.3659627451 2 0.1183780488 0.3659627451 2 0.171771777 0.4241892157 2 0.2246898955 0.424054902 2 0.1219529617 0.4243235294 2
2 0.1759930314 0.475377451 0.1117073171 0.0634215686 0.1710574913 0.4473901961 2 0.2254059233 0.4459147059 2 0.121 0.4480607843 2 0.1779703833 0.5040068627 2 0.2316027875 0.5034705882 2 0.1252891986 0.5052147059 2
2 0.2305487805 0.4701911765 0.1127003484 0.0629705882 0.2285052265 0.4411666667 2 0.2795156794 0.4407637255 2 0.1743954704 0.4415686275 2 0.2325574913 0.4976490196 2 0.284761324 0.4963078431 2 0.1817839721 0.4983196078 2
2 0.2881881533 0.4721862745 0.1118466899 0.0621960784 0.2838066202 0.4441176471 2 0.3369634146 0.4435813725 2 0.2349407666 0.4442519608 2 0.2900052265 0.5006009804 2 0.3436376307 0.4997960784 2 0.2361324042 0.5016735294 2
