1 0.7233046875 0.7545546875 0.360671875 0.420578125 0.7265625 0.9388015625 2 0.5520828125 0.9479171875 2 0.890625 0.9283859375 2 0.73046875 0.5598953125 2 0 0 0 0 0 0
1 0.28190625 0.7740859375 0.37109375 0.420578125 0.2799484375 0.9583328125 2 0.10546875 0.9674484375 2 0.4544265625 0.9505203125 2 0.2682296875 0.5794265625 2 0 0 0 0 0 0
1 0.3079375 0.7285234375 0.37109375 0.420578125 0.3059890625 0.5442703125 2 0.1276046875 0.55078125 2 0.4791671875 0.5377609375 2 0.3046875 0.9283859375 2 0 0 0 0 0 0
1 0.699875 0.7311171875 0.37109375 0.420578125 0.6979171875 0.546875 2 0.52734375 0.5494796875 2 0.87109375 0.5403640625 2 0.6940109375 0.921875 2 0 0 0 0 0 0
1 0.4902265625 0.7402421875 0.360671875 0.420578125 0.4934890625 0.9244796875 2 0.3190109375 0.93359375 2 0.6575515625 0.9140625 2 0.4973953125 0.5455734375 2 0 0 0 0 0 0
1 0.7806015625 0.2480546875 0.360671875 0.420578125 0.7838546875 0.4322921875 2 0.6158859375 0.4388015625 2 0.9544265625 0.4270828125 2 0.7916671875 0.0546875 2 0 0 0 0 0 0
1 0.3300703125 0.2636796875 0.360671875 0.420578125 0.3333328125 0.4479171875 2 0.1653640625 0.4544265625 2 0.50390625 0.4427078125 2 0.3359375 0.0598953125 2 0 0 0 0 0 0
1 0.5540390625 0.2350234375 0.360671875 0.420578125 0.5572921875 0.4192703125 2 0.3893234375 0.42578125 2 0.7278640625 0.4140625 2 0.5651046875 0.0416671875 2 0 0 0 0 0 0
1 0.37565625 0.2272109375 0.37109375 0.420578125 0.3736984375 0.04296875 2 0.203125 0.0455734375 2 0.546875 0.0364578125 2 0.3697921875 0.41796875 2 0 0 0 0 0 0
1 0.763671875 0.2193984375 0.37109375 0.420578125 0.76171875 0.03515625 2 0.5911453125 0.0377609375 2 0.9348953125 0.0286453125 2 0.7578125 0.41015625 2 0 0 0 0 0 0
