0 0.5295833333 0.3953806584 0.0379259259 0.035617284 0.5480638889 0.3780164609 2 0.5110962963 0.3780164609 2 0.5110962963 0.4127283951 2 0.5480638889 0.4127283951 2 0 0 0 0 0 0
0 0.5348425926 0.3913580247 0.0358148148 0.0326337449 0.5523046296 0.4072530864 2 0.5173898148 0.4072530864 2 0.5523046296 0.3756666667 2 0.5523046296 0.3754465021 2 0 0 0 0 0 0
0 0.5655462963 0.399382716 0.0322037037 0.0316049383 0.5812444444 0.3839855967 2 0.5498509259 0.3839855967 2 0.5812444444 0.4145720165 2 0.5812444444 0.4147860082 2 0 0 0 0 0 0
0 0.574125 0.3931893004 0.0385277778 0.0309465021 0.5929027778 0.4082777778 2 0.5553481481 0.4082777778 2 0.5929027778 0.3783106996 2 0.5929027778 0.3781028807 2 0 0 0 0 0 0
0 0.5316898148 0.3602469136 0.0349166667 0.0255555556 0.5487037037 0.3477901235 2 0.5146703704 0.3477901235 2 0.5487037037 0.3725329218 2 0.5487037037 0.3727057613 2 0 0 0 0 0 0
0 0.5378564815 0.3535493827 0.0364166667 0.027962963 0.5556074074 0.36718107 2 0.5201064815 0.36718107 2 0.5556074074 0.3401111111 2 0.5556074074 0.3399238683 2 0 0 0 0 0 0
0 0.5693148148 0.3592386831 0.0343148148 0.0275720165 0.5860333333 0.345808642 2 0.5525861111 0.345808642 2 0.5860333333 0.3724938272 2 0.5860333333 0.37268107 2 0 0 0 0 0 0
0 0.5745787037 0.3553909465 0.0340092593 0.0262962963 0.5911537037 0.3682057613 2 0.558 0.3682057613 2 0.5911537037 0.342755144 2 0.5911537037 0.3425781893 2 0 0 0 0 0 0
0 0.5337962963 0.3242901235 0.0355185185 0.0278806584 0.5511037037 0.3106995885 2 0.5164833333 0.3106995885 2 0.5511037037 0.3376934156 2 0.5511037037 0.3378806584 2 0 0 0 0 0 0
0 0.5401111111 0.3216049383 0.0355185185 0.0336625514 0.557425 0.3380144033 2 0.5228037037 0.3380144033 2 0.557425 0.3054259259 2 0.557425 0.3051995885 2 0 0 0 0 0 0
0 0.5706666667 0.3247942387 0.0334074074 0.026872428 0.5869481481 0.3116893004 2 0.5543805556 0.3116893004 2 0.5869481481 0.3377119342 2 0.5869481481 0.3378930041 2 0 0 0 0 0 0
0 0.5769814815 0.3201131687 0.0334074074 0.0266460905 0.5932685185 0.3330864198 2 0.5607018519 0.3330864198 2 0.5932685185 0.3072983539 2 0.5932685185 0.3071193416 2 0 0 0 0 0 0
0 0.5359027778 0.29218107 0.0288981481 0.0318930041 0.5499833333 0.2766378601 2 0.5218175926 0.2766378601 2 0.5499833333 0.3075041152 2 0.5499833333 0.307718107 2 0 0 0 0 0 0
0 0.5422268519 0.2881584362 0.0325092593 0.0283333333 0.5580648148 0.301962963 2 0.5263777778 0.301962963 2 0.5580648148 0.2745432099 2 0.5580648148 0.2743518519 2 0 0 0 0 0 0
0 0.5690138889 0.2930041152 0.033712963 0.0275308642 0.5854388889 0.2795925926 2 0.5525787037 0.2795925926 2 0.5854388889 0.3062510288 2 0.5854388889 0.306436214 2 0 0 0 0 0 0
0 0.5755601852 0.2879938272 0.0314537037 0.0266460905 0.5908851852 0.3009814815 2 0.560225 0.3009814815 2 0.5908851852 0.2751790123 2 0.5908851852 0.275 2 0 0 0 0 0 0
0 0.6170185185 0.2875102881 0.0358148148 0.0345679012 0.6344731481 0.2706522634 2 0.5995583333 0.2706522634 2 0.6344731481 0.3041069959 2 0.6344731481 0.3043395062 2 0 0 0 0 0 0
0 0.6225092593 0.2817901235 0.0332592593 0.0330041152 0.6387185185 0.2978909465 2 0.6062981481 0.2978909465 2 0.6387185185 0.2659341564 2 0.6387185185 0.2657119342 2 0 0 0 0 0 0
0 0.653587963 0.2896707819 0.0349166667 0.0328806584 0.6706018519 0.2736399177 2 0.6365685185 0.2736399177 2 0.6706018519 0.3054773663 2 0.6706018519 0.3056995885 2 0 0 0 0 0 0
0 0.6575740741 0.2866563786 0.0311481481 0.0333539095 0.6727564815 0.3029032922 2 0.6423898148 0.3029032922 2 0.6727564815 0.2706255144 2 0.6727564815 0.270399177 2 0 0 0 0 0 0
0 0.6153657407 0.3246296296 0.0361203704 0.0285596708 0.6329638889 0.3107078189 2 0.5977564815 0.3107078189 2 0.6329638889 0.3383497942 2 0.6329638889 0.3385411523 2 0 0 0 0 0 0
0 0.6219027778 0.3201028807 0.0374722222 0.0306584362 0.6401703704 0.3350432099 2 0.6036425926 0.3350432099 2 0.6401703704 0.3053683128 2 0.6401703704 0.3051625514 2 0 0 0 0 0 0
0 0.6526851852 0.3276234568 0.0331111111 0.0305555556 0.6688185185 0.3127386831 2 0.6365453704 0.3127386831 2 0.6688185185 0.3423251029 2 0.6688185185 0.3425308642 2 0 0 0 0 0 0
0 0.6590046296 0.323117284 0.0313055556 0.032654321 0.6742592593 0.3390308642 2 0.6437462963 0.3390308642 2 0.6742592593 0.3074135802 2 0.6742592593 0.3071934156 2 0 0 0 0 0 0
0 0.6179953704 0.3594238683 0.0314537037 0.0299176955 0.6333240741 0.3448353909 2 0.6026638889 0.3448353909 2 0.6333240741 0.3737880658 2 0.6333240741 0.3739897119 2 0 0 0 0 0 0
0 0.6238611111 0.3535596708 0.0323518519 0.0319753086 0.6396333333 0.3691378601 2 0.6080925926 0.3691378601 2 0.6396333333 0.33818107 2 0.6396333333 0.3379670782 2 0 0 0 0 0 0
0 0.6535092593 0.358909465 0.0356666667 0.0309053498 0.6708935185 0.343845679 2 0.6361259259 0.343845679 2 0.6708935185 0.3737674897 2 0.6708935185 0.3739773663 2 0 0 0 0 0 0
0 0.6585462963 0.3548868313 0.0322037037 0.0333127572 0.6742481481 0.371127572 2 0.6428546296 0.371127572 2 0.6742481481 0.3388765432 2 0.6742481481 0.3386522634 2 0 0 0 0 0 0
0 0.6146064815 0.3983744856 0.0291944444 0.0295884774 0.628837963 0.3839588477 2 0.6003777778 0.3839588477 2 0.628837037 0.4126049383 2 0.628837963 0.4128024691 2 0 0 0 0 0 0
0 0.6210046296 0.3940329218 0.03025 0.035308642 0.6357472222 0.4112325103 2 0.6062601852 0.4112325103 2 0.6357472222 0.3770555556 2 0.6357472222 0.37681893 2 0 0 0 0 0 0
0 0.6492962963 0.3977057613 0.034462963 0.0282510288 0.6660935185 0.3839423868 2 0.6324990741 0.3839423868 2 0.6660925926 0.4112921811 2 0.6660935185 0.4114814815 2 0 0 0 0 0 0
0 0.6552407407 0.3903395062 0.031 0.0346296296 0.67035 0.4072283951 2 0.6401305556 0.4072283951 2 0.6703509259 0.3736975309 2 0.67035 0.3734650206 2 0 0 0 0 0 0
0 0.4232592593 0.2767078189 0.0341666667 0.0338683128 0.4399074074 0.2932119342 2 0.4066046296 0.2932119342 2 0.4399074074 0.2604197531 2 0.4399074074 0.260191358 2 0 0 0 0 0 0
0 0.4279583333 0.2812242798 0.0381388889 0.0294032922 0.4465453704 0.2668950617 2 0.4093657407 0.2668950617 2 0.4465453704 0.2953641975 2 0.4465453704 0.2955617284 2 0 0 0 0 0 0
0 0.4610787037 0.2739814815 0.0366018519 0.0332716049 0.4789212963 0.2902078189 2 0.4432398148 0.2902078189 2 0.4789212963 0.2579958848 2 0.4789212963 0.2577736626 2 0 0 0 0 0 0
0 0.4658287037 0.2790123457 0.0336203704 0.0322222222 0.482212963 0.2633148148 2 0.4494388889 0.2633148148 2 0.482212963 0.2945061728 2 0.482212963 0.2947222222 2 0 0 0 0 0 0
0 0.4255138889 0.3114506173 0.0343425926 0.0294444444 0.4422546296 0.3258045267 2 0.4087759259 0.3258045267 2 0.4422546296 0.2973065844 2 0.4422546296 0.2971069959 2 0 0 0 0 0 0
0 0.4303935185 0.317191358 0.0397685185 0.0266049383 0.4497787037 0.304218107 2 0.4110138889 0.304218107 2 0.4497787037 0.3299794239 2 0.4497787037 0.3301584362 2 0 0 0 0 0 0
0 0.4630648148 0.3093518519 0.0340740741 0.0324485597 0.4796759259 0.3251646091 2 0.446462037 0.3251646091 2 0.4796768519 0.2937469136 2 0.4796759259 0.2935288066 2 0 0 0 0 0 0
0 0.467587963 0.3141769547 0.0322685185 0.0326337449 0.4833148148 0.2982674897 2 0.451862037 0.2982674897 2 0.4833148148 0.3298621399 2 0.4833148148 0.3300823045 2 0 0 0 0 0 0
0 0.4279537037 0.3466152263 0.0370555556 0.0338477366 0.4460166667 0.3631069959 2 0.4098944444 0.3631069959 2 0.4460166667 0.3303436214 2 0.4460166667 0.330117284 2 0 0 0 0 0 0
0 0.4316666667 0.3525514403 0.037962963 0.0298353909 0.450162963 0.338 2 0.4131601852 0.338 2 0.450162963 0.3668888889 2 0.450162963 0.367090535 2 0 0 0 0 0 0
0 0.4648287037 0.3459979424 0.0338055556 0.0350411523 0.4813064815 0.3630925926 2 0.4483564815 0.3630925926 2 0.4813064815 0.3291625514 2 0.4813064815 0.3289259259 2 0 0 0 0 0 0
0 0.468537037 0.3519547325 0.032537037 0.0286419753 0.4843953704 0.3379855967 2 0.4526787037 0.3379855967 2 0.4843953704 0.3657057613 2 0.4843953704 0.365899177 2 0 0 0 0 0 0
0 0.4263333333 0.3816666667 0.0348888889 0.0324279835 0.4433324074 0.3974711934 2 0.409325 0.3974711934 2 0.4433324074 0.3660823045 2 0.4433324074 0.3658641975 2 0 0 0 0 0 0
0 0.4298981481 0.3877057613 0.0371481481 0.0278395062 0.4480037037 0.374127572 2 0.4117935185 0.374127572 2 0.4480037037 0.4010864198 2 0.4480037037 0.4012736626 2 0 0 0 0 0 0
0 0.4622083333 0.3817695473 0.0350648148 0.028600823 0.4793027778 0.3957098765 2 0.4451185185 0.3957098765 2 0.4793018519 0.3680185185 2 0.4793027778 0.3678271605 2 0 0 0 0 0 0
0 0.4681759259 0.3883127572 0.0361481481 0.0290534979 0.4857962963 0.3741440329 2 0.4505546296 0.3741440329 2 0.4857962963 0.4022695473 2 0.4857962963 0.4024650206 2 0 0 0 0 0 0
0 0.3426342593 0.282037037 0.0366944444 0.0292592593 0.3605203704 0.2962839506 2 0.3247509259 0.2962839506 2 0.3605203704 0.2679650206 2 0.3605203704 0.2677695473 2 0 0 0 0 0 0
0 0.3461574074 0.2858539095 0.0394074074 0.0314197531 0.3653666667 0.2705349794 2 0.3269546296 0.2705349794 2 0.3653666667 0.3009526749 2 0.3653666667 0.3011625514 2 0 0 0 0 0 0
0 0.3798703704 0.2802160494 0.0341666667 0.0328600823 0.3965240741 0.2962366255 2 0.3632212963 0.2962366255 2 0.3965240741 0.2644176955 2 0.3965240741 0.2641975309 2 0 0 0 0 0 0
0 0.3852037037 0.2833333333 0.0339814815 0.0324279835 0.4017685185 0.2675349794 2 0.3686416667 0.2675349794 2 0.4017685185 0.2989238683 2 0.4017685185 0.2991419753 2 0 0 0 0 0 0
0 0.3461203704 0.3153703704 0.0333518519 0.0348559671 0.3623703704 0.3323641975 2 0.3298601852 0.3323641975 2 0.3623703704 0.2986152263 2 0.3623703704 0.298382716 2 0 0 0 0 0 0
0 0.349412037 0.3218106996 0.0350648148 0.0310288066 0.3665064815 0.3066831276 2 0.3323222222 0.3066831276 2 0.3665064815 0.3367263374 2 0.3665064815 0.3369341564 2 0 0 0 0 0 0
0 0.3803657407 0.3140740741 0.0335277778 0.0314403292 0.396712963 0.3293950617 2 0.3640268519 0.3293950617 2 0.396712963 0.2989526749 2 0.396712963 0.2987407407 2 0 0 0 0 0 0
0 0.3851111111 0.3201954733 0.0316296296 0.0350411523 0.4005333333 0.3031193416 2 0.3696972222 0.3031193416 2 0.4005333333 0.3370493827 2 0.4005333333 0.3372860082 2 0 0 0 0 0 0
0 0.3469259259 0.353436214 0.0338888889 0.0346502058 0.3634481481 0.3703271605 2 0.3304092593 0.3703271605 2 0.3634481481 0.3367901235 2 0.3634481481 0.3365576132 2 0 0 0 0 0 0
0 0.352125 0.3551646091 0.0350648148 0.0350617284 0.3692175926 0.3380658436 2 0.3350342593 0.3380658436 2 0.3692175926 0.3720123457 2 0.3692175926 0.3722489712 2 0 0 0 0 0 0
0 0.3838055556 0.3518415638 0.0338888889 0.0354526749 0.4003240741 0.3691131687 2 0.3672851852 0.3691131687 2 0.4003240741 0.3347962963 2 0.4003240741 0.3345576132 2 0 0 0 0 0 0
0 0.3882361111 0.3549485597 0.0351574074 0.0322427984 0.4053694444 0.3392366255 2 0.3710972222 0.3392366255 2 0.4053694444 0.3704588477 2 0.4053694444 0.3706769547 2 0 0 0 0 0 0
0 0.3504953704 0.393127572 0.0350648148 0.0338683128 0.3675907407 0.3766152263 2 0.3334074074 0.3766152263 2 0.3334074074 0.4096378601 2 0.3675907407 0.4096378601 2 0 0 0 0 0 0
0 0.3453055556 0.3849794239 0.0317222222 0.0269958848 0.3607638889 0.3981419753 2 0.3298398148 0.3981419753 2 0.3607638889 0.3720061728 2 0.3607638889 0.3718251029 2 0 0 0 0 0 0
0 0.3819490741 0.3876954733 0.0350648148 0.03 0.3990435185 0.4023209877 2 0.3648592593 0.4023209877 2 0.3990435185 0.3732695473 2 0.3990435185 0.3730679012 2 0 0 0 0 0 0
0 0.3887268519 0.3935185185 0.0366944444 0.0322633745 0.4066148148 0.3777983539 2 0.3708453704 0.3777983539 2 0.4066148148 0.4090390947 2 0.4066148148 0.409255144 2 0 0 0 0 0 0
0 0.5964259259 0.456100823 0.038462963 0.027962963 0.615175 0.4697386831 2 0.5776833333 0.4697386831 2 0.615175 0.4426687243 2 0.615175 0.4424794239 2 0 0 0 0 0 0
0 0.6009907407 0.4643621399 0.039 0.0350617284 0.6199990741 0.4472777778 2 0.5819833333 0.4472777778 2 0.6199990741 0.4812201646 2 0.6199990741 0.4814567901 2 0 0 0 0 0 0
0 0.6329722222 0.459382716 0.0326481481 0.034526749 0.6488805556 0.4762160494 2 0.6170555556 0.4762160494 2 0.6488805556 0.4427942387 2 0.6488805556 0.4425617284 2 0 0 0 0 0 0
0 0.6384675926 0.4625720165 0.0334537037 0.036255144 0.6547740741 0.4449074074 2 0.6221638889 0.4449074074 2 0.6547740741 0.4800041152 2 0.6547740741 0.4802489712 2 0 0 0 0 0 0
0 0.5990231481 0.4953703704 0.0361388889 0.0341152263 0.6166361111 0.512 2 0.5814101852 0.512 2 0.6166361111 0.4789794239 2 0.6166361111 0.4787489712 2 0 0 0 0 0 0
0 0.6043009259 0.4991563786 0.0381018519 0.0306995885 0.6228722222 0.4841934156 2 0.5857287037 0.4841934156 2 0.6228722222 0.5139176955 2 0.6228722222 0.5141234568 2 0 0 0 0 0 0
0 0.6364537037 0.4929835391 0.0331851852 0.0293415638 0.6526305556 0.5072880658 2 0.6202824074 0.5072880658 2 0.6526305556 0.4788868313 2 0.6526305556 0.4786893004 2 0 0 0 0 0 0
0 0.643212963 0.4967695473 0.0311296296 0.0306995885 0.6583814815 0.481808642 2 0.628037963 0.481808642 2 0.6583814815 0.5115308642 2 0.6583814815 0.5117386831 2 0 0 0 0 0 0
0 0.6082314815 0.5316563786 0.0363148148 0.0319135802 0.6259361111 0.5472098765 2 0.5905361111 0.5472098765 2 0.6259361111 0.5163209877 2 0.6259361111 0.5161069959 2 0 0 0 0 0 0
0 0.6119027778 0.5367386831 0.037212963 0.0319135802 0.6300388889 0.5211790123 2 0.5937675926 0.5211790123 2 0.6300388889 0.5520740741 2 0.6300388889 0.5522880658 2 0 0 0 0 0 0
0 0.6433472222 0.5327572016 0.0308611111 0.0332921811 0.6583842593 0.5489814815 2 0.6283037037 0.5489814815 2 0.6583842593 0.516744856 2 0.6583842593 0.5165205761 2 0 0 0 0 0 0
0 0.6472314815 0.5347530864 0.0295185185 0.0303292181 0.6616212963 0.5199670782 2 0.6328481481 0.5199670782 2 0.6616212963 0.5493209877 2 0.6616212963 0.5495246914 2 0 0 0 0 0 0
0 0.61275 0.5701337449 0.0362222222 0.0324897119 0.6304092593 0.5859609053 2 0.5950972222 0.5859609053 2 0.6304092593 0.5545123457 2 0.6304092593 0.5542942387 2 0 0 0 0 0 0
0 0.6167361111 0.5757098765 0.037212963 0.0335185185 0.6348694444 0.5593641975 2 0.5985981481 0.5593641975 2 0.6348694444 0.5918148148 2 0.6348694444 0.5920390947 2 0 0 0 0 0 0
0 0.648037037 0.5712242798 0.0300555556 0.0315020576 0.662687963 0.5865699588 2 0.6333916667 0.5865699588 2 0.662687963 0.5560843621 2 0.662687963 0.555872428 2 0 0 0 0 0 0
0 0.6526898148 0.5747222222 0.0307685185 0.0315432099 0.667687963 0.5593395062 2 0.6376944444 0.5593395062 2 0.667687963 0.5898641975 2 0.667687963 0.5900761317 2 0 0 0 0 0 0
0 0.5056435185 0.4671502058 0.0329166667 0.0297325103 0.5216842593 0.4816419753 2 0.4895981481 0.4816419753 2 0.5216842593 0.4528497942 2 0.5216842593 0.4526502058 2 0 0 0 0 0 0
0 0.5106435185 0.4703395062 0.0354166667 0.0291152263 0.5279138889 0.4561460905 2 0.4933861111 0.4561460905 2 0.5279138889 0.4843251029 2 0.5279138889 0.4845205761 2 0 0 0 0 0 0
0 0.5406574074 0.4676440329 0.0315740741 0.0299382716 0.5560490741 0.4822366255 2 0.5252703704 0.4822366255 2 0.5560490741 0.4532510288 2 0.5560490741 0.4530493827 2 0 0 0 0 0 0
0 0.5465231481 0.468744856 0.0288055556 0.0306995885 0.5605555556 0.453781893 2 0.5324805556 0.453781893 2 0.5605555556 0.4834979424 2 0.5605555556 0.4837057613 2 0 0 0 0 0 0
0 0.506537037 0.5010493827 0.0336296296 0.0299176955 0.5229277778 0.5156296296 2 0.4901435185 0.5156296296 2 0.5229277778 0.4866584362 2 0.5229277778 0.4864567901 2 0 0 0 0 0 0
0 0.5118518519 0.5047325103 0.0372962963 0.0334979424 0.530037037 0.4884032922 2 0.4936777778 0.4884032922 2 0.530037037 0.5208292181 2 0.530037037 0.5210555556 2 0 0 0 0 0 0
0 0.5419537037 0.4991563786 0.0304074074 0.0325102881 0.5567787037 0.515 2 0.5271333333 0.515 2 0.5567787037 0.483526749 2 0.5567787037 0.483308642 2 0 0 0 0 0 0
0 0.5479537037 0.5036419753 0.0305925926 0.0301234568 0.5628592593 0.4889567901 2 0.5330398148 0.4889567901 2 0.5628592593 0.5181111111 2 0.5628592593 0.5183127572 2 0 0 0 0 0 0
0 0.509087963 0.5353395062 0.0338981481 0.0269341564 0.5256074074 0.5484650206 2 0.492562037 0.5484650206 2 0.5256074074 0.5223950617 2 0.5256074074 0.5222139918 2 0 0 0 0 0 0
0 0.5148055556 0.5409156379 0.0378333333 0.0319135802 0.53325 0.5253539095 2 0.4963685185 0.5253539095 2 0.53325 0.5562572016 2 0.53325 0.5564711934 2 0 0 0 0 0 0
0 0.5440138889 0.5369341564 0.0313055556 0.0309053498 0.5592722222 0.5519917695 2 0.5287546296 0.5519917695 2 0.5592722222 0.5220740741 2 0.5592722222 0.5218662551 2 0 0 0 0 0 0
0 0.5525092593 0.538436214 0.0332777778 0.0305349794 0.5687287037 0.5235473251 2 0.5362935185 0.5235473251 2 0.5687287037 0.553100823 2 0.5687287037 0.5533065844 2 0 0 0 0 0 0
0 0.5121203704 0.5713271605 0.0356851852 0.0312962963 0.5295203704 0.5865740741 2 0.4947314815 0.5865740741 2 0.5295203704 0.5562839506 2 0.5295203704 0.5560740741 2 0 0 0 0 0 0
0 0.5173564815 0.5758950617 0.0370277778 0.0303497942 0.5354074074 0.5611131687 2 0.4993101852 0.5611131687 2 0.5354074074 0.5904897119 2 0.5354074074 0.5906934156 2 0 0 0 0 0 0
0 0.5480416667 0.5717283951 0.0318425926 0.0304938272 0.5635583333 0.5865843621 2 0.5325185185 0.5865843621 2 0.5635583333 0.5570658436 2 0.5635583333 0.5568600823 2 0 0 0 0 0 0
0 0.5536712963 0.5755967078 0.0323796296 0.0285596708 0.5694555556 0.5616872428 2 0.5378916667 0.5616872428 2 0.5694555556 0.5893312757 2 0.5694555556 0.5895226337 2 0 0 0 0 0 0
0 0.4221898148 0.4642695473 0.0334537037 0.0283333333 0.4384925926 0.4780823045 2 0.4058824074 0.4780823045 2 0.4384925926 0.4506481481 2 0.4384925926 0.4504588477 2 0 0 0 0 0 0
0 0.4271898148 0.4677572016 0.0348796296 0.0370781893 0.4441990741 0.4496872428 2 0.4101944444 0.4496872428 2 0.4441990741 0.4855761317 2 0.4441990741 0.4858251029 2 0 0 0 0 0 0
0 0.4565787037 0.4657613169 0.0308611111 0.0289300412 0.4716203704 0.4798641975 2 0.4415388889 0.4798641975 2 0.4716203704 0.4518539095 2 0.4716203704 0.4516584362 2 0 0 0 0 0 0
0 0.4619027778 0.4690432099 0.0302314815 0.0336831276 0.476637037 0.4526255144 2 0.4471666667 0.4526255144 2 0.476637037 0.4852427984 2 0.476637037 0.4854711934 2 0 0 0 0 0 0
0 0.4203101852 0.5019444444 0.0296944444 0.0305144033 0.4347824074 0.5168148148 2 0.4058351852 0.5168148148 2 0.4347824074 0.4872798354 2 0.4347824074 0.4870740741 2 0 0 0 0 0 0
0 0.4271018519 0.5051337449 0.0336296296 0.0283333333 0.4434990741 0.49131893 2 0.4107148148 0.49131893 2 0.4434990741 0.518755144 2 0.4434990741 0.5189465021 2 0 0 0 0 0 0
0 0.454787037 0.5027263374 0.0305 0.028909465 0.4696564815 0.5168353909 2 0.4399240741 0.5168353909 2 0.4696564815 0.4888395062 2 0.4696564815 0.4886460905 2 0 0 0 0 0 0
0 0.4615462963 0.5058333333 0.0316666667 0.0285390947 0.4769768519 0.4919176955 2 0.4461111111 0.4919176955 2 0.4769768519 0.5195473251 2 0.4769768519 0.5197386831 2 0 0 0 0 0 0
0 0.4255462963 0.5342386831 0.0353333333 0.0290946502 0.442762037 0.548436214 2 0.4083212963 0.548436214 2 0.442762037 0.5202633745 2 0.442762037 0.5200679012 2 0 0 0 0 0 0
0 0.4325601852 0.5393312757 0.0348796296 0.0251646091 0.4495657407 0.5270576132 2 0.4155611111 0.5270576132 2 0.4495657407 0.5514279835 2 0.4495657407 0.5515987654 2 0 0 0 0 0 0
0 0.4614537037 0.5353497942 0.0325555556 0.0257201646 0.4773231481 0.547882716 2 0.4455851852 0.547882716 2 0.4773231481 0.5229814815 2 0.4773231481 0.522808642 2 0 0 0 0 0 0
0 0.4679814815 0.5372427984 0.0305925926 0.0245679012 0.4828935185 0.5252613169 2 0.4530740741 0.5252613169 2 0.4828935185 0.5490534979 2 0.4828935185 0.549218107 2 0 0 0 0 0 0
0 0.4346666667 0.5668621399 0.0353333333 0.0259053498 0.4518851852 0.5794855967 2 0.4174444444 0.5794855967 2 0.4518851852 0.5544053498 2 0.4518851852 0.5542304527 2 0 0 0 0 0 0
0 0.4395 0.5729320988 0.0364074074 0.0351234568 0.4572388889 0.5558065844 2 0.4217518519 0.5558065844 2 0.4572388889 0.5898148148 2 0.4572388889 0.5900514403 2 0 0 0 0 0 0
0 0.4698148148 0.5677572016 0.0305 0.0276954733 0.4846842593 0.5812510288 2 0.4549518519 0.5812510288 2 0.4846842593 0.5544382716 2 0.4846842593 0.5542530864 2 0 0 0 0 0 0
0 0.4741990741 0.5729320988 0.0306759259 0.027962963 0.4891537037 0.5592942387 2 0.4592472222 0.5592942387 2 0.4891537037 0.586372428 2 0.4891537037 0.5865617284 2 0 0 0 0 0 0
0 0.3339027778 0.4639711934 0.0334537037 0.0337037037 0.3502083333 0.480399177 2 0.3175990741 0.480399177 2 0.3502083333 0.4477654321 2 0.3502083333 0.4475390947 2 0 0 0 0 0 0
0 0.3407037037 0.4662654321 0.0363148148 0.0340946502 0.3584018519 0.4496502058 2 0.3230018519 0.4496502058 2 0.3584018519 0.4826481481 2 0.3584018519 0.4828765432 2 0 0 0 0 0 0
0 0.3700462963 0.4613786008 0.0327407407 0.0293415638 0.3859962963 0.4756851852 2 0.3540842593 0.4756851852 2 0.3859962963 0.4472839506 2 0.3859962963 0.4470864198 2 0 0 0 0 0 0
0 0.3757222222 0.4653703704 0.0296111111 0.0334979424 0.39015 0.4490452675 2 0.3612898148 0.4490452675 2 0.39015 0.4814650206 2 0.39015 0.481691358 2 0 0 0 0 0 0
0 0.3361851852 0.4983641975 0.0321111111 0.0293209877 0.3518351852 0.5126563786 2 0.3205333333 0.5126563786 2 0.3518351852 0.4842716049 2 0.3518351852 0.4840740741 2 0 0 0 0 0 0
0 0.3405231481 0.503744856 0.0348796296 0.0315226337 0.357525 0.4883786008 2 0.3235203704 0.4883786008 2 0.357525 0.5188888889 2 0.357525 0.519100823 2 0 0 0 0 0 0
0 0.3692407407 0.497962963 0.0311296296 0.0301234568 0.3844064815 0.5126460905 2 0.3540638889 0.5126460905 2 0.3844064815 0.4834917695 2 0.3844064815 0.4832880658 2 0 0 0 0 0 0
0 0.3757638889 0.502345679 0.0323796296 0.0287242798 0.3915462963 0.4883415638 2 0.3599833333 0.4883415638 2 0.3915462963 0.5161584362 2 0.3915462963 0.5163518519 2 0 0 0 0 0 0
0 0.3380648148 0.5349485597 0.0326481481 0.0301028807 0.3539759259 0.549617284 2 0.3221509259 0.549617284 2 0.353975 0.5204773663 2 0.3539759259 0.5202757202 2 0 0 0 0 0 0
0 0.3430787037 0.5394341564 0.0340833333 0.0301440329 0.3596824074 0.5247345679 2 0.326462037 0.5247345679 2 0.3596824074 0.5539135802 2 0.3596824074 0.554117284 2 0 0 0 0 0 0
0 0.3733472222 0.5333539095 0.0329166667 0.0285185185 0.3893925926 0.5472510288 2 0.3573064815 0.5472510288 2 0.3893925926 0.5196522634 2 0.3893925926 0.5194609053 2 0 0 0 0 0 0
0 0.3792083333 0.5367489712 0.0355092593 0.0283539095 0.3965157407 0.5229238683 2 0.3619009259 0.5229238683 2 0.3965157407 0.5503703704 2 0.3965157407 0.5505596708 2 0 0 0 0 0 0
0 0.3416018519 0.5722325103 0.0338148148 0.0330658436 0.358075 0.5883395062 2 0.3251166667 0.5883395062 2 0.358075 0.5563292181 2 0.358075 0.5561069959 2 0 0 0 0 0 0
0 0.3450833333 0.5760185185 0.0343518519 0.0341358025 0.361825 0.5593703704 2 0.3283435185 0.5593703704 2 0.361825 0.5924156379 2 0.361825 0.5926440329 2 0 0 0 0 0 0
0 0.3758518519 0.5701440329 0.0336296296 0.0336625514 0.3922462963 0.5865432099 2 0.359462037 0.5865432099 2 0.3922462963 0.5539547325 2 0.3922462963 0.5537283951 2 0 0 0 0 0 0
0 0.3814027778 0.5759156379 0.0350648148 0.0327366255 0.3984898148 0.5599506173 2 0.3643101852 0.5599506173 2 0.3984888889 0.5916460905 2 0.3984898148 0.5918662551 2 0 0 0 0 0 0
0 0.2549259259 0.4649588477 0.0332777778 0.0317283951 0.2711398148 0.4804238683 2 0.2387046296 0.4804238683 2 0.2711398148 0.4497160494 2 0.2711398148 0.4495020576 2 0 0 0 0 0 0
0 0.2594444444 0.4683539095 0.0353333333 0.0299176955 0.2766601852 0.4537716049 2 0.2422194444 0.4537716049 2 0.2766601852 0.4827283951 2 0.2766601852 0.4829300412 2 0 0 0 0 0 0
0 0.2898935185 0.4626748971 0.0323796296 0.0279423868 0.3056777778 0.4762983539 2 0.2741148148 0.4762983539 2 0.3056777778 0.449244856 2 0.3056777778 0.4490576132 2 0 0 0 0 0 0
0 0.2938333333 0.4673559671 0.0316666667 0.030308642 0.3092648148 0.4525843621 2 0.2783990741 0.4525843621 2 0.3092648148 0.4819259259 2 0.3092648148 0.4821296296 2 0 0 0 0 0 0
0 0.2554166667 0.4988580247 0.0326481481 0.029526749 0.2713268519 0.5132489712 2 0.2395018519 0.5132489712 2 0.2713268519 0.4846728395 2 0.2713268519 0.484473251 2 0 0 0 0 0 0
0 0.2605555556 0.503744856 0.0338148148 0.0315226337 0.277037037 0.4883786008 2 0.2440787037 0.4883786008 2 0.277037037 0.5188888889 2 0.277037037 0.519100823 2 0 0 0 0 0 0
0 0.2908333333 0.4987654321 0.0326481481 0.0332921811 0.3067481481 0.5149917695 2 0.2749231481 0.5149917695 2 0.3067481481 0.4827572016 2 0.3067481481 0.4825329218 2 0 0 0 0 0 0
0 0.2959814815 0.5022530864 0.0338148148 0.0297325103 0.3124574074 0.4877592593 2 0.2794990741 0.4877592593 2 0.3124574074 0.516537037 2 0.3124574074 0.5167366255 2 0 0 0 0 0 0
0 0.256625 0.5357407407 0.0345277778 0.0309053498 0.27345 0.5508004115 2 0.2397935185 0.5508004115 2 0.27345 0.5208909465 2 0.27345 0.5206831276 2 0 0 0 0 0 0
0 0.261 0.541718107 0.0357777778 0.0311316872 0.2784435185 0.526537037 2 0.2435666667 0.526537037 2 0.2784435185 0.5566790123 2 0.2784435185 0.5568888889 2 0 0 0 0 0 0
0 0.2930231481 0.5354320988 0.0354166667 0.0326748971 0.3102907407 0.5513744856 2 0.275762963 0.5513744856 2 0.3102907407 0.5197325103 2 0.3102907407 0.5195123457 2 0 0 0 0 0 0
0 0.298125 0.5375411523 0.0348796296 0.0323251029 0.3151277778 0.521781893 2 0.2811231481 0.521781893 2 0.3151277778 0.5530761317 2 0.3151277778 0.5532942387 2 0 0 0 0 0 0
0 0.2579675926 0.5722325103 0.0307685185 0.0330658436 0.2729611111 0.5883395062 2 0.2429666667 0.5883395062 2 0.2729611111 0.5563292181 2 0.2729611111 0.5561069959 2 0 0 0 0 0 0
0 0.2624351852 0.5751234568 0.0332777778 0.0311522634 0.2786537037 0.5599300412 2 0.2462185185 0.5599300412 2 0.2786537037 0.5900864198 2 0.2786537037 0.5902962963 2 0 0 0 0 0 0
0 0.2928472222 0.5699279835 0.0339907407 0.0316666667 0.3094138889 0.5853765432 2 0.2762814815 0.5853765432 2 0.3094138889 0.5547119342 2 0.3094138889 0.5544979424 2 0 0 0 0 0 0
0 0.2999166667 0.5733333333 0.0373888889 0.032345679 0.318137037 0.5575596708 2 0.2816907407 0.5575596708 2 0.318137037 0.5888703704 2 0.318137037 0.5890884774 2 0 0 0 0 0 0
0 0.2413287037 0.6551028807 0.0329166667 0.0366666667 0.2573694444 0.6729711934 2 0.2252833333 0.6729711934 2 0.2573694444 0.6374794239 2 0.2573694444 0.6372345679 2 0 0 0 0 0 0
0 0.24625 0.6580967078 0.0352407407 0.0408847737 0.2634231481 0.6381687243 2 0.2290694444 0.6381687243 2 0.2634231481 0.6777407407 2 0.2634231481 0.6780164609 2 0 0 0 0 0 0
0 0.2781759259 0.6537962963 0.0357777778 0.0356584362 0.2956166667 0.6711934156 2 0.2607407407 0.6711934156 2 0.2956166667 0.6366666667 2 0.2956166667 0.6364259259 2 0 0 0 0 0 0
0 0.2833240741 0.6566049383 0.0358703704 0.0295473251 0.3008037037 0.6421995885 2 0.2658398148 0.6421995885 2 0.3008037037 0.6708024691 2 0.3008037037 0.671 2 0 0 0 0 0 0
0 0.2415092593 0.6922839506 0.0311296296 0.0314814815 0.2566768519 0.7076213992 2 0.2263342593 0.7076213992 2 0.2566768519 0.6771522634 2 0.2566768519 0.6769403292 2 0 0 0 0 0 0
0 0.2445509259 0.6960699588 0.0329166667 0.0309465021 0.2605898148 0.6809794239 2 0.2285037037 0.6809794239 2 0.2605898148 0.7109423868 2 0.2605898148 0.7111522634 2 0 0 0 0 0 0
0 0.2747777778 0.688590535 0.0332777778 0.0376337449 0.2909972222 0.7069485597 2 0.258562037 0.7069485597 2 0.2909972222 0.6705102881 2 0.2909972222 0.6702572016 2 0 0 0 0 0 0
0 0.2796990741 0.6904012346 0.0334537037 0.0327366255 0.2960037037 0.6744423868 2 0.2633944444 0.6744423868 2 0.2960037037 0.7061358025 2 0.2960037037 0.7063559671 2 0 0 0 0 0 0
0 0.241462963 0.7277777778 0.0272777778 0.0332510288 0.2547574074 0.7439753086 2 0.2281638889 0.7439753086 2 0.2547574074 0.7117860082 2 0.2547574074 0.711563786 2 0 0 0 0 0 0
0 0.2474074074 0.7294753086 0.0343518519 0.0333539095 0.26415 0.7132098765 2 0.2306685185 0.7132098765 2 0.26415 0.7454979424 2 0.26415 0.7457222222 2 0 0 0 0 0 0
0 0.2760277778 0.7218106996 0.0325555556 0.0356378601 0.2919009259 0.7391748971 2 0.260162963 0.7391748971 2 0.2919009259 0.7046748971 2 0.2919009259 0.7044341564 2 0 0 0 0 0 0
0 0.2823842593 0.7254012346 0.0323796296 0.0287860082 0.2981638889 0.7113621399 2 0.2666009259 0.7113621399 2 0.2981638889 0.7392222222 2 0.2981638889 0.7394156379 2 0 0 0 0 0 0
0 0.2425833333 0.7605658436 0.0279074074 0.0344238683 0.2561805556 0.7773539095 2 0.2289768519 0.7773539095 2 0.2561805556 0.7440246914 2 0.2561805556 0.7437921811 2 0 0 0 0 0 0
0 0.2470046296 0.7639506173 0.029787037 0.0319753086 0.2615240741 0.7483744856 2 0.2324888889 0.7483744856 2 0.2615240741 0.7793292181 2 0.2615240741 0.7795452675 2 0 0 0 0 0 0
0 0.2748657407 0.7597839506 0.0334537037 0.031255144 0.2911740741 0.7750082305 2 0.2585638889 0.7750082305 2 0.2911740741 0.7447572016 2 0.2911740741 0.7445473251 2 0 0 0 0 0 0
0 0.2813101852 0.7623559671 0.0345277778 0.0287860082 0.298137037 0.7483333333 2 0.2644814815 0.7483333333 2 0.298137037 0.7762098765 2 0.298137037 0.7764032922 2 0 0 0 0 0 0
0 0.32675 0.6489609053 0.0330925926 0.0298559671 0.3428787037 0.6635164609 2 0.3106175926 0.6635164609 2 0.3428787037 0.634617284 2 0.3428787037 0.6344156379 2 0 0 0 0 0 0
0 0.331037037 0.6564300412 0.0341666667 0.0339711934 0.3476953704 0.6398703704 2 0.314387963 0.6398703704 2 0.3476953704 0.6727572016 2 0.3476953704 0.6729855967 2 0 0 0 0 0 0
0 0.3635972222 0.650154321 0.0370277778 0.0322427984 0.3816490741 0.6658703704 2 0.3455509259 0.6658703704 2 0.3816481481 0.6346625514 2 0.3816490741 0.6344465021 2 0 0 0 0 0 0
0 0.3695972222 0.6554320988 0.038287037 0.0272016461 0.3882518519 0.6421707819 2 0.3509342593 0.6421707819 2 0.3882518519 0.6685123457 2 0.3882518519 0.6686954733 2 0 0 0 0 0 0
0 0.3267083333 0.6851028807 0.02925 0.0291358025 0.3409592593 0.6993024691 2 0.3124472222 0.6993024691 2 0.3409592593 0.6710884774 2 0.3409592593 0.6708930041 2 0 0 0 0 0 0
0 0.3321111111 0.6897839506 0.0341666667 0.0291152263 0.3487685185 0.6755884774 2 0.3154611111 0.6755884774 2 0.3487685185 0.7037674897 2 0.3487685185 0.7039650206 2 0 0 0 0 0 0
0 0.3661898148 0.6851028807 0.0443611111 0.0267489712 0.3878175926 0.6981399177 2 0.3445703704 0.6981399177 2 0.3878175926 0.6722366255 2 0.3878175926 0.6720555556 2 0 0 0 0 0 0
0 0.370625 0.6915740741 0.0408796296 0.030308642 0.3905444444 0.6767962963 2 0.3506981481 0.6767962963 2 0.3905444444 0.7061316872 2 0.3905444444 0.7063353909 2 0 0 0 0 0 0
0 0.4027777778 0.6463271605 0.0327407407 0.0351234568 0.4187333333 0.6634485597 2 0.3868212963 0.6634485597 2 0.4187333333 0.6294444444 2 0.4187333333 0.6292078189 2 0 0 0 0 0 0
0 0.4086805556 0.651399177 0.0359537037 0.0334567901 0.4262064815 0.6350946502 2 0.3911555556 0.6350946502 2 0.4262064815 0.6674917695 2 0.4262064815 0.667718107 2 0 0 0 0 0 0
0 0.4394537037 0.6438374486 0.0341666667 0.0317489712 0.4561046296 0.6593168724 2 0.4227972222 0.6593168724 2 0.4561037037 0.6285843621 2 0.4561046296 0.6283703704 2 0 0 0 0 0 0
0 0.445712963 0.6490123457 0.0316666667 0.0382304527 0.4611444444 0.6303847737 2 0.4302787037 0.6303847737 2 0.4611444444 0.667399177 2 0.4611444444 0.6676563786 2 0 0 0 0 0 0
0 0.4070694444 0.6854012346 0.0348796296 0.0368930041 0.4240731481 0.7033786008 2 0.3900685185 0.7033786008 2 0.4240731481 0.6676584362 2 0.4240731481 0.6674115226 2 0 0 0 0 0 0
0 0.4108287037 0.6887860082 0.0348796296 0.0318930041 0.4278296296 0.6732386831 2 0.393825 0.6732386831 2 0.4278305556 0.7041131687 2 0.4278296296 0.7043271605 2 0 0 0 0 0 0
0 0.4423101852 0.6833127572 0.0334537037 0.0327160494 0.4586175926 0.6992572016 2 0.4260083333 0.6992572016 2 0.4586175926 0.6675781893 2 0.4586175926 0.6673580247 2 0 0 0 0 0 0
0 0.447587963 0.6897839506 0.0364907407 0.0362757202 0.4653777778 0.672100823 2 0.4298027778 0.672100823 2 0.4653777778 0.7072098765 2 0.4653777778 0.7074526749 2 0 0 0 0 0 0
0 0.3279953704 0.7224794239 0.0302314815 0.0354938272 0.3427361111 0.7397716049 2 0.3132648148 0.7397716049 2 0.3427351852 0.7054156379 2 0.3427361111 0.7051769547 2 0 0 0 0 0 0
0 0.3320694444 0.7263683128 0.0335462963 0.0354938272 0.3484185185 0.7090617284 2 0.3157212963 0.7090617284 2 0.3484185185 0.7434156379 2 0.3484185185 0.743654321 2 0 0 0 0 0 0
0 0.3653009259 0.7236728395 0.0393611111 0.0354938272 0.3844814815 0.7409650206 2 0.3461175926 0.7409650206 2 0.3844814815 0.7066069959 2 0.3844814815 0.7063683128 2 0 0 0 0 0 0
0 0.3716111111 0.7259670782 0.0385555556 0.0370781893 0.3903953704 0.7078888889 2 0.3528157407 0.7078888889 2 0.3903953704 0.7437839506 2 0.3903953704 0.7440329218 2 0 0 0 0 0 0
0 0.4051898148 0.721882716 0.0364907407 0.0366872428 0.4229796296 0.7397572016 2 0.3874055556 0.7397572016 2 0.4229796296 0.704244856 2 0.4229796296 0.7039979424 2 0 0 0 0 0 0
0 0.410337963 0.7263683128 0.0344351852 0.0378806584 0.4271203704 0.707899177 2 0.3935509259 0.707899177 2 0.4271203704 0.744563786 2 0.4271203704 0.74481893 2 0 0 0 0 0 0
0 0.4427546296 0.721882716 0.0364907407 0.0366872428 0.4605472222 0.7397572016 2 0.4249731481 0.7397572016 2 0.4605472222 0.704244856 2 0.4605472222 0.7039979424 2 0 0 0 0 0 0
0 0.4470092593 0.7245781893 0.0347962963 0.0319135802 0.4639675926 0.7090164609 2 0.43005 0.7090164609 2 0.4639675926 0.7399053498 2 0.4639675926 0.7401213992 2 0 0 0 0 0 0
0 0.3311296296 0.7575720165 0.0311296296 0.0309053498 0.3463018519 0.772627572 2 0.3159592593 0.772627572 2 0.3463018519 0.7427119342 2 0.3463018519 0.7425041152 2 0 0 0 0 0 0
0 0.3355138889 0.7632304527 0.0323796296 0.0293415638 0.3512953704 0.7489382716 2 0.3197324074 0.7489382716 2 0.3512953704 0.7773415638 2 0.3512953704 0.7775390947 2 0 0 0 0 0 0
0 0.3685231481 0.7586625514 0.0393611111 0.0275308642 0.3877018519 0.7720740741 2 0.349337037 0.7720740741 2 0.3877018519 0.7454300412 2 0.3877018519 0.745244856 2 0 0 0 0 0 0
0 0.373087963 0.7627366255 0.0388240741 0.0271604938 0.3920018519 0.7495061728 2 0.3541611111 0.7495061728 2 0.3920018519 0.7757921811 2 0.3920018519 0.7759753086 2 0 0 0 0 0 0
0 0.4068935185 0.7577572016 0.0345277778 0.0328806584 0.4237203704 0.7737942387 2 0.3900638889 0.7737942387 2 0.4237203704 0.7419547325 2 0.4237203704 0.7417325103 2 0 0 0 0 0 0
0 0.4103842593 0.7633333333 0.0318425926 0.033127572 0.4259009259 0.7471954733 2 0.3948601852 0.7471954733 2 0.4259009259 0.7792572016 2 0.4259009259 0.7794794239 2 0 0 0 0 0 0
0 0.4424861111 0.7594444444 0.0370277778 0.0378600823 0.4605407407 0.7779053498 2 0.4244435185 0.7779053498 2 0.4605407407 0.741255144 2 0.4605407407 0.741 2 0 0 0 0 0 0
0 0.4453518519 0.7588683128 0.0363148148 0.0372839506 0.4630537037 0.7406893004 2 0.4276546296 0.7406893004 2 0.4630537037 0.7767901235 2 0.4630537037 0.7770411523 2 0 0 0 0 0 0
0 0.6139583333 0.6558024691 0.0364907407 0.0362962963 0.6317481481 0.6381111111 2 0.5961740741 0.6381111111 2 0.5961740741 0.6734897119 2 0.6317481481 0.6734897119 2 0 0 0 0 0 0
0 0.6097546296 0.6500308642 0.0366759259 0.0324897119 0.6276314815 0.6658683128 2 0.5918824074 0.6658683128 2 0.6276305556 0.6344053498 2 0.6276314815 0.6341872428 2 0 0 0 0 0 0
0 0.648537037 0.654218107 0.0364074074 0.0265432099 0.666275 0.6671358025 2 0.630787963 0.6671358025 2 0.666275 0.6414485597 2 0.666275 0.6412716049 2 0 0 0 0 0 0
0 0.6525092593 0.6607716049 0.0330925926 0.029526749 0.6686425926 0.6463744856 2 0.6363814815 0.6463744856 2 0.6686425926 0.6749670782 2 0.6686425926 0.6751646091 2 0 0 0 0 0 0
0 0.6092638889 0.6903909465 0.0340833333 0.0304938272 0.625875 0.7052489712 2 0.5926546296 0.7052489712 2 0.625875 0.6757283951 2 0.625875 0.6755246914 2 0 0 0 0 0 0
0 0.6136898148 0.6920884774 0.0359537037 0.0313374486 0.6312175926 0.676808642 2 0.5961666667 0.676808642 2 0.6312175926 0.7071460905 2 0.6312175926 0.7073580247 2 0 0 0 0 0 0
0 0.644912037 0.690473251 0.0329166667 0.0267078189 0.6609527778 0.7035082305 2 0.6288657407 0.7035082305 2 0.6609527778 0.6776440329 2 0.6609527778 0.6774650206 2 0 0 0 0 0 0
0 0.6509907407 0.6931790123 0.0332777778 0.0323251029 0.6672092593 0.6774176955 2 0.6347740741 0.6774176955 2 0.6672092593 0.708718107 2 0.6672092593 0.708936214 2 0 0 0 0 0 0
0 0.6134675926 0.7265740741 0.0328240741 0.0320781893 0.6294685185 0.7421995885 2 0.5974694444 0.7421995885 2 0.6294685185 0.7111563786 2 0.6294685185 0.7109403292 2 0 0 0 0 0 0
0 0.6183472222 0.7294650206 0.0334537037 0.0321399177 0.6346481481 0.7137901235 2 0.6020388889 0.7137901235 2 0.6346481481 0.7449135802 2 0.6346481481 0.7451296296 2 0 0 0 0 0 0
0 0.6490185185 0.7263786008 0.0336296296 0.0300823045 0.6654157407 0.7410329218 2 0.6326314815 0.7410329218 2 0.6654157407 0.7119135802 2 0.6654157407 0.7117098765 2 0 0 0 0 0 0
0 0.654212963 0.7315329218 0.0343518519 0.0327366255 0.6709527778 0.7155864198 2 0.6374712963 0.7155864198 2 0.6709527778 0.7472880658 2 0.6709527778 0.7475082305 2 0 0 0 0 0 0
0 0.6107407407 0.7627469136 0.0311296296 0.0288683128 0.625912037 0.7768271605 2 0.5955694444 0.7768271605 2 0.625912037 0.7488765432 2 0.625912037 0.7486831276 2 0 0 0 0 0 0
0 0.6155740741 0.765936214 0.0322037037 0.0323662551 0.6312648148 0.7501687243 2 0.5998759259 0.7501687243 2 0.6312648148 0.7814979424 2 0.6312648148 0.7817160494 2 0 0 0 0 0 0
0 0.6460740741 0.7622530864 0.0352407407 0.0310493827 0.6632490741 0.7773950617 2 0.6288953704 0.7773950617 2 0.6632490741 0.7473292181 2 0.6632490741 0.7471193416 2 0 0 0 0 0 0
0 0.651212963 0.763744856 0.0331851852 0.0327572016 0.6673888889 0.7477880658 2 0.6350407407 0.7477880658 2 0.6673888889 0.7795020576 2 0.6673888889 0.7797222222 2 0 0 0 0 0 0
0 0.4990185185 0.6510185185 0.0363148148 0.0376748971 0.5167222222 0.6693806584 2 0.4813222222 0.6693806584 2 0.5167222222 0.6329156379 2 0.5167222222 0.6326625514 2 0 0 0 0 0 0
0 0.5021527778 0.6556995885 0.038287037 0.0372839506 0.520812037 0.637526749 2 0.4834935185 0.637526749 2 0.5208111111 0.6736234568 2 0.520812037 0.6738744856 2 0 0 0 0 0 0
0 0.5358333333 0.6492283951 0.0353333333 0.0436419753 0.5530490741 0.6704979424 2 0.5186092593 0.6704979424 2 0.5530490741 0.6282572016 2 0.5530490741 0.6279650206 2 0 0 0 0 0 0
0 0.5415046296 0.6494341564 0.0354166667 0.0378806584 0.5587731481 0.6309753086 2 0.5242453704 0.6309753086 2 0.5587731481 0.6676460905 2 0.5587731481 0.6679012346 2 0 0 0 0 0 0
0 0.5025092593 0.6863168724 0.0314814815 0.0302880658 0.5178564815 0.7010781893 2 0.4871648148 0.7010781893 2 0.5178564815 0.6717489712 2 0.5178564815 0.6715452675 2 0 0 0 0 0 0
0 0.5081481481 0.6909979424 0.0363148148 0.027962963 0.5258453704 0.6773621399 2 0.4904453704 0.6773621399 2 0.5258453704 0.7044279835 2 0.5258453704 0.7046152263 2 0 0 0 0 0 0
0 0.5429398148 0.6822325103 0.0393611111 0.0277160494 0.5621222222 0.6957427984 2 0.5237583333 0.6957427984 2 0.5621222222 0.6689135802 2 0.5621222222 0.6687283951 2 0 0 0 0 0 0
0 0.5476342593 0.6877160494 0.0396203704 0.0297530864 0.5669490741 0.6732119342 2 0.5283231481 0.6732119342 2 0.5669490741 0.7020061728 2 0.5669490741 0.7022078189 2 0 0 0 0 0 0
0 0.5064490741 0.7225 0.0318425926 0.0342592593 0.5219657407 0.739191358 2 0.4909259259 0.739191358 2 0.5219657407 0.7060288066 2 0.5219657407 0.7057983539 2 0 0 0 0 0 0
0 0.5153009259 0.726090535 0.0388240741 0.0325514403 0.5342222222 0.710218107 2 0.4963805556 0.710218107 2 0.5342222222 0.7417242798 2 0.5342222222 0.7419423868 2 0 0 0 0 0 0
0 0.5454027778 0.7226954733 0.0340833333 0.0290946502 0.5620101852 0.7368703704 2 0.5287898148 0.7368703704 2 0.5620101852 0.7087119342 2 0.5620101852 0.7085164609 2 0 0 0 0 0 0
0 0.5525509259 0.7256893004 0.032287037 0.0293621399 0.5682935185 0.7113703704 2 0.5368175926 0.7113703704 2 0.5682935185 0.7397962963 2 0.5682935185 0.7399938272 2 0 0 0 0 0 0
0 0.5086851852 0.7586728395 0.0330925926 0.0358230453 0.524812963 0.7761419753 2 0.4925518519 0.7761419753 2 0.524812963 0.7414547325 2 0.524812963 0.7412139918 2 0 0 0 0 0 0
0 0.5140925926 0.7629526749 0.0358703704 0.0335596708 0.5315759259 0.7466049383 2 0.496612037 0.7466049383 2 0.5315759259 0.7790884774 2 0.5315759259 0.7793148148 2 0 0 0 0 0 0
0 0.5451342593 0.7583847737 0.0324722222 0.030473251 0.5609564815 0.7732283951 2 0.5293064815 0.7732283951 2 0.5609564815 0.7437386831 2 0.5609564815 0.7435329218 2 0 0 0 0 0 0
0 0.5521944444 0.7619753086 0.0347962963 0.0363374486 0.5691564815 0.744255144 2 0.5352388889 0.744255144 2 0.5691564815 0.7794341564 2 0.5691564815 0.7796769547 2 0 0 0 0 0 0
0 0.2752453704 0.2837242798 0.0694907407 0.0336625514 0.2413796296 0.300127572 2 0.3091194444 0.300127572 2 0.2413796296 0.2675452675 2 0.2413796296 0.26731893 2 0 0 0 0 0 0
0 0.2713981481 0.286255144 0.0640555556 0.0347736626 0.3026240741 0.2693004115 2 0.2401796296 0.2693004115 2 0.3026240741 0.3029588477 2 0.3026240741 0.303191358 2 0 0 0 0 0 0
0 0.2815833333 0.3267386831 0.069037037 0.0381687243 0.2479388889 0.3453415638 2 0.315237037 0.3453415638 2 0.2479388889 0.3083930041 2 0.2479388889 0.3081378601 2 0 0 0 0 0 0
0 0.2771712963 0.3327777778 0.0674537037 0.0433333333 0.3100509259 0.3116604938 2 0.2442972222 0.3116604938 2 0.3100509259 0.3536193416 2 0.3100509259 0.353909465 2 0 0 0 0 0 0
0 0.2856666667 0.3736625514 0.0717592593 0.0363786008 0.2506888889 0.3913888889 2 0.3206351852 0.3913888889 2 0.2506888889 0.3561666667 2 0.2506888889 0.3559218107 2 0 0 0 0 0 0
0 0.2799259259 0.3797119342 0.0699814815 0.0396707819 0.2458166667 0.3603662551 2 0.3140333333 0.3603662551 2 0.2458166667 0.3987674897 2 0.2458166667 0.3990349794 2 0 0 0 0 0 0
