1 0.5309467456 0.3816582915 0.3326627219 0.2825125628 0.6125029586 0.3829949749 2 0.6700769231 0.264839196 2 0.6189053254 0.5065879397 2 0.383816568 0.3721306533 2 0 0 0 0 0 0
1 0.4317751479 0.5351005025 0.3390532544 0.2444723618 0.4877633136 0.526959799 2 0.5741242604 0.4359648241 2 0.4381893491 0.6451155779 2 0.2910591716 0.4536180905 2 0 0 0 0 0 0
1 0.2286686391 0.4841708543 0.3230177515 0.2593969849 0.2126982249 0.5486884422 2 0.3710236686 0.5337487437 2 0.0783609467 0.5975829146 2 0.1823136095 0.3653417085 2 0 0 0 0 0 0
1 0.5245266272 0.1690954774 0.3134319527 0.2593969849 0.4413905325 0.1874221106 2 0.3998106509 0.2757035176 2 0.4413905325 0.0502512563 2 0.6604852071 0.2227336683 2 0 0 0 0 0 0
1 0.1943491124 0.2193467337 0.3278698225 0.2458291457 0.1935088757 0.3164472362 2 0.3262426036 0.3259547739 2 0.0543727811 0.3259547739 2 0.222295858 0.1127236181 2 0 0 0 0 0 0
1 0.8230473373 0.4685427136 0.3539053254 0.3015075377 0.7804260355 0.4916482412 2 0.8220059172 0.6043718593 2 0.6636804734 0.3368190955 2 0.9883254438 0.3612663317 2 0 0 0 0 0 0
1 0.8038757396 0.6539698492 0.3539053254 0.2485427136 0.7516390533 0.672281407 2 0.820408284 0.7646331658 2 0.6492899408 0.5622713568 2 0.9691360947 0.5351105528 2 0 0 0 0 0 0
1 0.4829289941 0.7408542714 0.3230177515 0.2593969849 0.4989585799 0.6763567839 2 0.3406390533 0.6912914573 2 0.633295858 0.6274623116 2 0.5389408284 0.8664924623 2 0 0 0 0 0 0
1 0.7356508876 0.8509045226 0.3070414201 0.2431155779 0.7276508876 0.907241206 2 0.8715798817 0.8732864322 2 0.6109053254 0.965638191 2 0.6524852071 0.7442613065 2 0 0 0 0 0 0
1 0.2223076923 0.8013316583 0.3262721893 0.2390452261 0.2270887574 0.8882261307 2 0.3678224852 0.8950150754 2 0.0783609467 0.9045226131 2 0.239887574 0.6980854271 2 0 0 0 0 0 0
1 0.5125443787 0.8624371859 0.3118343195 0.2634673367 0.5117573964 0.9126733668 2 0.6524852071 0.876 2 0.3710236686 0.9819346734 2 0.4381893491 0.7469798995 2 0 0 0 0 0 0
1 0.8616568047 0.8264070352 0.2766863905 0.2105025126 0.8715798817 0.7795728643 2 0.7468402367 0.8053768844 2 0.9888047337 0.7374723618 2 0.9355502959 0.9113115578 2 0 0 0 0 0 0
