1 0.3350668896 0.2612058824 0.3691304348 0.4100588235 0.3338294314 0.4474176471 2 0.1554548495 0.4561352941 2 0.5122006689 0.4408794118 2 0.3387826087 0.0572705882 2 0 0 0 0 0 0
1 0.3722240803 0.2305 0.3691304348 0.4076470588 0.3722274247 0.0398323529 2 0.1876622074 0.0420117647 2 0.5555551839 0.0376529412 2 0.3635585284 0.4288911765 2 0 0 0 0 0 0
1 0.5605183946 0.2339705882 0.3666555184 0.3991764706 0.5580334448 0.4234411765 2 0.3796622074 0.4267117647 2 0.7450769231 0.4212617647 2 0.5667023411 0.0398323529 2 0 0 0 0 0 0
1 0.7872073579 0.2448529412 0.3592307692 0.4035294118 0.7822374582 0.4343411765 2 0.6100568562 0.4397882353 2 0.9630869565 0.4299823529 2 0.7921471572 0.0431029412 2 0 0 0 0 0 0
1 0.7667558528 0.2239705882 0.3629431438 0.4011176471 0.7624180602 0.0332941176 2 0.5927157191 0.0365647059 2 0.9494615385 0.0300264706 2 0.7574648829 0.4223529412 2 0 0 0 0 0 0
1 0.2793143813 0.7768235294 0.3691304348 0.4016470588 0.2768494983 0.9596235294 2 0.0972374582 0.9694294118 2 0.4576989967 0.9519941176 2 0.2656989967 0.5814617647 2 0 0 0 0 0 0
1 0.3022408027 0.7306323529 0.370367893 0.4013235294 0.3053377926 0.5465882353 2 0.1232508361 0.5509470588 2 0.4886655518 0.5389617647 2 0.3041003344 0.9291088235 2 0 0 0 0 0 0
1 0.4991973244 0.7406176471 0.3629431438 0.4054705882 0.4923812709 0.9225705882 2 0.3202040134 0.9367382353 2 0.6769464883 0.9116705882 2 0.499812709 0.5455 2 0 0 0 0 0 0
1 0.7004849498 0.7322647059 0.364180602 0.3958823529 0.698006689 0.5444088235 2 0.519632107 0.5465882353 2 0.8788561873 0.5422294118 2 0.691812709 0.9236588235 2 0 0 0 0 0 0
1 0.7258862876 0.7588676471 0.3629431438 0.3983823529 0.7227792642 0.9432764706 2 0.5481237458 0.9519941176 2 0.9036287625 0.9356470588 2 0.727735786 0.5640264706 2 0 0 0 0 0 0
