1 0.1282578125 0.358078125 0.209640625 0.3046875 0.1315109375 0.2200515625 2 0.0247390625 0.2213546875 2 0.2291671875 0.2265625 2 0.1393234375 0.5052078125 2 0 0 0 0 0 0
1 0.12825 0.3802109375 0.21484375 0.291671875 0.12109375 0.5169265625 2 0.02734375 0.5143234375 2 0.2200515625 0.5182296875 2 0.1119796875 0.2408859375 2 0 0 0 0 0 0
1 0.25390625 0.3723984375 0.2109375 0.286453125 0.2552078125 0.5091140625 2 0.34765625 0.5052078125 2 0.15625 0.5091140625 2 0.24609375 0.2421875 2 0 0 0 0 0 0
1 0.3574296875 0.37175 0.201828125 0.28515625 0.3580734375 0.2395828125 2 0.4544265625 0.23828125 2 0.2604171875 0.2434890625 2 0.358575 0.510728125 2 0 0 0 0 0 0
1 0.37565625 0.38671875 0.20703125 0.2890625 0.37890625 0.5221359375 2 0.4674484375 0.51953125 2 0.2799484375 0.5221359375 2 0.3684890625 0.2473953125 2 0 0 0 0 0 0
1 0.5761640625 0.3821640625 0.196609375 0.287765625 0.5755203125 0.5130203125 2 0.484375 0.5065109375 2 0.6653640625 0.5143234375 2 0.58203125 0.2408859375 2 0 0 0 0 0 0
1 0.6015703125 0.36328125 0.197921875 0.28125 0.6001 0.2262015625 2 0.5050984375 0.2262015625 2 0.6980265625 0.2262015625 2 0.6004328125 0.5003609375 2 0 0 0 0 0 0
1 0.70246875 0.3789140625 0.19921875 0.283859375 0.6953125 0.5065109375 2 0.7916671875 0.5078125 2 0.60546875 0.5026046875 2 0.7036109375 0.2405578125 2 0 0 0 0 0 0
1 0.8151015625 0.3984453125 0.200515625 0.283859375 0.82421875 0.53125 2 0.72265625 0.52734375 2 0.9140625 0.53125 2 0.82421875 0.2604171875 1 0 0 0 0 0 0
1 0.166671875 0.7799453125 0.2265625 0.372390625 0.1666671875 0.6041671875 2 0.05859375 0.60546875 2 0.27734375 0.6015625 2 0.1770828125 0.95703125 2 0 0 0 0 0 0
1 0.161453125 0.7968828125 0.21875 0.369796875 0.1614578125 0.9713546875 2 0.0546875 0.9713546875 2 0.2643234375 0.9713546875 2 0.1497390625 0.6184890625 2 0 0 0 0 0 0
1 0.2877578125 0.7903671875 0.229171875 0.356765625 0.2916671875 0.9596359375 2 0.4010421875 0.9583328125 2 0.1809890625 0.95703125 2 0.2838546875 0.6197921875 2 0 0 0 0 0 0
1 0.4049453125 0.78059375 0.229171875 0.37109375 0.4075515625 0.6041671875 2 0.5104171875 0.6041671875 2 0.2942703125 0.6080734375 2 0.40625625 0.96146875 2 0 0 0 0 0 0
1 0.99921875 0.3138046875 0.0015625 0.002609375 0.9992078125 0.315071875 2 0.9984578125 0.315071875 2 0.9999796875 0.315071875 2 0.999209375 0.3125328125 2 0 0 0 0 0 0
1 0.64909375 0.7753984375 0.18359375 0.295578125 0.6458328125 0.6354171875 2 0.55960625 0.6313296875 2 0.73046875 0.6419265625 2 0.6354171875 0.9153640625 2 0 0 0 0 0 0
1 0.6139296875 0.7897109375 0.165359375 0.295578125 0.61328125 0.9231765625 2 0.5338546875 0.91796875 2 0.69140625 0.92578125 2 0.6302078125 0.6471359375 2 0 0 0 0 0 0
1 0.43034375 0.7968671875 0.22265625 0.380203125 0.431984375 0.9821859375 2 0.538859375 0.9821859375 2 0.3218171875 0.9821859375 2 0.4283859375 0.6197921875 2 0 0 0 0 0 0
1 0.7272109375 0.783859375 0.165359375 0.296875 0.7239578125 0.921875 2 0.8078109375 0.92855 2 0.6497390625 0.9192703125 2 0.7434890625 0.640625 2 0 0 0 0 0 0
1 0.8268203125 0.8027265625 0.177078125 0.298171875 0.8255203125 0.9388015625 2 0.9075515625 0.9401046875 2 0.7473953125 0.9322921875 2 0.8515625 0.6575515625 2 0 0 0 0 0 0
1 0.828125 0.7818984375 0.171875 0.295578125 0.8346359375 0.6497390625 2 0.9075515625 0.6575515625 2 0.7473953125 0.6419265625 2 0.8111984375 0.9231765625 2 0 0 0 0 0 0
1 0.8163984375 0.3756484375 0.200515625 0.290359375 0.8177078125 0.2395828125 2 0.9127609375 0.2395828125 2 0.7239578125 0.2421875 2 0.8072921875 0.5130203125 2 0 0 0 0 0 0
