1 0.22436 0.3836356822 0.06164 0.0453823088 0.223532 0.3632308846 2 0.196596 0.3640629685 2 0.25352 0.3621889055 2 0.224642 0.4050689655 2 0 0 0 0 0 0
1 0.22519 0.3873763118 0.06386 0.0466266867 0.228252 0.4084002999 2 0.254908 0.4077751124 2 0.197984 0.4094407796 2 0.225562 0.3646506747 2 0 0 0 0 0 0
1 0.25907 0.3847826087 0.05998 0.043928036 0.260462 0.4059025487 2 0.288308 0.4061814093 2 0.22984 0.4061814093 2 0.25713 0.3638545727 2 0 0 0 0 0 0
1 0.29004 0.3824887556 0.05804 0.0468365817 0.287676 0.3617736132 2 0.317386 0.3607316342 2 0.262128 0.362814093 2 0.290366 0.4053118441 2 0 0 0 0 0 0
1 0.29461 0.3862218891 0.05998 0.0459970015 0.294062 0.4075667166 2 0.322662 0.4069430285 2 0.265738 0.4084002999 2 0.29073 0.3638545727 2 0 0 0 0 0 0
1 0.177 0.4409295352 0.0576 0.0572713643 0.1782 0.4139370315 2 0.1504 0.4139370315 2 0.204 0.4134872564 2 0.179 0.4689595202 2 0 0 0 0 0 0
1 0.1735 0.4452023988 0.0594 0.05982009 0.1738 0.4725577211 2 0.145 0.4728575712 2 0.201 0.4722578711 2 0.17 0.4163358321 2 0 0 0 0 0 0
1 0.2106 0.4422788606 0.0624 0.0569715142 0.2088 0.4691094453 2 0.2396 0.4688095952 2 0.1832 0.4697091454 2 0.208 0.4143868066 2 0 0 0 0 0 0
1 0.2423 0.4404797601 0.0606 0.0593703148 0.242 0.4131874063 2 0.2708 0.4125877061 2 0.2138 0.4139370315 2 0.2452 0.4689595202 2 0 0 0 0 0 0
1 0.2492 0.4449775112 0.0608 0.0587706147 0.2484 0.4713583208 2 0.2774 0.4712083958 2 0.2216 0.472107946 2 0.2476 0.4163358321 2 0 0 0 0 0 0
1 0.3082 0.4413793103 0.0584 0.0581709145 0.3058 0.4688155922 2 0.2806 0.4688155922 2 0.3356 0.4686656672 2 0.306 0.4125937031 2 0 0 0 0 0 0
1 0.3107 0.4367316342 0.0582 0.0584707646 0.3114 0.4094452774 2 0.339066 0.4082338831 2 0.2832 0.4104947526 2 0.314 0.4649175412 2 0 0 0 0 0 0
1 0.3443 0.4391304348 0.0594 0.0566716642 0.3436 0.4655172414 2 0.3732 0.4658170915 2 0.3176 0.4659670165 2 0.3414 0.4115442279 2 0 0 0 0 0 0
1 0.3741 0.4369565217 0.0606 0.0595202399 0.374 0.4094452774 2 0.4024 0.4088455772 2 0.3454 0.4100449775 2 0.3766 0.4662668666 2 0 0 0 0 0 0
1 0.3822 0.4410044978 0.0616 0.0577211394 0.3814 0.4685157421 2 0.4114 0.4677661169 2 0.3524 0.4686656672 2 0.379 0.4128935532 2 0 0 0 0 0 0
1 0.2022 0.5026236882 0.0532 0.055922039 0.2 0.5268365817 2 0.1768 0.5274362819 2 0.2272 0.5260869565 2 0.1952 0.4754122939 2 0 0 0 0 0 0
1 0.2323 0.4988755622 0.0514 0.0508245877 0.2324 0.5227886057 2 0.257 0.5221889055 2 0.2076 0.5229385307 2 0.229 0.4740629685 2 0 0 0 0 0 0
1 0.2663 0.5005997001 0.0554 0.0527736132 0.265 0.5245877061 2 0.292 0.5242878561 2 0.2412 0.524137931 2 0.2616 0.4743628186 2 0 0 0 0 0 0
1 0.3107 0.5019490255 0.0578 0.0572713643 0.3102 0.5290854573 2 0.283 0.5289355322 2 0.3382 0.5289355322 2 0.3088 0.4725637181 2 0 0 0 0 0 0
1 0.3483 0.4995502249 0.0594 0.056071964 0.3492 0.5259370315 2 0.3768 0.5257871064 2 0.322 0.5259370315 2 0.348 0.472113943 2 0 0 0 0 0 0
1 0.3892 0.5014242879 0.0608 0.0571214393 0.38965 0.5292653673 2 0.418834 0.5292653673 2 0.359566 0.5292653673 2 0.3874 0.4739130435 2 0 0 0 0 0 0
1 0.3165 0.4989505247 0.0582 0.0584707646 0.3162 0.4710644678 2 0.3442 0.4710644678 2 0.289 0.4710644678 2 0.316832 0.5274482759 2 0 0 0 0 0 0
1 0.3806 0.498125937 0.0608 0.0574212894 0.3778 0.4712143928 2 0.3514 0.4713643178 2 0.407 0.4710644678 2 0.380252 0.5261124438 2 0 0 0 0 0 0
1 0.4515 0.4982008996 0.059 0.0551724138 0.451936 0.5250914543 2 0.480256 0.5250914543 2 0.422744 0.5250914543 2 0.4492 0.4713643178 2 0 0 0 0 0 0
1 0.5153 0.4924287856 0.0554 0.0580209895 0.514 0.4652173913 2 0.5414 0.4652173913 2 0.4884 0.4652173913 2 0.515616 0.5207076462 2 0 0 0 0 0 0
1 0.4856 0.4946776612 0.0572 0.0547226387 0.4858 0.5206896552 2 0.5128 0.5205397301 2 0.4586 0.5205397301 2 0.4834 0.4677661169 2 0 0 0 0 0 0
1 0.521 0.4955022489 0.0596 0.0563718141 0.5218 0.5221889055 2 0.5492 0.5221889055 2 0.4926 0.5221889055 2 0.5198 0.4677661169 2 0 0 0 0 0 0
1 0.4549 0.4344827586 0.061 0.0563718141 0.454 0.407946027 2 0.4262 0.4085457271 2 0.483 0.4077961019 2 0.457 0.4622188906 2 0 0 0 0 0 0
1 0.4486 0.4386056972 0.06 0.055922039 0.449 0.4652173913 2 0.4776 0.4649175412 2 0.4212 0.4653673163 2 0.4466 0.4098950525 2 0 0 0 0 0 0
1 0.4873 0.4341829085 0.0578 0.0554722639 0.487 0.46011994 2 0.5156 0.45982009 2 0.4604 0.4604197901 2 0.485 0.4077961019 2 0 0 0 0 0 0
1 0.5165 0.4309595202 0.0546 0.055922039 0.5154 0.4056971514 2 0.5424 0.4050974513 2 0.4898 0.4064467766 2 0.5176 0.4580209895 2 0 0 0 0 0 0
1 0.5216 0.4356821589 0.0608 0.0554722639 0.52205 0.4627196402 2 0.551234 0.4627196402 2 0.493 0.4629685157 2 0.521948 0.4086446777 2 0 0 0 0 0 0
1 0.4523 0.4946776612 0.057 0.055922039 0.4532 0.4676161919 2 0.424518 0.4674212894 2 0.480082 0.4674212894 2 0.4546 0.5218890555 2 0 0 0 0 0 0
1 0.1929 0.5612443778 0.0578 0.0553223388 0.1924 0.5871064468 2 0.2198 0.5866566717 2 0.1656 0.5871064468 2 0.1868 0.5346326837 2 0 0 0 0 0 0
1 0.1919 0.5580209895 0.0582 0.0539730135 0.192 0.5325337331 2 0.1644 0.5332833583 2 0.220266 0.5317151424 2 0.1964 0.5847076462 2 0 0 0 0 0 0
1 0.2266 0.558095952 0.0524 0.0550224888 0.226 0.5836581709 2 0.2006 0.583958021 2 0.2518 0.5835082459 2 0.222 0.5310344828 2 0 0 0 0 0 0
1 0.2509 0.5556221889 0.0542 0.0548725637 0.2506 0.5302848576 2 0.224 0.5310344828 2 0.2762 0.5296851574 2 0.254 0.5826086957 2 0 0 0 0 0 0
1 0.2582 0.5596701649 0.0476 0.0548725637 0.2604 0.5857571214 2 0.2354 0.5856071964 2 0.2816 0.5850074963 2 0.257928 0.5329250375 2 0 0 0 0 0 0
1 0.311 0.5612443778 0.0516 0.0565217391 0.3122 0.5872563718 2 0.286 0.5874062969 2 0.3354 0.5874062969 2 0.310706 0.5336956522 2 0 0 0 0 0 0
1 0.3431 0.558095952 0.0546 0.0550224888 0.3436 0.5835082459 2 0.3168 0.583808096 2 0.3698 0.5833583208 2 0.342788 0.5312788606 2 0 0 0 0 0 0
1 0.378 0.5598950525 0.0552 0.0562218891 0.3768 0.5863568216 2 0.3518 0.5863568216 2 0.4042 0.5863568216 2 0.3764 0.5323838081 2 0 0 0 0 0 0
1 0.3724 0.5563718141 0.0556 0.0548725637 0.3734 0.5299850075 2 0.3454 0.5301349325 2 0.3995 0.5296266867 2 0.373 0.5827586207 2 0 0 0 0 0 0
1 0.45743 0.5552023988 0.05942 0.0579310345 0.456858 0.5275982009 2 0.428842 0.5279370315 2 0.485328 0.5275982009 2 0.458666 0.5833208396 2 0 0 0 0 0 0
1 0.45291 0.5588530735 0.05806 0.0570764618 0.452114 0.5845067466 2 0.424548 0.5851844078 2 0.479904 0.5853538231 2 0.449402 0.5304767616 2 0 0 0 0 0 0
1 0.49132 0.5535982009 0.05536 0.0577511244 0.490976 0.5794257871 2 0.464088 0.5795952024 2 0.517412 0.5794257871 2 0.487586 0.5247181409 2 0 0 0 0 0 0
1 0.53186 0.5562293853 0.05648 0.0562368816 0.531194 0.5823043478 2 0.504984 0.5823043478 2 0.559438 0.5823043478 2 0.529612 0.5281064468 2 0 0 0 0 0 0
1 0.51809 0.5528335832 0.05558 0.0579310345 0.517864 0.525904048 2 0.49188 0.5264122939 2 0.543394 0.5253958021 2 0.52193 0.579934033 2 0 0 0 0 0 0
1 0.58666 0.5553748126 0.06168 0.0586056972 0.585646 0.5277676162 2 0.558534 0.5287826087 2 0.616726 0.5268110945 2 0.59378 0.5846761619 2 0 0 0 0 0 0
1 0.59016 0.5598650675 0.06416 0.0577511244 0.588358 0.5867091454 2 0.55889 0.5880134933 2 0.617278 0.5856926537 2 0.582258 0.5323403298 2 0 0 0 0 0 0
1 0.62903 0.5574137931 0.0601 0.0562368816 0.62835 0.5828125937 2 0.656818 0.5812893553 2 0.599202 0.5843373313 2 0.61886 0.5297991004 2 0 0 0 0 0 0
1 0.66665 0.5565592204 0.0635 0.0599550225 0.665856 0.5846761619 2 0.6941 0.5839985007 2 0.637388 0.5853538231 2 0.662242 0.5274287856 2 0 0 0 0 0 0
1 0.65276 0.5512218891 0.06056 0.0604647676 0.652074 0.5248875562 2 0.625638 0.5272593703 2 0.682266 0.5217541229 2 0.661112 0.579934033 2 0 0 0 0 0 0
1 0.57468 0.4302098951 0.06032 0.0592803598 0.575028 0.4039550225 2 0.54588 0.405988006 2 0.602818 0.4020914543 2 0.581806 0.4581544228 2 0 0 0 0 0 0
1 0.57955 0.436814093 0.0601 0.0586056972 0.577512 0.4637436282 2 0.550254 0.4653763118 2 0.605982 0.4612038981 2 0.569604 0.4076806597 2 0 0 0 0 0 0
1 0.61333 0.4313868066 0.05942 0.0599550225 0.61276 0.4573073463 2 0.585194 0.4583238381 2 0.64055 0.4551064468 2 0.605078 0.401922039 2 0 0 0 0 0 0
1 0.63975 0.4243628186 0.06258 0.0611394303 0.63784 0.3981964018 2 0.610726 0.4009055472 2 0.666534 0.3954857571 2 0.643714 0.4539205397 2 0 0 0 0 0 0
1 0.65095 0.4296926537 0.0601 0.0599550225 0.649814 0.457137931 2 0.678284 0.4549370315 2 0.621652 0.4589235382 2 0.64168 0.4009055472 2 0 0 0 0 0 0
1 0.57875 0.4977061469 0.05614 0.0578410795 0.579124 0.5245832084 2 0.551394 0.5258935532 2 0.605828 0.5240269865 2 0.572694 0.4697151424 2 0 0 0 0 0 0
1 0.57739 0.4934407796 0.05934 0.0585757121 0.576404 0.4663793103 2 0.606318 0.464892054 2 0.548708 0.4680464768 2 0.582338 0.5210614693 2 0 0 0 0 0 0
1 0.61659 0.4923238381 0.05762 0.06005997 0.617452 0.5197646177 2 0.588768 0.5206911544 2 0.643416 0.5186521739 2 0.609538 0.463041979 2 0 0 0 0 0 0
1 0.64292 0.488065967 0.0628 0.0593103448 0.64292 0.4611889055 2 0.61201 0.4643403298 2 0.673534 0.459155922 2 0.64836 0.5171694153 2 0 0 0 0 0 0
1 0.65441 0.4927061469 0.06058 0.0615442279 0.654542 0.5195787106 2 0.62487 0.5212473763 2 0.683968 0.5177241379 2 0.649596 0.4634122939 2 0 0 0 0 0 0
1 0.71327 0.4258770615 0.06058 0.0572713643 0.713394 0.3996476762 2 0.683968 0.4003883058 2 0.74282 0.3987211394 2 0.714136 0.454143928 2 0 0 0 0 0 0
1 0.70882 0.4302248876 0.06008 0.0582008996 0.708448 0.4572953523 2 0.68026 0.4572953523 2 0.737134 0.4565547226 2 0.705976 0.4022428786 2 0 0 0 0 0 0
1 0.74677 0.4257871064 0.05934 0.0589505247 0.746282 0.4524767616 2 0.718092 0.4528470765 2 0.775214 0.4515502249 2 0.745046 0.3974227886 2 0 0 0 0 0 0
1 0.77967 0.423005997 0.06478 0.0585757121 0.778676 0.3964962519 2 0.810328 0.3953838081 2 0.749002 0.3972368816 2 0.778182 0.4517346327 2 0 0 0 0 0 0
1 0.78474 0.4276311844 0.06256 0.0593103448 0.784116 0.4547001499 2 0.753948 0.454886057 2 0.814284 0.4539595202 2 0.785106 0.3981649175 2 0 0 0 0 0 0
1 0.71326 0.4864917541 0.0638 0.0579310345 0.714342 0.459868066 2 0.682322 0.4607706147 2 0.74179 0.4587841079 2 0.71675 0.514191904 2 0 0 0 0 0 0
1 0.71531 0.4911769115 0.05538 0.0593853073 0.71338 0.5185247376 2 0.687858 0.5192458771 2 0.741068 0.5174407796 2 0.71001 0.4634767616 2 0 0 0 0 0 0
1 0.75178 0.4872188906 0.06044 0.0593853073 0.750938 0.5134707646 2 0.722528 0.5145532234 2 0.780312 0.5134707646 2 0.746364 0.4593253373 2 0 0 0 0 0 0
1 0.7802 0.4848575712 0.0638 0.0572113943 0.78007 0.4580629685 2 0.749254 0.4589655172 2 0.811288 0.4569790105 2 0.78296 0.5123868066 2 0 0 0 0 0 0
1 0.78898 0.4891904048 0.065 0.0582908546 0.787776 0.5165382309 2 0.75768 0.5167196402 2 0.81787 0.5161784108 2 0.791628 0.4609505247 2 0 0 0 0 0 0
1 0.71867 0.5492953523 0.05586 0.0572113943 0.718436 0.5753763118 2 0.692914 0.5759175412 2 0.7454 0.5748335832 2 0.714102 0.5208710645 2 0 0 0 0 0 0
1 0.72121 0.5453223388 0.05658 0.0546926537 0.722288 0.5192458771 2 0.74878 0.5186716642 2 0.693638 0.5194257871 2 0.72325 0.5717661169 2 0 0 0 0 0 0
1 0.75479 0.5456896552 0.0573 0.053958021 0.754068 0.5703223388 2 0.727104 0.5703223388 2 0.782238 0.5705022489 2 0.752624 0.5194257871 2 0 0 0 0 0 0
1 0.79115 0.5466716642 0.05826 0.0573913043 0.790664 0.573029985 2 0.762976 0.5737511244 2 0.818592 0.573029985 2 0.790814 0.5187061469 2 0 0 0 0 0 0
1 0.18815 0.6216641679 0.05802 0.056131934 0.188276 0.5955892054 2 0.160588 0.5963118441 2 0.21452 0.5952293853 2 0.189962 0.649011994 2 0 0 0 0 0 0
1 0.18671 0.6255472264 0.05514 0.055952024 0.184424 0.6509970015 2 0.160108 0.6506371814 2 0.213316 0.6513583208 2 0.17985 0.5984767616 2 0 0 0 0 0 0
1 0.22055 0.6220314843 0.05586 0.0532383808 0.219576 0.6461244378 2 0.194054 0.6464857571 2 0.247504 0.6463058471 2 0.218132 0.5954092954 2 0 0 0 0 0 0
1 0.25641 0.6233883058 0.05682 0.0563118441 0.25569 0.6497346327 2 0.228242 0.6499145427 2 0.283378 0.6495532234 2 0.256088 0.5959385307 2 0 0 0 0 0 0
1 0.24967 0.6195052474 0.05586 0.0564917541 0.248708 0.5927016492 2 0.222706 0.5934242879 2 0.276896 0.591970015 2 0.250152 0.6463058471 2 0 0 0 0 0 0
1 0.31167 0.6255472264 0.05658 0.0570314843 0.309862 0.6529835082 2 0.28409 0.6533463268 2 0.338272 0.6529835082 2 0.305768 0.5977556222 2 0 0 0 0 0 0
1 0.31961 0.6197826087 0.05898 0.0595652174 0.319974 0.5921604198 2 0.291322 0.5923403298 2 0.34718 0.5919805097 2 0.322382 0.6482908546 2 0 0 0 0 0 0
1 0.35597 0.6156221889 0.05514 0.0555922039 0.355606 0.6417931034 2 0.328642 0.6414317841 2 0.382332 0.6416131934 2 0.353198 0.5885502249 2 0 0 0 0 0 0
1 0.39161 0.6114692654 0.05658 0.0581109445 0.392202 0.5849415292 1 0.417482 0.5847601199 2 0.364034 0.5851214393 1 0.391924 0.6397976012 2 0 0 0 0 0 0
1 0.39629 0.6163418291 0.05922 0.0570314843 0.396776 0.6421544228 1 0.424464 0.6425157421 2 0.367886 0.6425157421 1 0.396634 0.5885472264 2 0 0 0 0 0 0
1 0.48597 0.6161694153 0.05658 0.0624437781 0.4861 0.6457631184 2 0.458172 0.6459445277 2 0.513306 0.6454032984 2 0.482006 0.585844078 2 0 0 0 0 0 0
1 0.45096 0.6175112444 0.06164 0.0572113943 0.450708 0.5907166417 2 0.422298 0.591077961 2 0.477914 0.5901754123 2 0.45432 0.6454032984 2 0 0 0 0 0 0
1 0.44866 0.6210344828 0.05032 0.0566716642 0.450466 0.6484707646 2 0.424136 0.6486581709 2 0.473186 0.6486581709 2 0.448374 0.5934167916 2 0 0 0 0 0 0
1 0.51535 0.6159895052 0.05994 0.0592053973 0.513788 0.5889115442 2 0.487304 0.5889115442 2 0.541956 0.5889115442 2 0.516918 0.6445007496 2 0 0 0 0 0 0
1 0.52112 0.6203148426 0.06524 0.0588305847 0.521612 0.6489925037 2 0.552932 0.6489925037 2 0.48933 0.6489925037 2 0.521504 0.5916386807 2 0 0 0 0 0 0
1 0.58517 0.6203148426 0.05946 0.0581109445 0.583126 0.6473883058 2 0.556402 0.6481094453 2 0.613222 0.6475682159 2 0.579274 0.5919805097 2 0 0 0 0 0 0
1 0.62237 0.6170614693 0.0573 0.0577511244 0.62189 0.6425157421 2 0.595166 0.6435982009 2 0.650058 0.6414317841 2 0.614908 0.5887316342 2 0 0 0 0 0 0
1 0.66066 0.6165217391 0.0602 0.0588305847 0.65993 0.6439595202 2 0.631762 0.6441394303 2 0.687136 0.6437781109 2 0.657522 0.5871064468 2 0 0 0 0 0 0
1 0.65439 0.6137331334 0.06694 0.0575712144 0.649818 0.5856626687 1 0.62177 0.5856671664 1 0.687016 0.5856671664 1 0.65401 0.6417886057 2 0 0 0 0 0 0
1 0.58458 0.6172413793 0.06068 0.0570314843 0.584124 0.5894497751 2 0.555 0.5894497751 2 0.614142 0.5894497751 2 0.59059 0.645041979 2 0 0 0 0 0 0
1 0.72794 0.6177886057 0.06188 0.0617241379 0.727826 0.6466656672 2 0.69797 0.6466656672 2 0.757198 0.6466656672 2 0.72614 0.5876491754 2 0 0 0 0 0 0
1 0.73252 0.6157121439 0.06428 0.0586506747 0.7324 0.5874677661 2 0.7011 0.5878290855 2 0.763852 0.5871244378 2 0.732154 0.6443028486 2 0 0 0 0 0 0
1 0.7649 0.6162518741 0.06116 0.0575712144 0.76418 0.6435982009 2 0.734808 0.6434167916 2 0.794758 0.6432368816 2 0.764554 0.5881934033 2 0 0 0 0 0 0
1 0.79776 0.6140029985 0.06188 0.0588305847 0.79731 0.5853223388 2 0.767608 0.5853223388 2 0.827926 0.5853223388 2 0.797414 0.6426761619 2 0 0 0 0 0 0
1 0.8027 0.6171589205 0.06116 0.0593853073 0.80225 0.6460974513 2 0.772896 0.6460974513 2 0.832508 0.6460974513 2 0.802354 0.5882158921 2 0 0 0 0 0 0
1 0.21877 0.6738755622 0.05538 0.0430134933 0.218674 0.6541829085 2 0.192094 0.6543343328 2 0.244648 0.6537301349 2 0.220082 0.6947871064 2 0 0 0 0 0 0
1 0.21615 0.6775787106 0.05698 0.0425637181 0.216458 0.6976551724 2 0.189276 0.6976551724 2 0.244044 0.6976551724 2 0.21583 0.6568335832 2 0 0 0 0 0 0
1 0.25128 0.6762893553 0.04872 0.0424137931 0.24948 0.6964467766 2 0.227734 0.6962953523 2 0.275254 0.6965982009 2 0.248676 0.6556926537 2 0 0 0 0 0 0
1 0.27919 0.6746251874 0.05578 0.0433133433 0.276866 0.6537301349 2 0.252502 0.6538815592 2 0.30586 0.6541829085 2 0.278862 0.6957496252 2 0 0 0 0 0 0
1 0.28643 0.6771964018 0.05054 0.043928036 0.28351 0.6976551724 2 0.261764 0.6975037481 2 0.310894 0.6970509745 2 0.280288 0.655844078 2 0 0 0 0 0 0
1 0.19884 0.7157571214 0.05256 0.0410494753 0.19894 0.6965982009 1 0.174174 0.6967481259 2 0.223908 0.6965982009 1 0.19854 0.7357781109 2 0 0 0 0 0 0
1 0.20196 0.7207496252 0.05476 0.0410494753 0.203974 0.7396161919 2 0.175784 0.7397676162 2 0.22854 0.7399175412 2 0.202968 0.701125937 2 0 0 0 0 0 0
1 0.23277 0.7194602699 0.04914 0.0397001499 0.230956 0.7384092954 2 0.208822 0.738814093 2 0.256714 0.738814093 2 0.228338 0.7003718141 2 0 0 0 0 0 0
1 0.26056 0.7208995502 0.05396 0.0434782609 0.260156 0.7420869565 2 0.234254 0.7420869565 2 0.286858 0.7420869565 2 0.258744 0.6996161919 2 0 0 0 0 0 0
1 0.3426 0.72988006 0.0594 0.043928036 0.344522 0.7509370315 2 0.313658 0.7512893553 2 0.37156 0.7512893553 2 0.34227 0.7084722639 2 0 0 0 0 0 0
1 0.3413 0.7265592204 0.0604 0.0433133433 0.340092 0.706107946 2 0.312506 0.7062578711 2 0.370742 0.7054452774 2 0.341904 0.7476161919 2 0 0 0 0 0 0
1 0.37473 0.7276911544 0.05518 0.0437781109 0.376134 0.7477676162 2 0.347944 0.7482203898 2 0.401304 0.7473148426 2 0.37412 0.7064092954 2 0 0 0 0 0 0
1 0.41067 0.7299550225 0.05778 0.0434782609 0.41097 0.7486731634 2 0.38278 0.7494272864 2 0.438354 0.7482203898 2 0.409358 0.7086731634 2 0 0 0 0 0 0
1 0.40413 0.7247451274 0.05518 0.0433133433 0.403116 0.7044467766 2 0.378148 0.7052008996 2 0.431014 0.7036341829 2 0.405936 0.7456536732 2 0 0 0 0 0 0
1 0.34169 0.6782608696 0.05758 0.0445277361 0.341276 0.6999610195 2 0.313634 0.6999610195 2 0.36977 0.6999610195 2 0.341374 0.6565562219 2 0 0 0 0 0 0
1 0.3402 0.6757571214 0.0582 0.0455772114 0.337474 0.6540314843 2 0.311902 0.6541829085 2 0.36808 0.6538815592 2 0.33986 0.6979850075 2 0 0 0 0 0 0
1 0.37463 0.670862069 0.05538 0.0387856072 0.377946 0.6888995502 2 0.347542 0.6888995502 2 0.401102 0.6887496252 2 0.37694 0.6522203898 2 0 0 0 0 0 0
1 0.4073 0.6747376312 0.0578 0.0463268366 0.407 0.6956521739 2 0.3794 0.6952023988 2 0.4348 0.6952023988 2 0.4062 0.652023988 2 0 0 0 0 0 0
1 0.4037 0.6713643178 0.0434 0.0452773613 0.40338 0.6492968516 2 0.382548 0.6492968516 2 0.424852 0.6492968516 2 0.403452 0.6934317841 2 0 0 0 0 0 0
1 0.4741 0.671814093 0.0574 0.0428785607 0.473676 0.6927121439 2 0.446124 0.6927121439 2 0.502076 0.6927121439 2 0.473772 0.650916042 2 0 0 0 0 0 0
1 0.5081 0.670089955 0.0558 0.0403298351 0.507688 0.6897466267 2 0.480904 0.6897466267 2 0.535296 0.6897466267 2 0.507782 0.6504332834 2 0 0 0 0 0 0
1 0.5412 0.6712893553 0.0584 0.043928036 0.540768 0.6927001499 2 0.512736 0.6927001499 2 0.569664 0.6927001499 2 0.540866 0.6498785607 2 0 0 0 0 0 0
1 0.5996 0.6728635682 0.0584 0.0467766117 0.59917 0.6956626687 2 0.571136 0.6956626687 2 0.628064 0.6956626687 2 0.5952 0.6502248876 2 0 0 0 0 0 0
1 0.5982 0.6703898051 0.0592 0.0460269865 0.5974 0.6490269865 2 0.5696 0.6497766117 2 0.627054 0.6479565217 2 0.6028 0.6920554723 2 0 0 0 0 0 0
1 0.6343 0.6712143928 0.0546 0.0434782609 0.634 0.6914542729 2 0.60769 0.6924062969 2 0.6616 0.6907046477 2 0.6298 0.6500764618 2 0 0 0 0 0 0
1 0.6626 0.6695652174 0.0596 0.0461769115 0.6614 0.6478275862 2 0.6342 0.6485772114 2 0.69 0.6476761619 2 0.6638 0.6917556222 2 0 0 0 0 0 0
1 0.6703 0.6725637181 0.0562 0.0458770615 0.668 0.6931049475 2 0.643 0.6937046477 2 0.697 0.6926551724 2 0.6642 0.650826087 2 0 0 0 0 0 0
1 0.7332 0.6688905547 0.054 0.0421289355 0.7316 0.6890569715 2 0.706882 0.6894242879 2 0.75952 0.6894242879 2 0.7314 0.6490269865 2 0 0 0 0 0 0
1 0.765 0.6666416792 0.0568 0.0421289355 0.7656 0.6857586207 2 0.7376 0.6860584708 2 0.792202 0.6857586207 2 0.764676 0.6461094453 2 0 0 0 0 0 0
1 0.8005 0.6586956522 0.0618 0.0607196402 0.800044 0.6882908546 2 0.77038 0.6882908546 2 0.830622 0.6882908546 2 0.800148 0.629101949 2 0 0 0 0 0 0
1 0.47614 0.7175412294 0.05688 0.0477661169 0.4752 0.6965517241 2 0.4488 0.6965517241 2 0.5034 0.6962518741 2 0.4748 0.7383808096 2 0 0 0 0 0 0
1 0.4755 0.7206146927 0.0594 0.043928036 0.478 0.7410794603 2 0.4478 0.7412293853 2 0.5042 0.7407796102 2 0.478 0.6994002999 2 0 0 0 0 0 0
1 0.5053 0.717916042 0.0594 0.043928036 0.5078 0.7383808096 2 0.4776 0.7385307346 2 0.534 0.7380809595 2 0.5078 0.6967016492 2 0 0 0 0 0 0
1 0.5403 0.7195652174 0.0594 0.043928036 0.5428 0.740029985 2 0.5126 0.74017991 2 0.569 0.7397301349 2 0.5428 0.6983508246 2 0 0 0 0 0 0
1 0.53754 0.716041979 0.05688 0.0477661169 0.5366 0.6950524738 2 0.5102 0.6950524738 2 0.5648 0.6947526237 2 0.539 0.7362818591 2 0 0 0 0 0 0
1 0.60434 0.715892054 0.06048 0.0477661169 0.6052 0.6949025487 2 0.5742 0.6950524738 2 0.6334 0.6946026987 2 0.6062 0.7374812594 2 0 0 0 0 0 0
1 0.67174 0.7154422789 0.06048 0.0477661169 0.6726 0.6944527736 2 0.6416 0.6946026987 2 0.7008 0.6941529235 2 0.676 0.7368815592 2 0 0 0 0 0 0
1 0.6069 0.7191904048 0.0618 0.0452773613 0.611 0.7397301349 2 0.6354 0.7397301349 2 0.577 0.7395802099 2 0.6086 0.6968515742 2 0 0 0 0 0 0
1 0.6756 0.7179910045 0.0616 0.0446776612 0.6734 0.7386806597 2 0.7046 0.7383808096 2 0.6456 0.7386806597 2 0.6688 0.696101949 2 0 0 0 0 0 0
1 0.6414 0.7170914543 0.06 0.0425787106 0.6418 0.7370314843 2 0.671 0.7367316342 2 0.612 0.7367316342 2 0.6384 0.6964017991 2 0 0 0 0 0 0
1 0.7407 0.7183658171 0.0634 0.0463268366 0.7406 0.6974512744 2 0.71 0.6974512744 2 0.7712 0.6974512744 2 0.7428 0.7404797601 2 0 0 0 0 0 0
1 0.7389 0.7216641679 0.0622 0.0457271364 0.7376 0.7427286357 2 0.7094 0.7428785607 2 0.7696 0.7425787106 2 0.737 0.6997001499 2 0 0 0 0 0 0
1 0.7739 0.7203898051 0.0554 0.044077961 0.774 0.7412293853 2 0.7468 0.7412293853 2 0.8006 0.7412293853 2 0.7728 0.6991004498 2 0 0 0 0 0 0
1 0.8096 0.7203898051 0.0592 0.0470764618 0.811 0.7427286357 2 0.7822 0.7427286357 2 0.8386 0.7425787106 2 0.809262 0.6974452774 2 0 0 0 0 0 0
1 0.8055 0.717916042 0.0598 0.0454272864 0.805 0.6964017991 2 0.7768 0.6965517241 2 0.8344 0.6970014993 2 0.8068 0.7397301349 2 0 0 0 0 0 0
