3 0.1315078125 0.4179765625 0.263015625 0.604171875 0 0 0 0.234375 0.14453125 2 0.16796875 0.7109375 2 0 0 0 0 0 0 0 0 0
3 0.190625 0.41640625 0.38125 0.6046875 0 0.48828125 2 0.3528640625 0.1432296875 2 0.2864578125 0.7096359375 2 0 0 0 0 0 0 0 0 0
3 0.3040390625 0.4075546875 0.423171875 0.627609375 0.1341140625 0.4674484375 2 0.4869796875 0.1223953125 2 0.4348953125 0.71484375 2 0 0 0 0 0 0 0 0 0
3 0.4095078125 0.4062578125 0.423171875 0.627609375 0.2395828125 0.4661453125 2 0.5924484375 0.12109375 2 0.5403640625 0.7135421875 2 0 0 0 0 0 0 0 0 0
3 0.4752578125 0.42121875 0.348953125 0.60546875 0.3411453125 0.453125 2 0.6432296875 0.1692703125 2 0.6223953125 0.7174484375 2 0 0 0 0 0 0 0 0 0
3 0.1868515625 0.9251328125 0.157546875 0.149734375 0.125 0.9700515625 2 0.2578125 0.859375 2 0 0 0 0 0 0 0 0 0 0 0 0
3 0.1490859375 0.9251328125 0.157546875 0.149734375 0.0872390625 0.9700515625 2 0.2200515625 0.859375 2 0 0 0 0 0 0 0 0 0 0 0 0
3 0.1113203125 0.9251328125 0.157546875 0.149734375 0.0494796875 0.9700515625 2 0.1822921875 0.859375 2 0 0 0 0 0 0 0 0 0 0 0 0
3 0.0787734375 0.9231796875 0.157546875 0.153640625 0.0169265625 0.9661453125 2 0.1510421875 0.8606765625 2 0 0 0 0 0 0 0 0 0 0 0 0
3 0.06640625 0.9231796875 0.1328125 0.153640625 0 0 0 0.1106765625 0.8606765625 2 0 0 0 0 0 0 0 0 0 0 0 0
3 0.1790390625 0.7753828125 0.157546875 0.149734375 0.1171875 0.73046875 2 0.25 0.8411453125 2 0.25390625 0.6510421875 1 0 0 0 0 0 0 0 0 0
3 0.1334609375 0.7714765625 0.157546875 0.149734375 0.0716140625 0.7265625 2 0.2044265625 0.8372390625 2 0.2083328125 0.6471359375 1 0 0 0 0 0 0 0 0 0
3 0.0996015625 0.7766953125 0.157546875 0.149734375 0.0377609375 0.7317703125 2 0.1705734375 0.8424484375 2 0.1744796875 0.65234375 1 0 0 0 0 0 0 0 0 0
3 0.06875 0.784375 0.1375 0.128125 0 0 0 0.1302078125 0.83984375 2 0.1341140625 0.6497390625 1 0 0 0 0 0 0 0 0 0
3 0.7135390625 0.52703125 0.129546875 0.18203125 0.760240625 0.5198703125 2 0.651234375 0.455584375 2 0.6498375 0.5981296875 2 0 0 0 0 0 0 0 0 0
3 0.7568515625 0.5172421875 0.210609375 0.263078125 0.844090625 0.5212671875 2 0.6526328125 0.4024796875 2 0.6596203125 0.644246875 2 0 0 0 0 0 0 0 0 0
3 0.8686640625 0.5004765625 0.210609375 0.263078125 0.955890625 0.504496875 2 0.7644328125 0.385709375 2 0.7714203125 0.627478125 2 0 0 0 0 0 0 0 0 0
3 0.93046875 0.4828125 0.1390625 0.29375 0 0 0 0.8776296875 0.3535671875 2 0.881821875 0.6121046875 2 0 0 0 0 0 0 0 0 0
3 0.7177265625 0.22446875 0.140734375 0.22534375 0.770021875 0.224996875 2 0.6456453125 0.1299671875 2 0.6498375 0.3186296875 2 0 0 0 0 0 0 0 0 0
3 0.772234375 0.195125 0.2469375 0.36509375 0.8776296875 0.2166125 2 0.648440625 0.041925 2 0.6735953125 0.368940625 2 0 0 0 0 0 0 0 0 0
3 0.87653125 0.182546875 0.2469375 0.36509375 0.98193125 0.204034375 2 0.752740625 0.029346875 2 0.7778953125 0.3563625 2 0 0 0 0 0 0 0 0 0
3 0.9478046875 0.1909375 0.104390625 0.36509375 0 0 0 0.8952859375 0.0377328125 2 0.9153625 0.343784375 2 0 0 0 0 0 0 0 0 0
