1 0.239578125 0.6907578125 0.2734375 0.423171875 0.2395828125 0.5013015625 2 0.1063109375 0.4845015625 2 0.3658859375 0.51171875 2 0.2109375 0.8971359375 2 0 0 0 0 0 0
1 0.5664140625 0.7207109375 0.276046875 0.436203125 0.5638015625 0.52734375 2 0.4348953125 0.515625 2 0.6927078125 0.54296875 2 0.5403640625 0.9309890625 2 0 0 0 0 0 0
1 0.5221328125 0.7538984375 0.270828125 0.442703125 0.51953125 0.9453125 2 0.6510421875 0.9609375 2 0.39453125 0.9322921875 2 0.546875 0.5403640625 2 0 0 0 0 0 0
1 0.404953125 0.724609375 0.2734375 0.43359375 0.40234375 0.5325515625 2 0.2716765625 0.513278125 2 0.52734375 0.5403640625 2 0.3723953125 0.9375 2 0 0 0 0 0 0
1 0.2304609375 0.7291640625 0.278640625 0.427078125 0.23046875 0.9166671875 2 0.1015625 0.9049484375 2 0.3619796875 0.92578125 2 0.2630203125 0.51953125 2 0 0 0 0 0 0
1 0.2779921875 0.2057265625 0.272140625 0.348953125 0.2747390625 0.05859375 2 0.15625 0.0481765625 2 0.4010421875 0.0690109375 2 0.2591140625 0.3776046875 2 0 0 0 0 0 0
1 0.6028671875 0.23503125 0.278640625 0.35546875 0.6015625 0.0859375 2 0.4674484375 0.0703125 2 0.7317703125 0.0963546875 2 0.57421875 0.3997390625 2 0 0 0 0 0 0
1 0.5631484375 0.270828125 0.272140625 0.34375 0.5572921875 0.4192703125 2 0.6888015625 0.4309890625 2 0.4322921875 0.4114578125 2 0.578125 0.1041671875 2 0 0 0 0 0 0
1 0.4329375 0.24153125 0.26953125 0.33984375 0.4388015625 0.0924484375 2 0.3072921875 0.08203125 2 0.5625 0.1028640625 2 0.4127609375 0.4049484375 2 0 0 0 0 0 0
1 0.26953125 0.2408828125 0.265625 0.338546875 0.2734375 0.3932296875 2 0.1432296875 0.3828125 2 0.3971359375 0.3997390625 2 0.2981765625 0.0755203125 2 0 0 0 0 0 0
