1 0.090625 0.61484375 0.18125 0.4265625 0.1067703125 0.4375 2 0.0494796875 0.4153640625 2 0.1744796875 0.4661453125 2 0 0.8138015625 2 0 0 0 0 0 0
1 0.166671875 0.6731796875 0.2109375 0.494796875 0.1966140625 0.4609375 2 0.1393234375 0.4388015625 2 0.2643234375 0.4895828125 2 0.0690109375 0.9049484375 2 0 0 0 0 0 0
1 0.2610703125 0.661453125 0.217453125 0.5546875 0.2903640625 0.4192703125 2 0.2330734375 0.3971359375 2 0.3580734375 0.4479171875 2 0.16015625 0.9296875 2 0 0 0 0 0 0
1 0.3665390625 0.6868515625 0.227859375 0.555984375 0.4010421875 0.4440109375 2 0.34375 0.421875 2 0.46875 0.47265625 2 0.2643234375 0.9557296875 2 0 0 0 0 0 0
1 0.53203125 0.7421875 0.2046875 0.515625 0.5559890625 0.53125 2 0.4986984375 0.5091140625 2 0.6236984375 0.5598953125 2 0.4427078125 1 2 0 0 0 0 0 0
1 0.44609375 0.7421875 0.2046875 0.515625 0.4700515625 0.53125 2 0.4127609375 0.5091140625 1 0.5377609375 0.5598953125 2 0.3606765625 0.9817703125 2 0 0 0 0 0 0
1 0.6250078125 0.7454453125 0.205734375 0.509109375 0.6484375 0.5377609375 2 0.5911453125 0.515625 2 0.7161453125 0.56640625 2 0.5364578125 1 2 0 0 0 0 0 0
1 0.7148515625 0.7473984375 0.190109375 0.505203125 0.73046875 0.5416671875 2 0.6731765625 0.51953125 2 0.7981765625 0.5703125 2 0.6328125 0.9986984375 2 0 0 0 0 0 0
1 0.8151015625 0.7565078125 0.161453125 0.486984375 0.81640625 0.5598953125 2 0.7591140625 0.546875 2 0.8815109375 0.5729171875 2 0.74609375 0.99609375 2 0 0 0 0 0 0
1 0.1666640625 0.19921875 0.205734375 0.3984375 0 0 0 0 0 0 0.26171875 0.0091140625 2 0.0755203125 0.3880203125 2 0 0 0 0 0 0
1 0.24296875 0.225 0.2109375 0.45 0 0 0 0 0 0 0.3411453125 0.01953125 2 0.1458328125 0.4348953125 2 0 0 0 0 0 0
1 0.3352890625 0.2037734375 0.196609375 0.407546875 0.3541671875 0.0286453125 2 0.296875 0.0065109375 2 0.421875 0.057290625 2 0.2486984375 0.3919265625 2 0 0 0 0 0 0
1 0.419265625 0.2193984375 0.203125 0.438796875 0.44140625 0.03515625 2 0.3841140625 0.0130203125 2 0.5091140625 0.0638015625 2 0.33203125 0.4231765625 2 0 0 0 0 0 0
1 0.5781328125 0.2578125 0.205734375 0.46875 0.6015625 0.0703125 2 0.5442703125 0.0481765625 2 0.6692703125 0.0989578125 2 0.4973953125 0.4791671875 2 0 0 0 0 0 0
1 0.506515625 0.2298203125 0.1953125 0.436203125 0.5247390625 0.05859375 2 0.4674484375 0.0364578125 2 0.5924484375 0.0872390625 2 0.4231765625 0.4309890625 2 0 0 0 0 0 0
1 0.6673125 0.2714921875 0.19140625 0.475265625 0.68359375 0.0807296875 2 0.6263015625 0.05859375 2 0.7513015625 0.109375 2 0.5872390625 0.4908859375 2 0 0 0 0 0 0
1 0.7591171875 0.2871015625 0.177078125 0.454421875 0.7682296875 0.1067703125 2 0.7109375 0.0846359375 2 0.8359375 0.1354171875 2 0.6770828125 0.5026046875 2 0 0 0 0 0 0
1 0.8437578125 0.305984375 0.182296875 0.46875 0.85546875 0.1184890625 2 0.796875 0.0950515625 2 0.9244796875 0.1458328125 2 0.7669265625 0.53125 2 0 0 0 0 0 0
1 0.919921875 0.3203125 0.16015625 0.46875 0.9427078125 0.1328125 2 0.8841140625 0.109375 2 1 0.15625 2 0.8541671875 0.5455734375 2 0 0 0 0 0 0
