2 0.1367861886 0.3937883436 0.2735723772 0.2773619632 0.2425856574 0.4005199387 2 0.256750332 0.5242960123 2 0.224877822 0.2562852761 2 0.0358565737 0.3999693252 2 0.0579907039 0.5257898773 2 0.0110664011 0.2618711656 2
2 0.3665338645 0.3886579755 0.2496679947 0.2824386503 0.4772018592 0.3938282209 2 0.4825139442 0.5247653374 2 0.4727755644 0.2516395706 2 0.2638339973 0.3979202454 2 0.277998672 0.5237423313 2 0.2487822045 0.2536855828 2
2 0.6100066401 0.3932592025 0.2532138114 0.2732361963 0.7153612218 0.3968972393 2 0.7082775564 0.5257868098 2 0.7242138114 0.2618696319 2 0.4957941567 0.3968972393 2 0.4993359894 0.5257868098 2 0.4895976096 0.2598236196 2
2 0.8579017264 0.3906518405 0.2841965471 0.290291411 0.967685259 0.3979202454 2 0.9871620186 0.2516395706 2 0.9490929615 0.5298788344 2 0.7330677291 0.3999662577 2 0.7428061089 0.2506165644 2 0.7233293493 0.5257868098 2
2 0.1737383798 0.7247315951 0.2390039841 0.2163957055 0.2647954847 0.7294095092 2 0.2812788845 0.8313911043 2 0.250438247 0.6163696319 2 0.0861381142 0.7312530675 2 0.104747676 0.8307776074 2 0.0643373174 0.6231273006 2
2 0.1621779548 0.8343711656 0.2254448871 0.2016871166 0.251501992 0.8393788344 2 0.2663904382 0.9321457055 2 0.2360823373 0.7380107362 2 0.0792257636 0.8399923313 2 0.0973041169 0.9296886503 2 0.0579575033 0.7392392638 2
2 0.3522642762 0.8386349693 0.2142762284 0.1950920245 0.2701115538 0.8430644172 2 0.2520332005 0.7459969325 2 0.2812788845 0.9333742331 2 0.4455790173 0.8449079755 2 0.4391978752 0.7459969325 2 0.4514276228 0.9382883436 2
2 0.3748605578 0.7345398773 0.2222576361 0.2212576687 0.4695059761 0.737351227 2 0.4748233732 0.8399478528 2 0.465252324 0.6255398773 2 0.2855325365 0.7361226994 2 0.2951022576 0.833803681 2 0.2706440903 0.6255398773 2
2 0.5846215139 0.7418941718 0.2201328021 0.2230828221 0.6808632138 0.7471579755 2 0.6771407703 0.8503696319 2 0.6867118194 0.6347315951 2 0.4883824701 0.7410153374 2 0.4915723772 0.8436119632 2 0.4814701195 0.6304309816 2
2 0.5505909695 0.856756135 0.2094953519 0.2059355828 0.6447065073 0.8620429448 2 0.6431115538 0.9566518405 2 0.6484289509 0.7594447853 2 0.4575418327 0.855898773 2 0.4623280212 0.952351227 2 0.4522257636 0.7529953988 2
2 0.8122045153 0.7501457055 0.246188579 0.2265184049 0.9092350598 0.7548420245 2 0.9246560425 0.6393435583 2 0.8980690571 0.8592806748 2 0.7039933599 0.7474693252 2 0.7066520584 0.6356579755 2 0.6965484728 0.8519095092 2
2 0.759561753 0.8696625767 0.2259760956 0.207791411 0.6587968127 0.8654248466 2 0.6561381142 0.9600352761 2 0.6614555113 0.7652852761 2 0.855 0.8721825153 2 0.8480889774 0.9698634969 2 0.8645710491 0.7640567485 2
