1 0.2421875 0.703125 0.2578125 0.40625 0.24609375 0.5260421875 2 0.1197921875 0.5208328125 2 0.3645828125 0.5338546875 2 0.2278640625 0.8997390625 2 0 0 0 0 0 0
1 0.3593828125 0.7128984375 0.260421875 0.397140625 0.3606765625 0.8997390625 2 0.47265625 0.9036453125 2 0.2434890625 0.89453125 2 0.3802078125 0.5260421875 2 0 0 0 0 0 0
1 0.5078203125 0.7128828125 0.244796875 0.399734375 0.5065109375 0.53515625 2 0.3932296875 0.5260421875 2 0.6184890625 0.5442703125 2 0.48828125 0.90234375 2 0 0 0 0 0 0
1 0.5104140625 0.7467421875 0.244796875 0.397140625 0.5143234375 0.9231765625 2 0.6223953125 0.9283859375 2 0.3919265625 0.9205734375 2 0.52734375 0.5494796875 2 0 0 0 0 0 0
1 0.2044296875 0.7304609375 0.260421875 0.388015625 0.2096359375 0.9153640625 2 0.0833328125 0.9088546875 2 0.3255203125 0.9166671875 2 0.2174484375 0.5390625 2 0 0 0 0 0 0
1 0.2480390625 0.2154921875 0.259109375 0.399734375 0.2578125 0.03515625 2 0.1354171875 0.0260421875 2 0.375 0.0442703125 2 0.2408859375 0.4114578125 2 0 0 0 0 0 0
1 0.5130234375 0.2649765625 0.244796875 0.389328125 0.515625 0.4505203125 2 0.6263015625 0.4505203125 2 0.3958328125 0.4427078125 2 0.53125 0.0755203125 2 0 0 0 0 0 0
1 0.2233125 0.248828125 0.25390625 0.40859375 0.2265625 0.4338546875 2 0.3411453125 0.4377609375 2 0.1028640625 0.4234375 2 0.2356765625 0.0549484375 2 0 0 0 0 0 0
1 0.3697890625 0.2382734375 0.247390625 0.388015625 0.3697921875 0.41796875 2 0.4869796875 0.421875 2 0.2513015625 0.4166671875 2 0.38671875 0.0481765625 2 0 0 0 0 0 0
1 0.50846875 0.240234375 0.23046875 0.38671875 0.5169265625 0.0559890625 2 0.6145828125 0.0638015625 2 0.396134375 0.05175 2 0.4986984375 0.42578125 2 0 0 0 0 0 0
1 0.661453125 0.8027421875 0.2109375 0.319015625 0.66015625 0.6575515625 2 0.5625 0.6575515625 2 0.76171875 0.6575515625 2 0.6536453125 0.953125 2 0 0 0 0 0 0
1 0.6445390625 0.8287734375 0.205734375 0.319015625 0.63671875 0.9752609375 2 0.55859375 0.9752609375 2 0.7291671875 0.9778640625 2 0.6510421875 0.6744796875 2 0 0 0 0 0 0
1 0.7571640625 0.8131484375 0.196609375 0.321609375 0.7565109375 0.9609375 2 0.84765625 0.9583328125 2 0.66796875 0.9635421875 2 0.7708328125 0.66015625 2 0 0 0 0 0 0
1 0.873046875 0.80925 0.19921875 0.32421875 0.8684890625 0.6614578125 2 0.7747390625 0.6614578125 2 0.9674484375 0.6575515625 2 0.8528640625 0.9583328125 2 0 0 0 0 0 0
1 0.63996875 0.4081953125 0.19921875 0.313796875 0.6432296875 0.2591140625 2 0.5481765625 0.26171875 2 0.734375 0.2604171875 2 0.6315109375 0.5625 2 0 0 0 0 0 0
1 0.626296875 0.4309921875 0.1796875 0.322921875 0.6223953125 0.5833328125 2 0.5377609375 0.5833328125 2 0.7109375 0.58203125 2 0.6252765625 0.2736015625 2 0 0 0 0 0 0
1 0.7434921875 0.4199140625 0.200515625 0.313796875 0.73828125 0.56640625 2 0.8359375 0.5677078125 2 0.6458328125 0.5625 2 0.7513015625 0.2669265625 2 0 0 0 0 0 0
1 0.8606796875 0.4388046875 0.200515625 0.322921875 0.8567703125 0.5846359375 2 0.9479171875 0.5833328125 2 0.7630203125 0.5885421875 2 0.87109375 0.2799484375 2 0 0 0 0 0 0
1 0.86003125 0.4095078125 0.19140625 0.313796875 0.8580734375 0.26171875 2 0.94921875 0.2630203125 2 0.7682296875 0.265625 2 0.84375 0.5572921875 2 0 0 0 0 0 0
