2 0.6181666667 0.086402439 0.0281372549 0.0492508711 0.6181627451 0.0663937282 2 0.6311715686 0.0653188153 2 0.6056078431 0.067738676 2 0.6177088235 0.1086132404 2 0.6320794118 0.1075365854 2 0.6062127451 0.1094198606 2
2 0.6025980392 0.0976829268 0.0291176471 0.0499651568 0.6019509804 0.0778606272 2 0.5884882353 0.0797439024 2 0.6161696078 0.0762473868 2 0.6017431373 0.1190226481 2 0.5891862745 0.1207857143 2 0.6170352941 0.117033101 2
2 0.5881666667 0.0958013937 0.0272941176 0.0495470383 0.5881911765 0.0752595819 2 0.5766294118 0.0765853659 2 0.6003754902 0.0734912892 2 0.5875696078 0.117033101 2 0.5751372549 0.1185801394 2 0.6012460784 0.1157073171 2
2 0.5742009804 0.1047560976 0.0272254902 0.0475609756 0.5746401961 0.0860888502 2 0.5629529412 0.087195122 2 0.5855803922 0.0843205575 2 0.5740186275 0.126315331 2 0.5628284314 0.1278641115 2 0.5871970588 0.1247682927 2
2 0.560622549 0.1011149826 0.0264215686 0.0468989547 0.5618343137 0.0823327526 2 0.5495254902 0.0829947735 2 0.5733970588 0.0814477352 2 0.5613372549 0.121674216 2 0.549277451 0.1225592334 2 0.573645098 0.1207909408 2
2 0.5449852941 0.1074041812 0.0282254902 0.0475609756 0.5449882353 0.0863118467 2 0.5328039216 0.0869756098 2 0.5576696078 0.0860905923 2 0.5446147059 0.1283066202 2 0.5323068627 0.129412892 2 0.5549343137 0.1278658537 2
2 0.6178382353 0.1319250871 0.0279705882 0.0479965157 0.6180303922 0.1101777003 2 0.6042294118 0.1115034843 2 0.631954902 0.1090714286 2 0.6182784314 0.1532770035 2 0.6046029412 0.1543815331 2 0.6314578431 0.1530557491 2
2 0.6023970588 0.1465069686 0.0294019608 0.0502264808 0.6019921569 0.1256480836 2 0.5889372549 0.1269756098 2 0.6146735294 0.1238815331 2 0.6016186275 0.1680853659 2 0.588377451 0.1689425087 2 0.6144245098 0.1669808362 2
2 0.5867303922 0.1437979094 0.0264215686 0.0441463415 0.5875696078 0.1238815331 2 0.5740186275 0.1243222997 2 0.5992568627 0.12321777 2 0.5869480392 0.1632229965 2 0.5742666667 0.1641080139 2 0.5993813725 0.1627804878 2
2 0.5579754902 0.1445731707 0.0268529412 0.0456968641 0.5578558824 0.1252073171 2 0.5461686275 0.1252073171 2 0.5704127451 0.1247648084 2 0.5576068627 0.1643292683 2 0.5451745098 0.1652125436 2 0.5702882353 0.1641080139 2
2 0.54325 0.152587108 0.0257352941 0.0491114983 0.5429990196 0.1320592334 2 0.5314362745 0.1325 2 0.5549343137 0.1307317073 2 0.54275 0.1731689895 2 0.5309392157 0.174054007 2 0.5555558824 0.1720644599 2
2 0.5438382353 0.2005313589 0.0253039216 0.0522125436 0.5439931373 0.1808763066 2 0.5318088235 0.1819808362 2 0.5563019608 0.1793292683 2 0.5438686275 0.2237560976 2 0.5323068627 0.2246393728 2 0.5556803922 0.2228710801 2
2 0.5573627451 0.1906271777 0.0269803922 0.0503135889 0.5569235294 0.1687195122 2 0.5446147059 0.1682787456 2 0.5701019608 0.1684982578 2 0.55655 0.2127038328 2 0.5442421569 0.2135888502 2 0.5682372549 0.2127038328 2
2 0.572495098 0.1497038328 0.0254215686 0.0473170732 0.5729617647 0.1289372822 2 0.56115 0.1293780488 2 0.584772549 0.1287160279 2 0.5727127451 0.1709320557 2 0.5599068627 0.1709320557 2 0.5836539216 0.1709320557 2
2 0.5720931373 0.1986498258 0.0246176471 0.0484494774 0.5734588235 0.1782264808 2 0.5609019608 0.1786672474 2 0.5846480392 0.1777839721 2 0.5728372549 0.2204407666 2 0.5601558824 0.2211045296 2 0.583404902 0.2202195122 2
2 0.5856421569 0.1885888502 0.0278529412 0.0468989547 0.5857666667 0.1662909408 2 0.5724637255 0.1662909408 2 0.5982 0.166510453 2 0.5857666667 0.2085069686 2 0.5723401961 0.2089477352 2 0.5977029412 0.2078432056 2
2 0.5996029412 0.1933362369 0.0256764706 0.0524216028 0.6004382353 0.1702682927 2 0.5882539216 0.1713728223 2 0.6123735294 0.1693850174 2 0.5996921569 0.2142526132 2 0.5881294118 0.2140313589 2 0.6115029412 0.2140313589 2
2 0.6187696078 0.1832926829 0.0294607843 0.0495470383 0.6200813725 0.1634163763 2 0.6072754902 0.1634163763 2 0.6327627451 0.1627543554 2 0.6198323529 0.2056324042 2 0.6059078431 0.2058536585 2 0.6317686275 0.2054111498 2
2 0.6142990196 0.2315156794 0.0294607843 0.0485714286 0.6144862745 0.2102735192 2 0.601804902 0.2109372822 2 0.6286598039 0.2096114983 2 0.6134921569 0.2529320557 2 0.6001892157 0.2540365854 2 0.626422549 0.2529320557 2
2 0.5983284314 0.2395905923 0.0271078431 0.0474738676 0.5988215686 0.2184529617 2 0.5862647059 0.218674216 2 0.6112539216 0.218010453 2 0.5980754902 0.2606689895 2 0.585145098 0.2624355401 2 0.611627451 0.2597839721 2
2 0.5851470588 0.2355487805 0.0273529412 0.0493554007 0.5855186275 0.2142526132 2 0.5723401961 0.2153571429 2 0.598572549 0.2131480836 2 0.5846480392 0.2571324042 2 0.5719666667 0.2580156794 2 0.5963352941 0.2566898955 2
2 0.5703480392 0.2458275261 0.0271078431 0.0486933798 0.5705990196 0.225304878 2 0.5596588235 0.225304878 2 0.5830323529 0.2250836237 2 0.5703509804 0.2666358885 2 0.5572960784 0.2675191638 2 0.5831558824 0.2657526132 2
2 0.5570441176 0.239912892 0.0253627451 0.0472473868 0.5567990196 0.2197787456 2 0.5447392157 0.22 2 0.5693558824 0.2188937282 2 0.5566745098 0.2604477352 2 0.5448637255 0.2615522648 2 0.5687343137 0.2600052265 2
2 0.5437156863 0.2493554007 0.0248039216 0.0491289199 0.5441176471 0.22928223 2 0.5321823529 0.2295034843 2 0.5554313725 0.2283989547 2 0.5438686275 0.2703937282 2 0.5323068627 0.2712770035 2 0.5558039216 0.2699512195 2
2 0.5195637255 0.1429790941 0.024245098 0.0884320557 0.5196254902 0.1040853659 2 0.5076892157 0.1060749129 2 0.5310627451 0.1020958188 2 0.5193764706 0.1847595819 2 0.5075656863 0.1852020906 2 0.5305656863 0.1845383275 2
2 0.5182205882 0.2323606272 0.0257941176 0.0913414634 0.5185058824 0.1913763066 2 0.506695098 0.1918188153 2 0.5310627451 0.1896080139 2 0.5173872549 0.2751445993 2 0.5063215686 0.275587108 2 0.5285764706 0.2678519164 2
2 0.507754902 0.1402090592 0.024745098 0.0899651568 0.5083117647 0.1000923345 2 0.497495098 0.1020818815 2 0.5198735294 0.0974407666 2 0.5078137255 0.1812090592 2 0.4973705882 0.1829773519 2 0.5183823529 0.180325784 2
2 0.5060098039 0.2270383275 0.0244901961 0.09 0.5073166667 0.184966899 2 0.4962519608 0.1862926829 2 0.5180088235 0.1840818815 1 0.5059490196 0.2680731707 2 0.4942627451 0.2693989547 2 0.5178843137 0.2685139373 2
2 0.4949166667 0.1503658537 0.0254215686 0.0904181185 0.4950088235 0.1100383275 2 0.4838186275 0.1115853659 2 0.5073166667 0.1076080139 2 0.4947441176 0.1917003484 2 0.4831970588 0.1944703833 2 0.5055764706 0.1924808362 2
2 0.4936421569 0.2376480836 0.023872549 0.0860278746 0.4938892157 0.1977857143 2 0.4827 0.199554007 2 0.5044568627 0.196238676 2 0.4934803922 0.2769843206 2 0.482327451 0.2784599303 2 0.505327451 0.2775766551 2
2 0.4821372549 0.1409320557 0.023745098 0.0907491289 0.4819539216 0.1025243902 2 0.4703911765 0.1042926829 2 0.492895098 0.0994303136 2 0.4815813725 0.1825348432 2 0.4706401961 0.183641115 2 0.4938892157 0.1818728223 2
2 0.4816078431 0.2297038328 0.0251764706 0.09 0.4810833333 0.1891655052 2 0.4703911765 0.1911550523 2 0.4933921569 0.1871777003 2 0.4804617647 0.2707247387 2 0.469645098 0.2716080139 2 0.4930196078 0.2705034843 2
2 0.4704558824 0.1562804878 0.021754902 0.0883101045 0.4707647059 0.1168902439 2 0.4598235294 0.1184372822 2 0.4800892157 0.1153432056 2 0.4700186275 0.1971236934 2 0.4595754902 0.1980069686 2 0.4803382353 0.196902439 2
2 0.4692107843 0.242412892 0.0235 0.0875783972 0.469272549 0.2019860627 2 0.459077451 0.2022073171 2 0.4800892157 0.2013222997 2 0.4686509804 0.2831027875 2 0.4579588235 0.2839860627 2 0.4809598039 0.2817752613 2
2 0.4590098039 0.1491463415 0.0244901961 0.0879790941 0.458704902 0.1104808362 2 0.4481372549 0.1120278746 2 0.4703911765 0.1093763066 2 0.4580833333 0.1907125436 2 0.4470176471 0.1913763066 2 0.4687754902 0.1900505226 2
2 0.4576519608 0.2363327526 0.0235 0.0855923345 0.4574617647 0.196902439 2 0.4471421569 0.1966811847 2 0.4690235294 0.1966811847 2 0.4568401961 0.2760296167 2 0.4463960784 0.276912892 2 0.4684019608 0.2758083624 2
2 0.4469215686 0.162238676 0.0229411765 0.0869860627 0.4470176471 0.1233013937 2 0.4359529412 0.124184669 2 0.4578343137 0.122195122 2 0.4461480392 0.2030905923 2 0.4358284314 0.2037543554 2 0.4573372549 0.2026480836 2
2 0.4456519608 0.2484843206 0.0236176471 0.0864808362 0.4460235294 0.2090592334 2 0.436077451 0.2095 2 0.4563421569 0.2086167247 2 0.4451529412 0.2873013937 2 0.4339637255 0.2884076655 2 0.4572127451 0.2864181185 2
2 0.4349607843 0.1548954704 0.0241176471 0.0866550523 0.4352068627 0.1175557491 2 0.4243901961 0.1208710801 2 0.446272549 0.1137979094 2 0.4350823529 0.1957996516 2 0.4232715686 0.1966829268 2 0.444904902 0.1951358885 2
2 0.4334705882 0.2390853659 0.023372549 0.0862543554 0.4333421569 0.2008832753 2 0.4232715686 0.2022090592 2 0.4447803922 0.1991149826 2 0.4329686275 0.2789041812 2 0.4228990196 0.2791254355 2 0.4429156863 0.2784634146 2
2 0.4227156863 0.1660714286 0.024745098 0.086010453 0.4237686275 0.1281655052 2 0.4133254902 0.1297125436 2 0.4347098039 0.1263972125 2 0.4224009804 0.2068501742 2 0.4108392157 0.2075139373 2 0.4319745098 0.2066289199 2
2 0.4201029412 0.2491463415 0.022754902 0.0838327526 0.4207852941 0.2097247387 2 0.4312284314 0.2088397213 2 0.4093470588 0.2099442509 2 0.4204117647 0.2881881533 2 0.4311039216 0.287966899 2 0.4090980392 0.2892926829 2
2 0.4021372549 0.1629006969 0.0203921569 0.0830139373 0.4018872549 0.1252926829 2 0.3925627451 0.1266184669 2 0.4110872549 0.1237456446 2 0.4020117647 0.2019878049 2 0.3921901961 0.2033135889 2 0.4120823529 0.201325784 2
2 0.4009264706 0.2453919861 0.0209509804 0.0842682927 0.4008931373 0.2061881533 2 0.3921901961 0.2066289199 2 0.4113362745 0.2055243902 2 0.400022549 0.2844303136 2 0.3916921569 0.2855365854 2 0.4097196078 0.2839878049 2
2 0.3906078431 0.1731881533 0.0214509804 0.0850174216 0.3904490196 0.1356794425 2 0.380254902 0.1365644599 2 0.4008931373 0.1332491289 2 0.3902009804 0.2117125436 2 0.3803784314 0.2121550523 2 0.3996490196 0.2110505226 2
2 0.388372549 0.2551219512 0.0236862745 0.0838327526 0.3889568627 0.2163554007 2 0.3792598039 0.2174599303 2 0.3995254902 0.2150278746 2 0.3882068627 0.2934355401 2 0.3767735294 0.294597561 2 0.3998980392 0.2943763066 2
2 0.3787647059 0.1645557491 0.0205098039 0.0836759582 0.3784519608 0.1266149826 2 0.3685058824 0.1292682927 2 0.3882735294 0.1246254355 2 0.3786245098 0.2028188153 2 0.3685058824 0.2053013937 2 0.3883980392 0.2033118467 2
2 0.3777696078 0.2478745645 0.0210098039 0.0832752613 0.3780784314 0.2092787456 2 0.3678843137 0.2099425087 2 0.3881490196 0.2086167247 2 0.3776264706 0.2859425087 2 0.3671382353 0.2877439024 2 0.3877764706 0.2866376307 2
2 0.3670490196 0.1774825784 0.0197058824 0.0816898955 0.3677598039 0.1394355401 2 0.3584352941 0.140761324 2 0.3765862745 0.1378885017 2 0.3669117647 0.2148397213 2 0.3578137255 0.2167944251 2 0.3767107843 0.2150261324 2
2 0.3650245098 0.258815331 0.0236176471 0.0826132404 0.3670137255 0.2205522648 2 0.3573156863 0.2205522648 2 0.3760892157 0.2198885017 2 0.3660186275 0.2970261324 2 0.354704902 0.298130662 2 0.3768352941 0.2963641115 2
2 0.3568235294 0.1699216028 0.022627451 0.0817944251 0.3574401961 0.134130662 2 0.3463754902 0.1352351916 2 0.3680078431 0.132804878 2 0.3566666667 0.2073205575 2 0.3467480392 0.2095 2 0.3680078431 0.2072891986 2
2 0.3551764706 0.2504703833 0.0225686275 0.0838327526 0.3553264706 0.2123745645 2 0.3453803922 0.2132578397 2 0.3655215686 0.2112682927 2 0.3549539216 0.2890696864 2 0.3442617647 0.2899529617 2 0.3653970588 0.2877439024 2
2 0.3446960784 0.1796602787 0.0244901961 0.0827003484 0.3452558824 0.1429721254 2 0.3358078431 0.1438554007 2 0.3563215686 0.1416445993 2 0.3445323529 0.2174494774 2 0.3336941176 0.2192247387 2 0.3545813725 0.2181202091 2
2 0.3429901961 0.2604181185 0.0230588235 0.0825087108 0.3432666667 0.2225400697 2 0.3351862745 0.2232038328 2 0.3533372549 0.2218780488 2 0.3423970588 0.2983519164 2 0.3318294118 0.2994581882 2 0.3525921569 0.2979111498 2
2 0.3304901961 0.1676132404 0.0204509804 0.0831358885 0.3294666667 0.1302665505 2 0.3210127451 0.1313728223 2 0.3396617647 0.1284982578 2 0.3282235294 0.2060783972 2 0.3203911765 0.2074059233 2 0.3401588235 0.2054163763 2
2 0.3305588235 0.2494250871 0.0193333333 0.0843902439 0.3289696078 0.2105 2 0.3210127451 0.2102787456 1 0.3396617647 0.2100574913 2 0.328472549 0.289184669 2 0.3211372549 0.2896271777 2 0.3372990196 0.2894059233 2
2 0.3147696078 0.1741811847 0.0213235294 0.082369338 0.3146715686 0.1371184669 2 0.3041039216 0.13778223 2 0.3247421569 0.1357926829 2 0.3146215686 0.2118327526 2 0.3046009804 0.2135940767 2 0.324245098 0.2127108014 2
2 0.312245098 0.2549912892 0.023745098 0.0842682927 0.3131803922 0.217130662 2 0.3038558824 0.2180139373 2 0.3236235294 0.2160261324 2 0.3116882353 0.2936062718 2 0.3011205882 0.2949320557 2 0.3231264706 0.2936062718 2
2 0.3032941176 0.1682142857 0.023 0.0810278746 0.3047254902 0.1324773519 2 0.2951529412 0.1342456446 2 0.3145480392 0.1307090592 2 0.3031411765 0.2052578397 2 0.2936607843 0.207184669 2 0.3133039216 0.205858885 2
2 0.3000588235 0.2487020906 0.0197647059 0.08228223 0.3008715686 0.2100574913 2 0.291422549 0.2113832753 2 0.309077451 0.209174216 2 0.2999303922 0.2863205575 2 0.2909254902 0.2885226481 2 0.3092009804 0.286533101 2
2 0.2826617647 0.181141115 0.0206372549 0.0797038328 0.2837764706 0.1438432056 2 0.2747009804 0.1449494774 2 0.2921068627 0.142738676 2 0.2817872549 0.2185505226 2 0.2737058824 0.2194337979 2 0.2902411765 0.2176655052 2
2 0.2802941176 0.2616202091 0.0208823529 0.0822648084 0.2809166667 0.2229703833 2 0.2718411765 0.2236341463 2 0.289122549 0.222087108 2 0.2796735294 0.299445993 2 0.2701009804 0.3005505226 2 0.2888735294 0.2983414634 2
2 0.2725833333 0.1753222997 0.022127451 0.0793554007 0.2728362745 0.1389808362 2 0.2645058824 0.1394233449 2 0.2824088235 0.1383170732 2 0.270722549 0.2128031359 2 0.2627656863 0.213466899 2 0.2796735294 0.2125818815 2
2 0.2693529412 0.25478223 0.0211372549 0.0818292683 0.2702245098 0.2161184669 2 0.2617705882 0.2163397213 2 0.2786794118 0.215456446 2 0.2684843137 0.2932560976 2 0.2594088235 0.2936986063 2 0.2775598039 0.2925940767 2
2 0.2611470588 0.1838414634 0.0218823529 0.0804703833 0.2617705882 0.1478222997 2 0.2521970588 0.1482648084 2 0.2715921569 0.1462752613 2 0.2604029412 0.2218658537 2 0.2508294118 0.2231916376 2 0.2692303922 0.2207595819 2
2 0.2585392157 0.2637195122 0.0211372549 0.0811672474 0.2590352941 0.2262857143 2 0.2482186275 0.2271707317 2 0.2683598039 0.2249599303 2 0.2575441176 0.3012142857 2 0.2484676471 0.3023188153 2 0.2663705882 0.3003292683 2
2 0.2507058824 0.1787108014 0.0211372549 0.078815331 0.2515754902 0.1429599303 2 0.2407598039 0.1425174216 2 0.2610245098 0.1418536585 2 0.2497107843 0.2163397213 2 0.2410078431 0.2172247387 2 0.2586627451 0.215456446 2
2 0.2485931373 0.2576480836 0.0223823529 0.0809407666 0.2488401961 0.2212020906 2 0.2400137255 0.2214233449 2 0.2586627451 0.2198763066 2 0.2479705882 0.2950243902 2 0.2381480392 0.2959094077 2 0.2571705882 0.2950243902 2
2 0.2405147059 0.188641115 0.0213823529 0.0801393728 0.2410078431 0.1515801394 2 0.2313107843 0.1517996516 2 0.2503323529 0.1509163763 2 0.2388941176 0.2262857143 2 0.2295696078 0.2265069686 2 0.248095098 0.2256236934 2
2 0.2377107843 0.2675261324 0.0210098039 0.080174216 0.2388941176 0.2304860627 2 0.2293215686 0.2309285714 2 0.2474735294 0.230043554 2 0.2367813725 0.3047508711 2 0.2268343137 0.305412892 2 0.246727451 0.3034233449 2
2 0.2297843137 0.1838937282 0.0208235294 0.0785888502 0.2311862745 0.1471585366 2 0.223104902 0.1471585366 2 0.2388941176 0.1469372822 2 0.2289480392 0.2205400697 2 0.2206186275 0.2214233449 2 0.2377754902 0.220097561 2
2 0.2283872549 0.2618989547 0.0195196078 0.0781881533 0.2287 0.224738676 2 0.2201215686 0.224738676 2 0.2367813725 0.2242961672 2 0.2268343137 0.2983414634 2 0.2197480392 0.2990034843 2 0.2351647059 0.2978989547 2
2 0.2201176471 0.1911236934 0.0203921569 0.0791463415 0.2197480392 0.156 2 0.2122882353 0.1564425087 2 0.2289480392 0.1548954704 2 0.218504902 0.2282752613 2 0.2098019608 0.22871777 2 0.2274568627 0.2278327526 2
2 0.2178235294 0.2695818815 0.0205098039 0.0796167247 0.2180078431 0.232695122 2 0.2088068627 0.2335801394 2 0.2269588235 0.232033101 2 0.2173862745 0.3060766551 2 0.2080617647 0.3071811847 2 0.2258401961 0.3056341463 2
2 0.2090686275 0.1869512195 0.021372549 0.0814285714 0.2098784314 0.1514947735 2 0.2192127451 0.1507961672 2 0.2007401961 0.1513205575 2 0.2080107843 0.2238118467 2 0.2171490196 0.2224146341 2 0.1987745098 0.2248606272 2
2 0.1984117647 0.1949825784 0.0202941176 0.0796864111 0.1996098039 0.1589181185 2 0.1899803922 0.1594425087 2 0.2081588235 0.1583954704 2 0.1982696078 0.231402439 2 0.1884578431 0.2328954704 2 0.2078147059 0.2323710801 2
2 0.2076911765 0.2662108014 0.0196960784 0.076010453 0.2084529412 0.2305034843 2 0.1991186275 0.2301533101 2 0.215822549 0.2305034843 2 0.207077451 0.301597561 2 0.1983323529 0.3017735192 2 0.2166088235 0.3017735192 2
2 0.1629558824 0.3955923345 0.0227941176 0.0749477352 0.1636480392 0.3610905923 2 0.1545098039 0.3614390244 2 0.1733754902 0.3605662021 2 0.162272549 0.4318362369 2 0.1530362745 0.4313118467 2 0.1692480392 0.4318362369 2
2 0.1587892157 0.4722038328 0.021127451 0.0778571429 0.1596196078 0.4353292683 2 0.150972549 0.4351550523 2 0.1689539216 0.4351550523 2 0.1576539216 0.508695122 2 0.1484176471 0.5092195122 2 0.1652196078 0.5085209059 2
2 0.1720245098 0.4001655052 0.0191078431 0.0762543554 0.1733754902 0.3644094077 2 0.1637460784 0.3651080139 2 0.1805480392 0.3640592334 2 0.1715088235 0.4365522648 2 0.1634509804 0.4369006969 2 0.1795656863 0.4367264808 2
2 0.169122549 0.4767944251 0.0195980392 0.0774216028 0.1703294118 0.4393466899 2 0.1628617647 0.4395226481 2 0.1780921569 0.4396968641 2 0.1681676471 0.513761324 2 0.1607 0.5142839721 2 0.1776990196 0.5139355401 2
2 0.1825833333 0.3922212544 0.0197941176 0.0760801394 0.1823166667 0.3563745645 2 0.1738666667 0.3565487805 2 0.1903735294 0.3561986063 2 0.18045 0.4286916376 2 0.1733754902 0.4286916376 2 0.1881137255 0.4286916376 2
2 0.1787058824 0.4688937282 0.0210784314 0.0775087108 0.1795656863 0.4316620209 2 0.1726872549 0.4318362369 2 0.1883107843 0.4313118467 2 0.1774039216 0.5059006969 2 0.1686588235 0.5057247387 2 0.187622549 0.5057247387 2
2 0.1926568627 0.3976829268 0.0220588235 0.0759930314 0.1942058824 0.3621393728 2 0.1861490196 0.3617891986 2 0.2031470588 0.3617891986 2 0.191454902 0.4341062718 2 0.1827098039 0.434456446 2 0.2005931373 0.4341062718 2
2 0.1893872549 0.4746602787 0.0218137255 0.078554007 0.1898823529 0.4370766551 2 0.1818254902 0.4372508711 2 0.1994137255 0.4370766551 2 0.1878196078 0.5116637631 2 0.178877451 0.5120139373 2 0.1978411765 0.5118397213 2
2 0.2036911765 0.3916550523 0.0221078431 0.0765156794 0.2047196078 0.3556759582 2 0.1953852941 0.3558501742 2 0.2141519608 0.3556759582 2 0.2022627451 0.4285174216 2 0.1939107843 0.4288658537 2 0.2115970588 0.4283414634 2
2 0.20275 0.4691114983 0.0227941176 0.0774216028 0.2031470588 0.4334076655 2 0.1939107843 0.4332334495 2 0.2126784314 0.4328832753 2 0.2009862745 0.5065993031 2 0.1921421569 0.5064233449 2 0.2114990196 0.5064233449 2
2 0.2157058824 0.398858885 0.0201960784 0.0757317073 0.2182794118 0.3637125436 2 0.2093372549 0.3638867596 2 0.2252558824 0.3635383275 2 0.2155637255 0.4334825784 2 0.2072745098 0.4349825784 2 0.2232901961 0.4349825784 2
2 0.2128284314 0.4764547038 0.0209313725 0.0795296167 0.2143490196 0.4383013937 2 0.2054078431 0.4384756098 2 0.2225039216 0.4383013937 2 0.2121872549 0.5141114983 2 0.2028529412 0.5142857143 2 0.2228970588 0.5139372822 2
2 0.2260882353 0.3912630662 0.019745098 0.0762543554 0.2261392157 0.3565505226 2 0.2165107843 0.3563763066 2 0.2354745098 0.3565505226 2 0.2246656863 0.4279947735 2 0.2165107843 0.4281689895 2 0.2335088235 0.4278205575 2
2 0.2239264706 0.4691986063 0.021127451 0.078641115 0.2250588235 0.4332351916 2 0.2159205882 0.4328850174 2 0.2339019608 0.4330609756 2 0.2227990196 0.505902439 2 0.2137588235 0.5062508711 2 0.2316421569 0.505902439 2
2 0.2351813725 0.3975087108 0.0198529412 0.0777351916 0.2356705882 0.3609181185 2 0.2270245098 0.3609181185 2 0.2445137255 0.3607421603 2 0.2341970588 0.4344581882 2 0.2249607843 0.4342839721 2 0.2416647059 0.4342839721 2
2 0.2323823529 0.4757142857 0.018372549 0.0785714286 0.2337058824 0.4386498258 2 0.2254519608 0.4383013937 2 0.2410745098 0.4384756098 2 0.2310529412 0.513238676 2 0.2230941176 0.513238676 2 0.2410745098 0.5130644599 2
2 0.2453235294 0.3892595819 0.0204901961 0.0774738676 0.2457911765 0.3534059233 2 0.2363588235 0.3532317073 2 0.2551254902 0.3528815331 2 0.243727451 0.4264233449 2 0.2357686275 0.4264233449 2 0.2528656863 0.4264233449 2
2 0.2428921569 0.467543554 0.019745098 0.0795121951 0.2426470588 0.4290418118 2 0.2350813725 0.42921777 2 0.2517852941 0.42921777 2 0.2396990196 0.5048536585 2 0.2332147059 0.5048536585 2 0.2491323529 0.5046794425 2
2 0.2655196078 0.3948867596 0.0225490196 0.0836759582 0.2670147059 0.3595191638 2 0.2586627451 0.3544529617 2 0.2765460784 0.359869338 2 0.26505 0.4348066202 2 0.2549294118 0.4353310105 2 0.2742862745 0.4349808362 2
2 0.2633284314 0.477325784 0.0225 0.0802264808 0.2643617647 0.4388240418 2 0.2551254902 0.4389982578 2 0.2740892157 0.4384738676 2 0.262495098 0.5149843206 2 0.2529637255 0.5149843206 2 0.2734019608 0.5146341463 2
2 0.2767401961 0.3882404181 0.0198529412 0.080174216 0.2771352941 0.3520087108 2 0.2678009804 0.3523571429 2 0.2863715686 0.3514843206 2 0.2757598039 0.4265958188 2 0.2669166667 0.4262473868 2 0.2841117647 0.4265958188 2
2 0.2756617647 0.4685888502 0.0214215686 0.0795121951 0.2759558824 0.4309634146 2 0.2669166667 0.4309634146 2 0.2857823529 0.4307891986 2 0.2740892157 0.5059006969 2 0.2651480392 0.5062508711 2 0.2830303922 0.5057264808 2
2 0.2869607843 0.3969773519 0.0172941176 0.0805400697 0.2883362745 0.3596933798 2 0.2790019608 0.360043554 2 0.2950176471 0.3593449477 1 0.286845098 0.4337996516 2 0.2783147059 0.4356794425 2 0.2941343137 0.4349808362 2
2 0.2848235294 0.4769773519 0.0210784314 0.0816202091 0.2871578431 0.4395226481 2 0.2776264706 0.4398710801 2 0.2952147059 0.4393484321 2 0.2847990196 0.5148101045 2 0.274777451 0.5153327526 2 0.2947235294 0.5153327526 2
2 0.2946715686 0.3841986063 0.0223039216 0.0820209059 0.2947235294 0.3471167247 2 0.2849960784 0.3472909408 2 0.3048441176 0.3471167247 2 0.2936421569 0.4231027875 2 0.2838166667 0.4234512195 2 0.3026823529 0.4231027875 2
2 0.2954117647 0.4677090592 0.0196470588 0.0819686411 0.2972784314 0.4288675958 2 0.2886313725 0.4292160279 2 0.3046470588 0.4286916376 1 0.2952147059 0.5064250871 2 0.2860764706 0.5065993031 2 0.3036647059 0.5062508711 1
2 0.305877451 0.3937543554 0.0228921569 0.082804878 0.3060235294 0.3562003484 2 0.2964921569 0.3574233449 2 0.3168313725 0.3535801394 2 0.3050401961 0.4327090592 2 0.2955098039 0.4335836237 2 0.3153578431 0.4325348432 2
2 0.3038088235 0.4760017422 0.0240686275 0.0817944251 0.3043529412 0.4370766551 2 0.2944284314 0.4376010453 2 0.3147676471 0.436728223 2 0.3023872549 0.5146341463 2 0.2918735294 0.5149843206 2 0.3136872549 0.5144599303 2
2 0.3181029412 0.3850261324 0.0231862745 0.0838501742 0.3185019608 0.3472909408 2 0.3081843137 0.3481655052 2 0.3292117647 0.3458937282 2 0.3178137255 0.424325784 2 0.3070058824 0.4250243902 2 0.328327451 0.4245 2
2 0.3177156863 0.4671428571 0.0245686275 0.0824041812 0.3174205882 0.4286916376 2 0.3082833333 0.4288675958 2 0.3281313725 0.4281689895 2 0.3153578431 0.5059006969 2 0.3057284314 0.5064250871 2 0.3260676471 0.5057264808 2
2 0.3316470588 0.3961933798 0.0211764706 0.082456446 0.3323558824 0.3581254355 2 0.3218421569 0.3588240418 2 0.3420833333 0.3562055749 2 0.3312754902 0.4348101045 2 0.3215480392 0.4353344948 2 0.3414941176 0.4342857143 2
2 0.3312696078 0.4781445993 0.0227941176 0.0813414634 0.3316686275 0.4403885017 2 0.3213509804 0.4405627178 2 0.3415921569 0.4396898955 2 0.3298009804 0.5165487805 2 0.3210568627 0.5172473868 2 0.3399215686 0.5167247387 2
2 0.3443382353 0.3861585366 0.0225980392 0.08228223 0.3441470588 0.34921777 2 0.3333382353 0.3502648084 2 0.3545627451 0.3471219512 2 0.3432627451 0.4248536585 2 0.3330441176 0.4253780488 2 0.3533833333 0.4248536585 2
2 0.3431617647 0.4678832753 0.0208333333 0.0833623693 0.3438519608 0.4292212544 1 0.3334372549 0.4297456446 1 0.3529901961 0.4286968641 1 0.3423784314 0.5071271777 2 0.3332401961 0.5069529617 2 0.3527931373 0.5073031359 2
2 0.3553235294 0.3905226481 0.0203921569 0.0868292683 0.3559382353 0.356554007 2 0.3454245098 0.3572526132 2 0.3645843137 0.3481689895 2 0.3553480392 0.4311428571 2 0.3451294118 0.4318414634 2 0.3643882353 0.4304442509 2
2 0.3533284314 0.4746254355 0.0228921569 0.0832229965 0.3542676471 0.4364041812 2 0.3451294118 0.4369285714 2 0.3640931373 0.4353571429 2 0.3521058824 0.5139616725 2 0.3422803922 0.5141376307 2 0.3621284314 0.5137874564 2
2 0.3746029412 0.3841114983 0.0222058824 0.082369338 0.3753931373 0.345641115 2 0.363995098 0.3465139373 2 0.3854147059 0.3444181185 2 0.3742137255 0.4235487805 2 0.3637 0.4238972125 2 0.3843343137 0.4235487805 2
2 0.3724460784 0.4670993031 0.0235784314 0.0833623693 0.3736245098 0.4273797909 2 0.3628156863 0.4272055749 2 0.3841372549 0.4272055749 2 0.3722862745 0.5052090592 2 0.3609490196 0.5063362369 2 0.381877451 0.506510453 2
2 0.3858333333 0.3893815331 0.0218627451 0.0829790941 0.3859068627 0.3517543554 2 0.3764735294 0.3514059233 2 0.3962235294 0.3507073171 2 0.3848254902 0.4293135889 2 0.3749019608 0.4300121951 2 0.3957323529 0.4294878049 2
2 0.3829117647 0.4727787456 0.0244705882 0.0821428571 0.3844323529 0.4331445993 2 0.373722549 0.4329703833 2 0.3945529412 0.4329703833 2 0.3822705882 0.5120993031 2 0.3715607843 0.5120993031 2 0.3923911765 0.5122752613 2
2 0.3980441176 0.3805662021 0.0225 0.0831533101 0.3980901961 0.3417979094 2 0.3871833333 0.343195122 2 0.4084068627 0.3409250871 2 0.3975009804 0.4205783972 2 0.3871833333 0.4212770035 2 0.4080147059 0.4204041812 2
2 0.3947990196 0.4637891986 0.0242647059 0.0840592334 0.3959284314 0.4233623693 2 0.3858078431 0.4238867596 2 0.4060490196 0.4231881533 2 0.3937666667 0.5037142857 2 0.3829588235 0.5037142857 2 0.4037892157 0.5035400697 2
2 0.408995098 0.3865940767 0.0224019608 0.0836759582 0.4086039216 0.347912892 2 0.3991715686 0.347912892 2 0.4192156863 0.3473885017 2 0.4085058824 0.4266933798 2 0.3986794118 0.4270418118 2 0.4194117647 0.4263432056 2
2 0.4065833333 0.4708623693 0.0236764706 0.0835365854 0.4078176471 0.4313972125 2 0.397795098 0.4310487805 2 0.4177421569 0.4312229965 2 0.4062460784 0.5107020906 2 0.3949460784 0.5112264808 2 0.4164647059 0.5108763066 2
2 0.4215735294 0.3782142857 0.0231862745 0.0836759582 0.4217705882 0.3400522648 2 0.4118460784 0.3409250871 2 0.4323823529 0.3391777003 2 0.4210823529 0.4183083624 2 0.4106676471 0.4188327526 2 0.4310068627 0.4181324042 2
2 0.4198970588 0.4621254355 0.0235784314 0.0838675958 0.4201980392 0.4221289199 2 0.410077451 0.4219529617 2 0.4309078431 0.4219529617 2 0.4187245098 0.5023066202 2 0.4085058824 0.5026550523 2 0.4295323529 0.5024808362 2
2 0.4337598039 0.3855052265 0.0212254902 0.0841114983 0.4337578431 0.3466881533 2 0.4233421569 0.3470365854 2 0.4439764706 0.3458135889 2 0.4325784314 0.4263414634 2 0.4232441176 0.4263414634 2 0.4426990196 0.4263414634 2
2 0.4315931373 0.4705139373 0.0237745098 0.0838850174 0.4320872549 0.4303484321 2 0.4224578431 0.4305226481 2 0.4426990196 0.4301724739 2 0.4308098039 0.5101759582 2 0.4201 0.5107003484 2 0.4417166667 0.5103519164 2
2 0.4463382353 0.3780487805 0.0231862745 0.0833449477 0.4466294118 0.3395365854 2 0.4352313725 0.3400609756 2 0.457045098 0.3390121951 2 0.4463343137 0.4179686411 2 0.4354284314 0.4183170732 2 0.4559637255 0.4179686411 2
2 0.4447352941 0.4614372822 0.0225490196 0.0835365854 0.44545 0.4216254355 2 0.4348382353 0.4214512195 2 0.4546862745 0.4214512195 2 0.4439764706 0.5009076655 2 0.4338558824 0.5016062718 2 0.4543921569 0.5010818815 2
2 0.4579509804 0.3858275261 0.0220588235 0.0842334495 0.4582235294 0.3460121951 2 0.4469245098 0.3463606272 2 0.4681480392 0.3454878049 2 0.4577323529 0.4258170732 2 0.447022549 0.4259912892 2 0.467754902 0.4258170732 2
2 0.4566078431 0.4697212544 0.0244705882 0.0843902439 0.4575362745 0.4294634146 2 0.447022549 0.4296376307 2 0.4686392157 0.4291132404 2 0.4558656863 0.509641115 2 0.4449588235 0.509815331 2 0.4662813725 0.509641115 2
2 0.4694264706 0.4625696864 0.0241666667 0.0858013937 0.4702107843 0.4212648084 2 0.4598941176 0.4212648084 2 0.4806264706 0.4209146341 2 0.4685411765 0.5030139373 2 0.4575362745 0.5031898955 2 0.4782686275 0.5030139373 2
2 0.4717058824 0.3773519164 0.022254902 0.085087108 0.4712921569 0.338489547 2 0.4606803922 0.3393623693 2 0.4814127451 0.3377909408 2 0.4710960784 0.4179686411 2 0.4606803922 0.4184930314 2 0.4821990196 0.4181428571 2
2 0.4945980392 0.3730574913 0.0233333333 0.0843728223 0.4941372549 0.3328013937 2 0.4840166667 0.3331498258 2 0.5051421569 0.3322770035 2 0.4940392157 0.4131533101 2 0.483427451 0.4140278746 2 0.5039627451 0.412641115 2
2 0.4927156863 0.458554007 0.0256470588 0.0866898955 0.4923686275 0.417695122 2 0.4829352941 0.417695122 2 0.5032754902 0.4173466899 2 0.4923686275 0.4996097561 2 0.4802823529 0.5003083624 2 0.5028823529 0.4997839721 2
2 0.5066666667 0.3808362369 0.0242745098 0.0873519164 0.5075 0.3403240418 2 0.4953156863 0.3411968641 2 0.5183078431 0.3401480836 2 0.5065019608 0.4207752613 2 0.4951196078 0.4222491289 2 0.517522549 0.4218989547 2
2 0.5061715686 0.4681881533 0.0234803922 0.0855400697 0.5070088235 0.427641115 2 0.4954147059 0.427815331 2 0.5173254902 0.4271167247 2 0.5060156863 0.5072979094 2 0.4945303922 0.5086916376 2 0.5176205882 0.5086916376 2
2 0.5203186275 0.371141115 0.0240686275 0.0857665505 0.5208627451 0.3315783972 2 0.5099568627 0.3315783972 2 0.5312784314 0.3305296167 2 0.520077451 0.4121062718 2 0.508777451 0.4124547038 2 0.5297058824 0.4119303136 2
2 0.5190686275 0.4583275261 0.022745098 0.0888501742 0.518504902 0.4162857143 2 0.5088754902 0.4159372822 2 0.5293127451 0.4157630662 2 0.5186029412 0.4997839721 2 0.507795098 0.4997839721 2 0.5286254902 0.4996097561 2
2 0.5315980392 0.3785714286 0.0230392157 0.0880487805 0.5324186275 0.3374756098 2 0.5217470588 0.3387508711 2 0.5426656863 0.3364303136 2 0.5311588235 0.4203466899 2 0.5204921569 0.4207944251 2 0.5418254902 0.4203466899 2
2 0.5295392157 0.4667073171 0.0236470588 0.0870034843 0.5312421569 0.4262996516 2 0.5195676471 0.4267473868 2 0.54065 0.4258519164 2 0.5291431373 0.5079756098 2 0.5181401961 0.5082752613 2 0.5410696078 0.5079756098 2
2 0.5445392157 0.3669163763 0.0254117647 0.0883275261 0.5440088235 0.3262770035 2 0.5333421569 0.3256794425 2 0.5566078431 0.3256794425 2 0.5434215686 0.4091480836 2 0.5318303922 0.4089982578 2 0.5546764706 0.4092961672 2
2 0.5417009804 0.4568466899 0.0252843137 0.0896864111 0.5429176471 0.4152508711 2 0.5309068627 0.4153989547 2 0.554172549 0.4148013937 2 0.5418254902 0.4982700348 2 0.5293107843 0.4981202091 2 0.5514 0.4985696864 2
2 0.5566029412 0.3750174216 0.0241862745 0.0903484321 0.5561882353 0.3323989547 2 0.5448490196 0.3323989547 2 0.5677784314 0.3323989547 2 0.5560196078 0.4181062718 2 0.5451852941 0.4182560976 2 0.5674431373 0.417956446 2
2 0.5544460784 0.4640156794 0.026754902 0.0887979094 0.5549284314 0.4219686411 2 0.5448490196 0.4222682927 2 0.5661823529 0.4218205575 2 0.5530803922 0.5057369338 2 0.5412372549 0.505587108 2 0.5651754902 0.5058850174 2
2 0.570254902 0.3634581882 0.0251176471 0.0905052265 0.5703823529 0.3228519164 2 0.5589598039 0.3240470383 2 0.5820568627 0.3212090592 2 0.5697107843 0.4069181185 2 0.5578676471 0.4070662021 2 0.581804902 0.4066184669 2
2 0.5683284314 0.453684669 0.0279705882 0.0900522648 0.5687862745 0.4106114983 2 0.5572794118 0.4104616725 2 0.5807137255 0.4106114983 2 0.5671068627 0.4958710801 2 0.5545921569 0.4958710801 2 0.5802931373 0.4964686411 2
2 0.5841176471 0.373728223 0.0251176471 0.09 0.5831490196 0.3312229965 2 0.5720627451 0.3315226481 2 0.5960833333 0.3310749129 2 0.5829813725 0.416315331 2 0.5725666667 0.4162857143 2 0.5963352941 0.416315331 2
2 0.5827745098 0.4647996516 0.0272941176 0.089912892 0.5834852941 0.4224076655 2 0.5727343137 0.4227055749 2 0.5959156863 0.4219599303 2 0.5815529412 0.507358885 2 0.5693745098 0.5075087108 2 0.5939843137 0.5076585366 2
2 0.5994803922 0.3667421603 0.026372549 0.0908013937 0.5989813725 0.3246428571 2 0.5880627451 0.3253885017 2 0.6115803922 0.323597561 2 0.5978892157 0.4091550523 2 0.5862990196 0.4094547038 2 0.6089764706 0.4088571429 1
2 0.5962352941 0.4570818815 0.0245686275 0.0892508711 0.5975539216 0.414054007 2 0.5862990196 0.4139041812 2 0.6077166667 0.414054007 2 0.5952852941 0.4994634146 2 0.5840313725 0.4991637631 2 0.6078843137 0.5000609756 2
2 0.6216372549 0.3363327526 0.0281764706 0.0469860627 0.6221627451 0.3150174216 2 0.6094803922 0.3147195122 2 0.6355176471 0.3153170732 2 0.6214480392 0.3577996516 2 0.608472549 0.3584686411 2 0.6341735294 0.3587682927 2
2 0.6193137255 0.3834843206 0.0295686275 0.04728223 0.6204833333 0.3611463415 2 0.6072127451 0.3611463415 2 0.6337539216 0.3612961672 2 0.6185509804 0.4056428571 2 0.6050284314 0.4053449477 2 0.6312343137 0.4054947735 2
2 0.6171078431 0.4312108014 0.0286862745 0.0464634146 0.6178794118 0.4094965157 2 0.6053647059 0.4093466899 2 0.6307303922 0.4094965157 2 0.6164509804 0.4526498258 2 0.6030127451 0.4529477352 2 0.6283784314 0.4527979094 2
2 0.6154901961 0.480087108 0.026627451 0.0493031359 0.6156117647 0.4572578397 2 0.6024245098 0.4569599303 2 0.6277901961 0.4574076655 2 0.6135117647 0.5023519164 2 0.6024245098 0.5023519164 2 0.6262784314 0.5027996516 2
2 0.6367794118 0.330174216 0.0288921569 0.0467595819 0.6371970588 0.3091933798 2 0.6231705882 0.3091933798 2 0.6509715686 0.3084477352 2 0.636777451 0.3521968641 2 0.6230862745 0.3524965157 2 0.6497960784 0.3520487805 2
2 0.6352647059 0.3777787456 0.0293921569 0.0461498258 0.6353490196 0.356358885 2 0.6222470588 0.3559111498 2 0.649627451 0.3562090592 2 0.6344254902 0.3987648084 2 0.6208186275 0.3987648084 2 0.6468558824 0.3987648084 2
2 0.6333137255 0.4247648084 0.0290196078 0.0474390244 0.6334176471 0.4029355401 2 0.6201470588 0.4030853659 2 0.6472764706 0.4030853659 2 0.632577451 0.4471341463 2 0.6192235294 0.4472839721 2 0.644672549 0.4471341463 2
2 0.6303529412 0.4734407666 0.0296470588 0.0476480836 0.6303098039 0.4511271777 2 0.6184676471 0.4512752613 2 0.644672549 0.4511271777 2 0.6293019608 0.4951759582 2 0.6156117647 0.4951759582 2 0.6418166667 0.4954738676 2
2 0.6523382353 0.3399738676 0.027754902 0.0471254355 0.6518117647 0.3190487805 2 0.6391294118 0.3187508711 2 0.6656705882 0.3180034843 2 0.6518117647 0.3613066202 2 0.6385411765 0.3614547038 2 0.6635705882 0.3614547038 2
2 0.6492892157 0.3865853659 0.0270490196 0.0449825784 0.6503833333 0.3654773519 2 0.6380372549 0.3654773519 2 0.6626460784 0.3656271777 2 0.6492078431 0.4074163763 2 0.6359372549 0.4072857143 2 0.6619745098 0.4074163763 2
2 0.6473382353 0.4330487805 0.0276764706 0.046097561 0.6484519608 0.4124930314 2 0.6353490196 0.4127909408 2 0.6610509804 0.4120452962 2 0.6473598039 0.4543013937 2 0.6340892157 0.4543013937 2 0.6597068627 0.4544512195 2
2 0.6441666667 0.481184669 0.030745098 0.0492334495 0.6450088235 0.4583135889 2 0.6299735294 0.4578658537 2 0.6592872549 0.4589111498 2 0.6430764706 0.5032578397 2 0.6293862745 0.5031080139 2 0.6569352941 0.5050505226 2
2 0.6669117647 0.3313501742 0.0280980392 0.0482404181 0.6670558824 0.3100923345 2 0.6538696078 0.3097926829 2 0.6805784314 0.3097926829 2 0.6665519608 0.3532439024 2 0.6532813725 0.353543554 2 0.6797382353 0.3538414634 2
2 0.6656323529 0.3791986063 0.0288921569 0.0481184669 0.6653764706 0.3566689895 2 0.6521058824 0.3566689895 2 0.6799068627 0.3566689895 2 0.6647039216 0.4011463415 2 0.65135 0.4009965157 2 0.6782264706 0.4014442509 2
2 0.663254902 0.4270644599 0.0293529412 0.0475783972 0.6633607843 0.4048501742 2 0.6508460784 0.404869338 2 0.6770509804 0.405 2 0.6622686275 0.4490470383 2 0.648577451 0.4490470383 2 0.6752872549 0.4493466899 2
2 0.6603382353 0.4765069686 0.0304019608 0.0501916376 0.6610088235 0.4533780488 2 0.6483264706 0.4530801394 2 0.6753715686 0.4533780488 2 0.6600009804 0.4983222997 2 0.6453862745 0.4972770035 2 0.6731872549 0.4993675958 2
2 0.6820098039 0.3422648084 0.0299019608 0.0488501742 0.6825098039 0.320543554 2 0.6700794118 0.3202456446 2 0.6959490196 0.3193501742 2 0.681804902 0.3645905923 2 0.6671401961 0.3650400697 2 0.6951088235 0.3656376307 2
2 0.6803284314 0.3893815331 0.0292254902 0.046533101 0.6804941176 0.3677090592 2 0.6668882353 0.367858885 2 0.6941009804 0.3674111498 2 0.6799068627 0.4107125436 2 0.6660480392 0.4108623693 2 0.6930088235 0.410412892 2
2 0.6782205882 0.436315331 0.0304019608 0.0481707317 0.6788990196 0.4141167247 2 0.6659637255 0.4142665505 2 0.6928411765 0.4135209059 2 0.6772186275 0.4587630662 2 0.6633607843 0.458912892 2 0.6905735294 0.4590627178 2
2 0.6749901961 0.4850609756 0.0323333333 0.0480313589 0.6763794118 0.4624773519 2 0.6637803922 0.4623275261 2 0.6901539216 0.4627752613 2 0.6745313725 0.5071219512 2 0.6589088235 0.5057787456 2 0.6883901961 0.5081672474 2
2 0.6981127451 0.3365853659 0.0291862745 0.0461672474 0.6985529412 0.3163728223 2 0.6851137255 0.3160749129 2 0.7119068627 0.3157752613 2 0.6979156863 0.3576968641 2 0.6839382353 0.358033101 2 0.7114872549 0.358630662 2
2 0.6974166667 0.3832229965 0.0298137255 0.0472125436 0.696872549 0.3614477352 2 0.68335 0.3611480836 2 0.7115715686 0.3614477352 2 0.6962009804 0.4051968641 2 0.6825941176 0.4051968641 2 0.7088 0.4054965157 2
2 0.6946715686 0.4306184669 0.0280098039 0.0470557491 0.6959490196 0.4086027875 2 0.6821745098 0.4083031359 2 0.7078754902 0.4086027875 2 0.6944794118 0.4521271777 2 0.6809147059 0.4526515679 2 0.7070352941 0.4525017422 2
2 0.6920637255 0.4797473868 0.0312058824 0.0517595819 0.6928411765 0.4559059233 2 0.6794862745 0.4556080139 2 0.7071196078 0.4560557491 2 0.6907411765 0.5026428571 2 0.6764627451 0.5007020906 2 0.7046 0.5038379791 2
2 0.2093970588 0.2783623693 0.0194607843 0.0853658537 0.2087901961 0.2375888502 1 0.2163254902 0.2367299652 1 0.2004833333 0.2382752613 2 0.2089833333 0.3188135889 2 0.2179676471 0.3182996516 2 0.2002901961 0.3195017422 2
2 0.7036470588 0.6062543554 0.0208431373 0.0765853659 0.7029058824 0.5706132404 2 0.6937186275 0.5707891986 2 0.7134754902 0.5709651568 2 0.7028068627 0.6422665505 2 0.6936196078 0.6424425087 2 0.7123892157 0.6422665505 2
2 0.6924558824 0.5977351916 0.0233627451 0.0767595819 0.6920392157 0.562184669 2 0.6814696078 0.561130662 2 0.7034990196 0.5620087108 2 0.6908539216 0.6334843206 2 0.6808764706 0.6326062718 2 0.7008313725 0.6348902439 2
2 0.7021617647 0.6836672474 0.0226176471 0.0786933798 0.7050794118 0.6469843206 2 0.6949039216 0.6466341463 2 0.7124882353 0.64628223 2 0.7028068627 0.719304878 2 0.6917431373 0.7180749129 2 0.7124882353 0.7200069686 2
2 0.7013284314 0.7602961672 0.0225196078 0.0795818815 0.7009303922 0.7231689895 2 0.6908539216 0.7222909408 2 0.7114019608 0.7240470383 2 0.69935 0.7965766551 2 0.6900637255 0.7956986063 2 0.7091294118 0.797630662 2
2 0.6889313725 0.7497735192 0.0236078431 0.0795818815 0.689372549 0.7121045296 2 0.679395098 0.711402439 2 0.7001401961 0.712630662 2 0.6882862745 0.7855139373 2 0.6770245098 0.7835818815 2 0.6976705882 0.7865662021 2
2 0.6905539216 0.6722560976 0.0227156863 0.0762195122 0.6910519608 0.6359094077 2 0.6807784314 0.6350313589 2 0.7008313725 0.6367874564 2 0.6905578431 0.707912892 2 0.6796911765 0.7072108014 2 0.7004362745 0.7087909408 2
2 0.67875 0.6041986063 0.0216372549 0.0754355401 0.6795921569 0.5693850174 2 0.6894715686 0.5693850174 2 0.6683313725 0.5686811847 2 0.679 0.6401480836 2 0.6890764706 0.6403222997 2 0.668627451 0.6397961672 2
2 0.6786568627 0.6791463415 0.0234117647 0.074738676 0.6789009804 0.6446898955 2 0.6680343137 0.6436358885 2 0.6896686275 0.6453919861 2 0.6776166667 0.7142351916 2 0.6673431373 0.7137073171 2 0.6882862745 0.7149372822 2
2 0.6768480392 0.7552003484 0.023754902 0.0788675958 0.6770245098 0.7189425087 2 0.6666519608 0.7171864111 2 0.6877921569 0.7201724739 2 0.6758392157 0.790945993 2 0.6653676471 0.7895400697 2 0.6859147059 0.7930522648 2
2 0.6692205882 0.5948519164 0.0215392157 0.075174216 0.6684294118 0.561130662 2 0.6587490196 0.5604285714 2 0.6790990196 0.5609547038 2 0.6678372549 0.6301480836 2 0.6587490196 0.6301480836 2 0.6774196078 0.6308501742 2
2 0.6657401961 0.6695121951 0.0205980392 0.0754703833 0.6668490196 0.6336602787 2 0.6757401961 0.6334843206 2 0.6581558824 0.6336602787 2 0.6658764706 0.704010453 2 0.6752460784 0.705641115 2 0.6555882353 0.7042369338 2
2 0.6654656863 0.7452351916 0.0219313725 0.077369338 0.6648245098 0.7085034843 2 0.6550441176 0.7079756098 2 0.6754931373 0.7081515679 2 0.664527451 0.7805069686 2 0.6544519608 0.7785749129 2 0.6742088235 0.7822630662 2
2 0.6568921569 0.6007839721 0.0221764706 0.0728222997 0.6569705882 0.566945993 2 0.6471911765 0.566771777 2 0.6675411765 0.5674738676 2 0.6561803922 0.635238676 2 0.6465980392 0.635238676 2 0.6662568627 0.635238676 2
2 0.6545784314 0.6748083624 0.0220784314 0.0760627178 0.6553901961 0.6404843206 2 0.6455117647 0.63978223 2 0.6647745098 0.6403083624 2 0.6544264706 0.7095801394 2 0.6439313725 0.7112578397 2 0.6633921569 0.7107317073 2
2 0.6530735294 0.7505574913 0.0218333333 0.0758885017 0.6539088235 0.7147473868 2 0.6439313725 0.7143972125 2 0.6628980392 0.7147473868 2 0.6528215686 0.7856968641 2 0.6424490196 0.7837665505 2 0.6627 0.7872787456 2
2 0.646504902 0.5929268293 0.0219313725 0.0724041812 0.6460058824 0.5585278746 2 0.636127451 0.5583536585 2 0.6559833333 0.5588797909 2 0.6450176471 0.6275226481 2 0.6359294118 0.6266445993 2 0.6548960784 0.6282264808 2
2 0.643754902 0.6656010453 0.022372549 0.0734320557 0.6443264706 0.6311881533 2 0.6344480392 0.6306620209 2 0.654204902 0.6313641115 2 0.6432401961 0.6996794425 2 0.6328676471 0.6998554007 2 0.6530196078 0.7012595819 2
2 0.6418578431 0.7399390244 0.0225196078 0.0771254355 0.6423509804 0.703695122 2 0.6331637255 0.7035191638 2 0.6526245098 0.7033449477 2 0.6420539216 0.7756986063 2 0.6310892157 0.7751724739 2 0.6516362745 0.7764006969 2
2 0.6339558824 0.6000348432 0.0215392157 0.0718466899 0.6353372549 0.5660574913 2 0.6262490196 0.5657055749 2 0.6440303922 0.5662317073 2 0.6338088235 0.6328728223 2 0.6237794118 0.6340209059 2 0.642845098 0.6341968641 2
2 0.6324754902 0.6718379791 0.022127451 0.0722125436 0.6321754902 0.6376637631 2 0.6228901961 0.6373118467 2 0.6426470588 0.6381898955 2 0.6314843137 0.7056271777 2 0.6214078431 0.7054512195 2 0.6421529412 0.7058031359 2
2 0.6304460784 0.7462630662 0.0220294118 0.0757317073 0.6307931373 0.7107212544 2 0.6208156863 0.7100174216 2 0.6409676471 0.7110714286 2 0.6303980392 0.780966899 2 0.6196303922 0.7806167247 2 0.640177451 0.7816707317 2
2 0.6234313725 0.5913763066 0.0230196078 0.0719163763 0.6244705882 0.5576167247 2 0.6152833333 0.556912892 2 0.6334598039 0.5574407666 2 0.6232784314 0.6242543554 2 0.6123196078 0.625228223 2 0.6317803922 0.6254041812 2
2 0.6211617647 0.6627961672 0.0216372549 0.0720383275 0.6214078431 0.6283780488 2 0.6122215686 0.6282020906 2 0.6314843137 0.628554007 2 0.6208156863 0.6968466899 2 0.6106401961 0.6968466899 2 0.6300019608 0.6971986063 2
2 0.6185441176 0.7366027875 0.022127451 0.0764111498 0.6190372549 0.7006986063 2 0.6092578431 0.7001724739 2 0.6289156863 0.7006986063 2 0.6185431373 0.7714721254 2 0.607677451 0.7707700348 2 0.6275323529 0.7721759582 2
2 0.59375 0.5917857143 0.0219313725 0.0722125436 0.5931558824 0.5571097561 2 0.5841666667 0.5567578397 2 0.6036264706 0.5567578397 2 0.5931558824 0.6261271777 2 0.5837705882 0.6263031359 2 0.6043186275 0.6261271777 2
2 0.5933970588 0.6651480836 0.0226176471 0.0736062718 0.5929578431 0.6304825784 2 0.5833754902 0.629956446 2 0.6039235294 0.6304825784 2 0.5918715686 0.6998519164 2 0.5821901961 0.6998519164 2 0.6031333333 0.700554007 2
2 0.591127451 0.7396777003 0.0232156863 0.0772996516 0.5915754902 0.7036811847 2 0.5819931373 0.7026393728 2 0.6023421569 0.7043832753 2 0.5907852941 0.7744547038 2 0.5803137255 0.7739285714 2 0.6014539216 0.7755087108 2
2 0.5830294118 0.5844076655 0.0208431373 0.0711498258 0.5821901961 0.5507874564 2 0.5728058824 0.5504355401 2 0.5927607843 0.5511376307 2 0.5816970588 0.6182247387 2 0.5727068627 0.6180487805 2 0.5914764706 0.6180487805 2
2 0.5817205882 0.6566463415 0.0207941176 0.0723867596 0.5812029412 0.6227665505 2 0.5725098039 0.6224163763 2 0.5911803922 0.6229425087 2 0.5811039216 0.6909076655 2 0.571422549 0.6909076655 2 0.5903892157 0.6909076655 2
2 0.5795098039 0.731402439 0.0193137255 0.0752439024 0.5800823529 0.6964825784 2 0.5880137255 0.6962770035 2 0.5723803922 0.6964825784 2 0.5793921569 0.7665749129 2 0.5882431373 0.7671864111 2 0.5703117647 0.7657560976 2
2 0.5711127451 0.5916289199 0.0195392157 0.0716550523 0.5719205882 0.5585853659 2 0.5622647059 0.5583797909 2 0.5806568627 0.5587891986 2 0.5708862745 0.6260209059 2 0.561345098 0.6256114983 2 0.5798519608 0.6260209059 2
2 0.5701960784 0.663641115 0.02 0.0714634146 0.5708862745 0.6294686411 2 0.5614607843 0.6292630662 2 0.5799666667 0.6296724739 2 0.5697362745 0.6977212544 2 0.5603107843 0.6979250871 2 0.578472549 0.6979250871 2
2 0.5687254902 0.7370034843 0.0198235294 0.0754355401 0.5698519608 0.7011689895 2 0.5607705882 0.7009634146 2 0.578472549 0.7015766551 2 0.5687019608 0.7720783972 2 0.5591617647 0.77228223 2 0.5776676471 0.7728954704 2
2 0.5614852941 0.5843379791 0.0212058824 0.0715679443 0.56215 0.5512421603 2 0.55215 0.5508327526 2 0.5715754902 0.5512421603 2 0.5603107843 0.6178606272 2 0.5511156863 0.6180644599 2 0.5690470588 0.6182682927 2
2 0.559622549 0.6551045296 0.0211470588 0.0709407666 0.5596215686 0.6212944251 2 0.5511156863 0.6212944251 2 0.5690470588 0.6212944251 2 0.5590470588 0.6891376307 2 0.5499656863 0.6889337979 2 0.567322549 0.6893432056 2
2 0.5589852941 0.7282229965 0.0196568627 0.0750174216 0.5588166667 0.6927770035 2 0.5497362745 0.6929808362 2 0.568127451 0.6929808362 2 0.5582421569 0.7632787456 2 0.5493911765 0.7630731707 2 0.5677823529 0.7638902439 2
2 0.5506862745 0.5911149826 0.0200588235 0.0706271777 0.5511156863 0.5579581882 2 0.5421490196 0.5579581882 2 0.5596215686 0.5579581882 2 0.5497362745 0.62478223 2 0.5412294118 0.62478223 2 0.5589313725 0.6247682927 2
2 0.5491029412 0.6621428571 0.0187352941 0.0731707317 0.5496205882 0.6280243902 2 0.541 0.6280243902 2 0.5576676471 0.628228223 2 0.5483568627 0.6975034843 2 0.540195098 0.6977073171 2 0.5570921569 0.6975034843 2
2 0.5475294118 0.7350696864 0.0201764706 0.0740069686 0.5482411765 0.7001463415 2 0.5393901961 0.7001463415 2 0.557322549 0.7001463415 2 0.5478970588 0.7694216028 2 0.5376666667 0.7684006969 2 0.5562882353 0.7698310105 2
2 0.5414068627 0.5843379791 0.0196568627 0.0715679443 0.5414598039 0.5510365854 2 0.5332980392 0.5510365854 2 0.5507705882 0.5510365854 2 0.540195098 0.6176550523 2 0.5319186275 0.6174512195 2 0.5485862745 0.6178606272 2
2 0.5394705882 0.6541986063 0.0190196078 0.0703484321 0.5393901961 0.6206933798 2 0.5305392157 0.620489547 2 0.5487009804 0.6206933798 2 0.5387009804 0.6875174216 2 0.52985 0.6877212544 2 0.5464029412 0.6875174216 2
2 0.5371764706 0.7264982578 0.0208627451 0.0740069686 0.5368617647 0.6921777003 2 0.5275509804 0.6917682927 2 0.5467470588 0.6917682927 2 0.5367470588 0.7608379791 2 0.5268617647 0.761043554 2 0.5459421569 0.7612473868 2
2 0.5309411765 0.5914721254 0.0198823529 0.069912892 0.5318039216 0.5585714286 2 0.5236431373 0.5585714286 2 0.5405401961 0.5587752613 2 0.5299647059 0.6249860627 2 0.5215735294 0.6247804878 2 0.5396205882 0.6245766551 2
2 0.5283529412 0.6614285714 0.0209215686 0.071358885 0.5289303922 0.6274250871 2 0.5205392157 0.6272195122 2 0.5382411765 0.6278327526 2 0.5276656863 0.6944512195 2 0.5182401961 0.6946550523 2 0.535827451 0.6948606272 2
2 0.5261960784 0.7329790941 0.0200588235 0.0741114983 0.5272058824 0.6976933798 2 0.5184705882 0.6976933798 2 0.5354823529 0.6981027875 2 0.5258264706 0.7667648084 2 0.5164009804 0.7669686411 2 0.5349078431 0.7675818815 2
2 0.5206519608 0.5837195122 0.0211470588 0.0703310105 0.5212294118 0.5512421603 2 0.512722549 0.5506289199 2 0.5303098039 0.5516498258 2 0.5191598039 0.6166062718 2 0.5104235294 0.6164285714 2 0.5269764706 0.6166062718 2
2 0.5176127451 0.6527439024 0.0196568627 0.069912892 0.5184705882 0.6196463415 2 0.5098490196 0.6198501742 2 0.5269764706 0.6192369338 2 0.5169754902 0.6860592334 2 0.5087 0.6860644599 2 0.5247921569 0.6860592334 2
2 0.5160245098 0.7248606272 0.0197156863 0.0732055749 0.5165156863 0.6897421603 2 0.507895098 0.6897421603 2 0.5255970588 0.689945993 2 0.5157117647 0.7579947735 2 0.5061705882 0.7582003484 2 0.5245627451 0.7586080139 2
2 0.5020637255 0.5915243902 0.0179901961 0.0694250871 0.5026078431 0.5592108014 2 0.4947911765 0.5588013937 2 0.5107686275 0.5590069686 2 0.5016882353 0.6239634146 2 0.4929519608 0.6239634146 2 0.5097343137 0.6235801394 2
2 0.5027794118 0.6612891986 0.0189705882 0.0704529617 0.5026078431 0.6278466899 2 0.4941009804 0.6280505226 2 0.5119186275 0.6278466899 2 0.501572549 0.6944634146 2 0.4934117647 0.6946689895 2 0.5093892157 0.6944634146 2
2 0.5003676471 0.7321080139 0.0189705882 0.0717770035 0.5009980392 0.6979111498 2 0.4931813725 0.6977073171 2 0.5093892157 0.6979111498 2 0.4995039216 0.7645296167 2 0.491227451 0.7645296167 2 0.50755 0.7649390244 2
2 0.4931568627 0.5840243902 0.0185686275 0.0685017422 0.4928372549 0.5520574913 2 0.4861696078 0.5522630662 2 0.5021480392 0.5522630662 2 0.4930284314 0.6153327526 2 0.4838705882 0.6162247387 2 0.5001931373 0.6162247387 2
2 0.4920637255 0.6527526132 0.0179901961 0.0687108014 0.4918029412 0.6200801394 2 0.4841009804 0.6202839721 2 0.5004235294 0.6198763066 2 0.491227451 0.6854721254 2 0.4831813725 0.6854721254 2 0.5001931373 0.6854721254 2
2 0.4907745098 0.7232752613 0.0202352941 0.0718815331 0.4900784314 0.6897369338 2 0.481572549 0.689533101 2 0.5006529412 0.689533101 2 0.4890441176 0.7565592334 2 0.481227451 0.7565592334 2 0.4976647059 0.7571724739 2
2 0.4827794118 0.5915679443 0.0189705882 0.0688850174 0.4830666667 0.559184669 2 0.474445098 0.5593885017 2 0.4919176471 0.5589790941 2 0.4820323529 0.6241672474 2 0.4735254902 0.6239634146 2 0.4909980392 0.6239634146 2
2 0.4811421569 0.6594512195 0.0205196078 0.0692160279 0.4819166667 0.6264146341 2 0.4734107843 0.6264146341 2 0.4907676471 0.6264146341 2 0.4810029412 0.6910888502 2 0.4713421569 0.6922038328 2 0.4892735294 0.6922038328 2
2 0.4798137255 0.7294599303 0.0190196078 0.0725783972 0.480077451 0.6952421603 2 0.4709970588 0.6952421603 2 0.4890441176 0.6952421603 2 0.4795029412 0.7634947735 2 0.4703068627 0.7634947735 2 0.4883539216 0.7634947735 2
2 0.4726078431 0.5850174216 0.0193137255 0.0668292683 0.4730656863 0.5532578397 2 0.4639852941 0.5532578397 2 0.4818019608 0.553054007 2 0.4724764706 0.6155818815 2 0.463295098 0.6168101045 2 0.4801931373 0.6168101045 2
2 0.4718578431 0.6528484321 0.0180490196 0.068902439 0.4715715686 0.6200662021 2 0.4630656863 0.6198623693 2 0.4805372549 0.6200662021 2 0.4711117647 0.6854599303 2 0.4630656863 0.6854599303 2 0.4797333333 0.6856637631 2
2 0.4706862745 0.7229181185 0.019372549 0.0705400697 0.4711117647 0.689315331 2 0.4622607843 0.6891114983 2 0.4791578431 0.6895191638 2 0.470422549 0.7555243902 2 0.4614558824 0.7557299652 2 0.4781235294 0.7557299652 2
2 0.4618039216 0.5912543554 0.0198823529 0.0688850174 0.4618588235 0.5596986063 2 0.453927451 0.5592891986 2 0.47025 0.5592891986 2 0.4608245098 0.6240696864 2 0.4520882353 0.6238641115 2 0.4692156863 0.6240696864 2
2 0.4609117647 0.6599041812 0.0185686275 0.068902439 0.4624333333 0.627325784 2 0.454272549 0.6277334495 2 0.4696745098 0.627325784 2 0.4613990196 0.6923083624 2 0.4528931373 0.6925121951 2 0.4696745098 0.6925121951 2
2 0.4600196078 0.7286324042 0.0206862745 0.0703310105 0.4604794118 0.6953344948 2 0.452777451 0.6953344948 2 0.469445098 0.6951289199 2 0.4596745098 0.7613397213 2 0.4504784314 0.761543554 2 0.4695598039 0.7617473868 2
2 0.4529215686 0.5853832753 0.019372549 0.0687804878 0.4522029412 0.553771777 2 0.4441568627 0.553771777 2 0.4619735294 0.5539773519 2 0.4518578431 0.6181428571 2 0.4435823529 0.6181428571 2 0.4600196078 0.6179390244 2
2 0.4511421569 0.6531097561 0.0187941176 0.0669512195 0.4505941176 0.6213850174 2 0.4424323529 0.6209773519 2 0.4595598039 0.6211811847 2 0.4500186275 0.6845296167 2 0.4418578431 0.6847351916 2 0.4588696078 0.6849390244 2
2 0.4496176471 0.7214372822 0.0201176471 0.0700174216 0.4503637255 0.6885905923 2 0.4404784314 0.6879773519 2 0.458754902 0.6883867596 2 0.4494813725 0.7534337979 2 0.4400186275 0.7543919861 2 0.4584098039 0.7543919861 2
2 0.4418921569 0.5924825784 0.019372549 0.0664285714 0.442777451 0.5613327526 2 0.4354205882 0.5609250871 2 0.4511686275 0.5609250871 2 0.4417558824 0.6228571429 2 0.4332362745 0.6236602787 2 0.4488696078 0.6236602787 2
2 0.4397352941 0.6587630662 0.0191960784 0.0690940767 0.4396735294 0.6271080139 2 0.431627451 0.6266986063 2 0.4484098039 0.626902439 2 0.4390990196 0.6914773519 2 0.4303627451 0.6912735192 2 0.4477205882 0.6914773519 2
2 0.4393235294 0.7283275261 0.0190784314 0.0709407666 0.4389843137 0.6949250871 2 0.430477451 0.6943118467 2 0.4481803922 0.6949250871 2 0.4388696078 0.7611341463 2 0.4302480392 0.7613397213 2 0.4481803922 0.7607264808 2
2 0.4327745098 0.5859146341 0.0193137255 0.067369338 0.4333519608 0.554195122 2 0.4247303922 0.554195122 2 0.441972549 0.554195122 2 0.4322019608 0.6177473868 2 0.4234656863 0.6179512195 2 0.4405931373 0.6179512195 2
2 0.4303088235 0.6526480836 0.0187352941 0.0678745645 0.4305931373 0.6203763066 2 0.4227764706 0.6201724739 2 0.4392137255 0.6203763066 2 0.4301794118 0.6836777003 2 0.4215117647 0.684543554 2 0.43795 0.684543554 2
2 0.4291568627 0.7212369338 0.0182745098 0.0696167247 0.4286392157 0.6883989547 2 0.4210519608 0.6879912892 2 0.437604902 0.688195122 2 0.4284088235 0.7539965157 2 0.4201323529 0.7539965157 2 0.4370303922 0.7544041812 2
2 0.3591764706 0.5823780488 0.0199411765 0.0664285714 0.3601303922 0.5520400697 2 0.3513941176 0.5516324042 2 0.3685215686 0.5520400697 2 0.3581764706 0.6133449477 2 0.3494401961 0.6133449477 2 0.3667970588 0.6135505226 2
2 0.3579460784 0.6484581882 0.0186176471 0.0662543554 0.3589803922 0.6176236934 2 0.3496696078 0.6176236934 2 0.3667970588 0.6178275261 2 0.3563372549 0.6793379791 2 0.34875 0.6795418118 2 0.3667970588 0.6791324042 2
2 0.3543823529 0.7161672474 0.0202352941 0.0680836237 0.3543833333 0.6844198606 2 0.3461068627 0.6844198606 2 0.3635784314 0.6844198606 2 0.3516245098 0.7475644599 2 0.344727451 0.7475644599 2 0.3605901961 0.7475644599 2
2 0.3504705882 0.5886236934 0.0183921569 0.0654355401 0.3527735294 0.5590017422 2 0.3442676471 0.5585923345 2 0.3593254902 0.5587979094 2 0.3503509804 0.6185243902 2 0.3418539216 0.619489547 2 0.3584058824 0.6190801394 2
2 0.3480637255 0.6544947735 0.0204607843 0.0660627178 0.349095098 0.6231550523 2 0.3403588235 0.6231550523 2 0.3578313725 0.6231550523 2 0.3459911765 0.684869338 2 0.3382901961 0.6850731707 2 0.3538078431 0.684869338 2
2 0.3438088235 0.7216898955 0.0186176471 0.0701393728 0.345072549 0.6893379791 2 0.3372558824 0.6897456446 2 0.3526588235 0.6893379791 2 0.3424284314 0.7535034843 2 0.3348421569 0.7530940767 2 0.3509343137 0.7541167247 2
2 0.3406127451 0.5810452962 0.0212058824 0.0662369338 0.3411637255 0.5516324042 2 0.3318529412 0.5510191638 2 0.3504745098 0.5514268293 2 0.3386352941 0.6119146341 2 0.3302441176 0.6119146341 2 0.3476009804 0.6123240418 2
2 0.3394117647 0.647804878 0.0201764706 0.0679790941 0.3400147059 0.615989547 2 0.3310490196 0.615989547 2 0.3486352941 0.6161933798 2 0.33875 0.6791324042 2 0.3292088235 0.6785209059 2 0.3464509804 0.6797456446 1
2 0.3362745098 0.7144425087 0.0175882353 0.0682926829 0.3378303922 0.6821724739 2 0.3443823529 0.6821724739 2 0.3294392157 0.6817630662 2 0.3363362745 0.7442944251 2 0.343577451 0.7451114983 1 0.3277147059 0.7436811847 2
2 0.3300098039 0.5872735192 0.02 0.0652090592 0.3313931373 0.5569442509 2 0.3225421569 0.5569442509 2 0.339554902 0.5571498258 2 0.328404902 0.6180452962 2 0.3198990196 0.6182491289 2 0.3376009804 0.6182491289 2
2 0.3293186275 0.6534146341 0.0186176471 0.0669686411 0.3315078431 0.6221184669 2 0.322427451 0.6223240418 2 0.3385205882 0.6221184669 2 0.3291990196 0.6840278746 2 0.3205882353 0.6846515679 2 0.3370254902 0.6848554007 2
2 0.3274852941 0.7204703833 0.0195392157 0.0680836237 0.3281745098 0.6885069686 2 0.3215078431 0.6887108014 2 0.3367960784 0.6885069686 2 0.3261058824 0.7516515679 2 0.3186343137 0.7516515679 2 0.3344970588 0.7520592334 2
2 0.3190343137 0.5808449477 0.0212647059 0.0658362369 0.3203578431 0.5504181185 2 0.3121970588 0.5508275261 2 0.32875 0.5504181185 2 0.3181745098 0.6117247387 2 0.3097833333 0.6119285714 2 0.3258754902 0.6121324042 2
2 0.3182352941 0.6469773519 0.0166666667 0.0659407666 0.3195539216 0.6161933798 2 0.3113921569 0.6163972125 2 0.3263352941 0.615989547 2 0.3178294118 0.6774982578 2 0.3101284314 0.6777020906 2 0.3265656863 0.6779076655 2
2 0.3188627451 0.7129529617 0.0174705882 0.0671602787 0.3207029412 0.681966899 2 0.3123117647 0.6823763066 2 0.3271401961 0.681966899 2 0.3188637255 0.7440905923 2 0.3107029412 0.7440905923 2 0.3258754902 0.7444982578 1
2 0.3125441176 0.5881968641 0.0163235294 0.0670557491 0.3147264706 0.5575574913 2 0.3078294118 0.5577630662 2 0.3201284314 0.5573536585 1 0.3124323529 0.6188501742 2 0.3058754902 0.6198710801 2 0.3195539216 0.6198710801 2
2 0.3118480392 0.6539721254 0.0163235294 0.0650174216 0.3144960784 0.6237543554 2 0.3198990196 0.6235505226 1 0.306104902 0.6239581882 2 0.3113921569 0.684445993 2 0.3184039216 0.6842421603 2 0.3034607843 0.6846515679 2
2 0.309872549 0.7194337979 0.0185686275 0.0672648084 0.3101284314 0.6878937282 2 0.3018519608 0.688097561 2 0.3186343137 0.6878937282 2 0.3088637255 0.7504250871 2 0.3011617647 0.7508327526 2 0.3178294118 0.7508327526 2
2 0.3009901961 0.5805923345 0.0201176471 0.0659233449 0.3016215686 0.5502003484 2 0.2942656863 0.5499965157 2 0.3105882353 0.5502003484 2 0.2989784314 0.6115069686 2 0.2912764706 0.6117108014 2 0.3075990196 0.6115069686 2
2 0.3032352941 0.6461062718 0.0177058824 0.0652090592 0.3046107843 0.6159756098 1 0.2972539216 0.6159756098 1 0.3115078431 0.615771777 1 0.3020813725 0.6768728223 2 0.2942656863 0.6770766551 2 0.310472549 0.6768728223 2
2 0.3008235294 0.7120296167 0.0177058824 0.0657317073 0.3013921569 0.6815592334 2 0.2932303922 0.6811498258 2 0.3087490196 0.6817630662 2 0.2995529412 0.7428641115 2 0.2924264706 0.7428641115 2 0.3071392157 0.7426602787 2
2 0.2862205882 0.5856445993 0.0213823529 0.0672473868 0.2872539216 0.554695122 2 0.2796666667 0.5547073171 2 0.295645098 0.5548989547 2 0.284495098 0.6168170732 2 0.2759892157 0.6168170732 2 0.2965647059 0.6172264808 2
2 0.293377451 0.6520383275 0.0205196078 0.0648083624 0.2936901961 0.6218989547 2 0.2869088235 0.6218989547 2 0.3024264706 0.6214912892 2 0.2915068627 0.6823867596 2 0.2835754902 0.6825923345 2 0.300472549 0.6823867596 2
2 0.2916764706 0.7171428571 0.0166666667 0.0669686411 0.2919666667 0.6860522648 2 0.28415 0.6860522648 2 0.2992078431 0.6858484321 2 0.2904715686 0.748174216 2 0.2836901961 0.7479703833 2 0.2980588235 0.748174216 2
2 0.2716764706 0.5857491289 0.0173529412 0.0633797909 0.272654902 0.5559337979 2 0.2658735294 0.5557299652 2 0.2796666667 0.5557299652 2 0.2702411765 0.6156045296 2 0.2636892157 0.6156045296 2 0.277827451 0.6158083624 2
2 0.2678235294 0.649738676 0.0181568627 0.0657491289 0.2679421569 0.6196777003 2 0.2608156863 0.6196777003 2 0.2761039216 0.6194738676 2 0.2662186275 0.6809843206 2 0.2605862745 0.6809843206 2 0.2744941176 0.6809843206 2
2 0.2663627451 0.7160627178 0.0166078431 0.0678745645 0.2665627451 0.6844181185 2 0.2607009804 0.6842125436 2 0.2734598039 0.6844181185 2 0.2651833333 0.7465400697 2 0.2590911765 0.7467439024 2 0.2732303922 0.746130662 2
2 0.2625735294 0.5787020906 0.0179901961 0.063989547 0.262654902 0.5495993031 2 0.2543784314 0.5498031359 2 0.2708156863 0.5493954704 2 0.2601264706 0.6086567944 2 0.2538039216 0.6088606272 2 0.2675980392 0.6086567944 2
2 0.259377451 0.6430487805 0.017127451 0.0652264808 0.2594362745 0.611695122 2 0.25185 0.611695122 2 0.2673676471 0.6114912892 2 0.2574823529 0.6738188153 2 0.2509303922 0.6738188153 2 0.2652990196 0.6736132404 2
2 0.2547205882 0.7088763066 0.0188529412 0.0675783972 0.2544931373 0.6762560976 2 0.2482862745 0.6762560976 2 0.2623098039 0.6762560976 2 0.2525392157 0.7396062718 2 0.2469068627 0.7394006969 2 0.2607009804 0.7398101045 2
2 0.2535735294 0.5856533101 0.0170098039 0.0644076655 0.2555284314 0.5555261324 2 0.2478264706 0.5555261324 2 0.2612754902 0.5555261324 2 0.2534598039 0.6150923345 2 0.2452980392 0.61621777 2 0.2585166667 0.6160139373 2
2 0.2502941176 0.6498432056 0.0166666667 0.0647038328 0.2516196078 0.6192560976 2 0.2448382353 0.6192560976 2 0.2581715686 0.6190522648 2 0.2493205882 0.6803571429 2 0.2420794118 0.6807665505 2 0.2548382353 0.6801533101 1
2 0.2467647059 0.7121864111 0.0151176471 0.0601219512 0.2481715686 0.6840226481 2 0.2418490196 0.6838188153 2 0.2538039216 0.6834094077 1 0.2466617647 0.739684669 2 0.241045098 0.7406271777 2 0.2524245098 0.7406271777 1
2 0.2476813725 0.5791027875 0.0153431373 0.0635714286 0.2485166667 0.5495853659 2 0.2408147059 0.5495853659 2 0.2552980392 0.5493815331 2 0.2470215686 0.6088484321 2 0.2401254902 0.6090522648 2 0.2526539216 0.6090522648 2
2 0.2429117647 0.642369338 0.0166078431 0.0644947735 0.2427686275 0.6120905923 2 0.235527451 0.6116829268 2 0.2505852941 0.6118867596 2 0.2416196078 0.6725783972 2 0.2350676471 0.6721689895 2 0.2488607843 0.6729878049 2
2 0.2402990196 0.7065156794 0.0152843137 0.0665505226 0.2397803922 0.6754268293 2 0.2334578431 0.675630662 2 0.2473666667 0.6752212544 2 0.2382862745 0.7377526132 2 0.2325382353 0.7381620209 2 0.2452980392 0.7377526132 2
2 0.2389411765 0.5856097561 0.015745098 0.062543554 0.2408196078 0.5556341463 2 0.2332137255 0.5557926829 2 0.2467245098 0.5556341463 2 0.2379558824 0.6149651568 2 0.2320509804 0.6149651568 2 0.2429666667 0.6146480836 1
2 0.2340637255 0.6480574913 0.0169117647 0.0638850174 0.2344666667 0.6177979094 2 0.2415352941 0.6176376307 2 0.2276666667 0.6181149826 2 0.2324088235 0.6784006969 2 0.2392980392 0.6787195122 2 0.2257882353 0.6782421603 2
2 0.2311372549 0.7093379791 0.0160588235 0.058641115 0.2319617647 0.6818797909 2 0.2264137255 0.6818797909 2 0.2384039216 0.6818797909 2 0.2304401961 0.7370749129 2 0.2248039216 0.7369163763 2 0.2363460784 0.7370749129 2
2 0.2299019608 0.5781794425 0.018254902 0.062456446 0.2293666667 0.5489529617 2 0.2219401961 0.5489529617 2 0.2375088235 0.5489529617 2 0.2278460784 0.607966899 2 0.2211352941 0.607966899 2 0.2350039216 0.6078083624 2
2 0.2265294118 0.6412543554 0.0166862745 0.0641114983 0.2260558824 0.6107996516 2 0.220777451 0.6107996516 2 0.2332137255 0.6101620209 2 0.2243558824 0.6717212544 2 0.2188088235 0.6720383275 2 0.2321401961 0.6715609756 2
2 0.2211568627 0.7057404181 0.0177647059 0.0662195122 0.2203303922 0.6742665505 2 0.2135294118 0.6742665505 2 0.2291882353 0.6742665505 2 0.2187196078 0.7369372822 2 0.2124558824 0.7366184669 2 0.2276666667 0.7370958188 2
2 0.2208039216 0.5844947735 0.015254902 0.0622299652 0.2208666667 0.5550087108 2 0.2142460784 0.5548501742 2 0.2276666667 0.5550087108 2 0.2189882353 0.6140209059 2 0.2137088235 0.6141811847 2 0.2247137255 0.6143397213 2
2 0.2125882353 0.6464982578 0.0174509804 0.0631707317 0.212277451 0.6165348432 2 0.2059245098 0.6163763066 2 0.2202401961 0.616695122 2 0.2114715686 0.6761637631 2 0.204045098 0.6758449477 2 0.2194352941 0.6760052265 2
2 0.2155 0.5805052265 0.0143137255 0.0618815331 0.2166617647 0.5511707317 2 0.2112039216 0.5511707317 2 0.2225666667 0.5513292683 2 0.2142460784 0.6089111498 2 0.2085196078 0.6090696864 2 0.2192558824 0.6089111498 2
2 0.2114313725 0.7084320557 0.0149411765 0.0611149826 0.2112039216 0.6802996516 2 0.2043137255 0.680141115 2 0.2183617647 0.680141115 2 0.2103088235 0.7354947735 2 0.2039558824 0.7353362369 2 0.2175558824 0.7356550523 2
2 0.2073137255 0.6423344948 0.0120784314 0.063902439 0.2082509804 0.6119337979 2 0.2017196078 0.6119337979 2 0.2134401961 0.6117735192 2 0.2072303922 0.6715470383 2 0.2006460784 0.6725365854 2 0.2117401961 0.672695122 1
2 0.200627451 0.5790766551 0.0142745098 0.062195122 0.200377451 0.5508501742 2 0.1940245098 0.5510087108 2 0.2069980392 0.5505313589 2 0.1994823529 0.608271777 2 0.1939352941 0.608271777 2 0.2064617647 0.6081132404 2
2 0.1995245098 0.6410888502 0.0129705882 0.0618989547 0.198945098 0.611761324 2 0.1936666667 0.6119198606 2 0.2053872549 0.611761324 2 0.1980509804 0.6699790941 2 0.1929509804 0.6702961672 2 0.2047617647 0.6699790941 2
2 0.2020147059 0.7050958188 0.0141862745 0.0649303136 0.2034196078 0.6745714286 2 0.1962617647 0.6744111498 2 0.2084294118 0.6740940767 2 0.2019147059 0.7347787456 2 0.1959931373 0.7359703833 2 0.2086088235 0.7354930314 2
2 0.1932843137 0.5858710801 0.0128431373 0.0606968641 0.1930401961 0.5569041812 2 0.1872245098 0.5570627178 2 0.1996617647 0.5569041812 2 0.191877451 0.6148031359 2 0.1874029412 0.6148031359 2 0.1978715686 0.6146445993 2
2 0.1878970588 0.6469512195 0.0142254902 0.0616724739 0.1879401961 0.6184425087 2 0.181677451 0.6187595819 2 0.1947401961 0.617804878 2 0.1871352941 0.6766585366 2 0.1811401961 0.6765 2 0.1932196078 0.6763414634 2
2 0.1864215686 0.7092334495 0.0128823529 0.0617421603 0.1862401961 0.6802979094 2 0.1800666667 0.6806149826 2 0.1924137255 0.6801376307 2 0.1860607843 0.7389930314 1 0.1801558824 0.7389930314 1 0.1917872549 0.7393101045 1
2 0.1842303922 0.5786759582 0.0140490196 0.0601393728 0.1840931373 0.5505418118 2 0.1773823529 0.5508606272 2 0.1908931373 0.5503832753 2 0.1835558824 0.6063728223 2 0.1773823529 0.6066916376 2 0.1906245098 0.6066916376 2
2 0.1804754902 0.6401132404 0.0167352941 0.0632578397 0.1805137255 0.6101811847 2 0.173177451 0.6104982578 2 0.188745098 0.6098623693 2 0.1803568627 0.6690278746 2 0.1725509804 0.669989547 2 0.1874931373 0.6701480836 2
2 0.1781617647 0.7022735192 0.0140882353 0.062630662 0.1783666667 0.6726620209 2 0.1719245098 0.6723432056 2 0.1848980392 0.6726620209 2 0.1780980392 0.7319930314 2 0.1712088235 0.7319930314 2 0.1844509804 0.7318344948 2
2 0.1756127451 0.5858710801 0.0132843137 0.0606968641 0.1755931373 0.5572125436 2 0.1695980392 0.5572125436 2 0.181945098 0.5568937282 2 0.1744294118 0.6141463415 1 0.1691509804 0.6141567944 1 0.180245098 0.6141567944 1
2 0.1718823529 0.6463414634 0.0151176471 0.0618815331 0.1716558824 0.6176254355 2 0.1654823529 0.6179442509 2 0.1786352941 0.6171480836 2 0.171777451 0.6746236934 2 0.1656617647 0.6758432056 1 0.1787245098 0.6755261324 2
2 0.1693480392 0.7084320557 0.0161470588 0.0639721254 0.1692401961 0.6794912892 2 0.1631558824 0.6794912892 2 0.176845098 0.6793327526 2 0.1689715686 0.7385052265 1 0.1634245098 0.7385052265 1 0.176845098 0.7383449477 1
2 0.1658382353 0.5800348432 0.0148529412 0.0628571429 0.166645098 0.5513362369 2 0.1585029412 0.5511777003 2 0.1730872549 0.5510191638 2 0.1653931373 0.6089181185 2 0.1584137255 0.6084407666 2 0.1725509804 0.6090783972 2
2 0.1628921569 0.641489547 0.0153921569 0.0579268293 0.1622607843 0.6138292683 2 0.1562666667 0.6143066202 2 0.1698666667 0.6138292683 2 0.1619029412 0.6683885017 2 0.1561764706 0.6687055749 2 0.1692401961 0.6683885017 2
2 0.1610539216 0.7016376307 0.0153039216 0.0622996516 0.1605607843 0.6720261324 2 0.1539401961 0.6720261324 2 0.1678980392 0.6720261324 2 0.1604715686 0.7305609756 2 0.1535823529 0.7308797909 2 0.1670931373 0.730402439 2
2 0.1571176471 0.5855574913 0.0151176471 0.0600696864 0.1568931373 0.5573815331 2 0.1505401961 0.5575400697 2 0.1641401961 0.5573815331 2 0.1561764706 0.6133728223 2 0.1495558824 0.6135313589 2 0.1630666667 0.6135313589 2
2 0.153245098 0.6465679443 0.0150784314 0.0604529617 0.1524186275 0.6184320557 2 0.1463352941 0.6184320557 2 0.1602931373 0.6181132404 2 0.1514352941 0.6745818815 2 0.1457980392 0.6740243902 2 0.1589509804 0.6747404181 2
2 0.1512352941 0.7077264808 0.0148039216 0.063989547 0.1525088235 0.6776829268 2 0.1449029412 0.678 2 0.1583245098 0.6776829268 2 0.1518823529 0.737966899 1 0.1449931373 0.7378083624 1 0.1585029412 0.7378083624 1
2 0.148122549 0.5805139373 0.0164607843 0.0623519164 0.1483931373 0.5515644599 2 0.1413245098 0.5520418118 2 0.1557294118 0.5517229965 2 0.1475872549 0.6094634146 2 0.1409666667 0.6094634146 2 0.154745098 0.6091463415 2
2 0.1454607843 0.6403745645 0.014 0.0622125436 0.1464245098 0.611510453 2 0.1396245098 0.6111933798 2 0.1521509804 0.6111933798 2 0.1449029412 0.6700470383 2 0.1386401961 0.6698885017 2 0.1507186275 0.6702055749 1
2 0.1421323529 0.7070905923 0.0134215686 0.0703484321 0.1420401961 0.6737055749 2 0.1359558824 0.6740243902 2 0.1485715686 0.6738641115 2 0.1421294118 0.7395592334 1 0.1357764706 0.7395592334 1 0.1478558824 0.7395592334 1
2 0.1930833333 0.7042857143 0.0139901961 0.0623344948 0.193427451 0.6754094077 2 0.1869078431 0.675087108 2 0.1992235294 0.6752473868 2 0.1927029412 0.7338466899 2 0.1861833333 0.7340087108 2 0.1989519608 0.7338466899 2
