3 0.2630408654 0.3995552885 0.2170913462 0.1225240385 0.2687980769 0.3491514423 2 0.1614206731 0.4444399038 2 0.3669302885 0.4465745192 2 0 0 0 0 0 0 0 0 0
3 0.2769230769 0.4088100962 0.1509615385 0.0898317308 0.267375 0.3747524038 2 0.2111971154 0.4245288462 2 0.3370649038 0.4423076923 2 0 0 0 0 0 0 0 0 0
3 0.2602043269 0.4514783654 0.2170913462 0.1225240385 0.2666634615 0.4046177885 2 0.1585769231 0.4963509615 2 0.3640865385 0.4984831731 2 0 0 0 0 0 0 0 0 0
3 0.2595072115 0.4891586538 0.2284855769 0.1253846154 0.2631081731 0.4408846154 2 0.1550216346 0.5326177885 2 0.3619519231 0.5411514423 2 0 0 0 0 0 0 0 0 0
3 0.2627043269 0.4881009615 0.1296394231 0.0805769231 0.2638197115 0.4629278846 2 0.2140432692 0.5048846154 2 0.3036418269 0.5048846154 2 0 0 0 0 0 0 0 0 0
3 0.2559375 0.5428605769 0.2299038462 0.1246634615 0.2559975962 0.4949278846 2 0.1493317308 0.5909278846 2 0.3598197115 0.5973269231 2 0 0 0 0 0 0 0 0 0
3 0.2537980769 0.6281730769 0.2299038462 0.1246634615 0.2538653846 0.5802620192 2 0.1493317308 0.6826610577 2 0.3576850962 0.6684375 2 0 0 0 0 0 0 0 0 0
3 0.2616346154 0.5741346154 0.2299038462 0.1246634615 0.2616875 0.5262163462 2 0.1550216346 0.6222163462 2 0.3655072115 0.6286177885 2 0 0 0 0 0 0 0 0 0
3 0.2619831731 0.5762740385 0.1296394231 0.0805769231 0.2631081731 0.5511057692 2 0.2133317308 0.5930625 2 0.3029302885 0.5930625 2 0 0 0 0 0 0 0 0 0
3 0.5080168269 0.3601081731 0.2761298077 0.1886778846 0.46221875 0.2801754808 2 0.3804399038 0.4458629808 2 0.6271947115 0.3370649038 2 0 0 0 0 0 0 0 0 0
3 0.5545913462 0.4063100962 0.3038461538 0.1971875 0.5219495192 0.3171514423 2 0.4131514423 0.4963509615 2 0.6968822115 0.4088846154 2 0 0 0 0 0 0 0 0 0
3 0.5794951923 0.4827764423 0.3038461538 0.2021875 0.5468389423 0.4003509615 2 0.4430192308 0.5752836538 2 0.7217716346 0.4920841346 2 0 0 0 0 0 0 0 0 0
3 0.6011899038 0.5353725962 0.3131009615 0.2078605769 0.5674615385 0.4501298077 2 0.4558173077 0.6236394231 2 0.7431033654 0.5560841346 2 0 0 0 0 0 0 0 0 0
3 0.6036778846 0.5706009615 0.2981730769 0.2071634615 0.5774182692 0.4856850962 2 0.4657740385 0.6591947115 1 0.7402596154 0.5937716346 2 0 0 0 0 0 0 0 0 0
3 0.6175360577 0.6456129808 0.3202163462 0.1907932692 0.6037283654 0.5688846154 2 0.4693293269 0.7281706731 2 0.76728125 0.6897716346 2 0 0 0 0 0 0 0 0 0
3 0.6264302885 0.7323557692 0.3365625 0.1751442308 0.6207932692 0.6634615385 2 0.4750168269 0.8099471154 2 0.7822139423 0.7985697115 2 0 0 0 0 0 0 0 0 0
3 0.7714903846 0.6342427885 0.2355769231 0.1168509615 0.7679927885 0.5873725962 2 0.6620384615 0.6855048077 1 0.8711033654 0.6798149038 2 0 0 0 0 0 0 0 0 0
3 0.7949519231 0.57734375 0.2355769231 0.1168509615 0.7914591346 0.5304831731 2 0.6855048077 0.6286153846 1 0.8945697115 0.6229278846 2 0 0 0 0 0 0 0 0 0
3 0.0721153846 0.6370192308 0.1442307692 0.125 0.0204326923 0.5902163462 2 0 0 0 0.13653125 0.6833725962 2 0 0 0 0 0 0 0 0 0
3 0.0721153846 0.6081730769 0.1442307692 0.125 0.0204326923 0.5624831731 2 0 0 0 0.13653125 0.6556394231 2 0 0 0 0 0 0 0 0 0
3 0.0721153846 0.5528846154 0.1442307692 0.125 0.0204326923 0.5063076923 2 0 0 0 0.1358221154 0.5909278846 2 0 0 0 0 0 0 0 0 0
3 0.06765625 0.5062259615 0.1353125 0.1040384615 0.0042668269 0.4707524038 2 0 0 0 0.1258653846 0.5482620192 2 0 0 0 0 0 0 0 0 0
3 0.06765625 0.4756490385 0.1353125 0.1040384615 0.0021322115 0.4451514423 2 0 0 0 0.1258653846 0.5176850962 2 0 0 0 0 0 0 0 0 0
3 0.0587740385 0.4237379808 0.1175480769 0.0997836538 0.0021322115 0.395375 2 0 0 0 0.1102211538 0.4565288462 2 0 0 0 0 0 0 0 0 0
3 0.03859375 0.5528125 0.0771875 0.0635096154 0.0213341346 0.5326177885 2 0 0 0 0.0654206731 0.56675 2 0 0 0 0 0 0 0 0 0
3 0.0587740385 0.4016947115 0.1175480769 0.0997836538 0 0.3775961538 2 0 0 0 0.1023990385 0.4280841346 2 0 0 0 0 0 0 0 0 0
3 0.0587740385 0.3768149038 0.1175480769 0.0997836538 0 0.3527067308 2 0 0 0 0.1023990385 0.4031971154 2 0 0 0 0 0 0 0 0 0
3 0.0587740385 0.3462379808 0.1175480769 0.0997836538 0 0.3221298077 2 0 0 0 0.0867548077 0.3647956731 2 0 0 0 0 0 0 0 0 0
3 0.0492788462 0.2884615385 0.0985576923 0.1009615385 0 0 0 0 0 0 0.0689783654 0.3093293269 2 0 0 0 0 0 0 0 0 0
