1 0.2740153453 0.2342058166 0.4165217391 0.3757494407 0.2728056266 0.0586666667 2 0.0669846547 0.0544026846 2 0.4810613811 0.0618635347 2 0.2752404092 0.4135659955 2 0 0 0 0 0 0
1 0.2469309463 0.2546532438 0.4098209719 0.3706487696 0.2484475703 0.4295525727 2 0.0438439898 0.4402102908 2 0.4493964194 0.4231588367 2 0.2445831202 0.0739955257 2 0 0 0 0 0 0
1 0.4904987212 0.2194966443 0.4073913043 0.3706711409 0.4920230179 0.3943825503 2 0.286202046 0.3965145414 2 0.6905370844 0.3911856823 2 0.4871508951 0.0362863535 2 0 0 0 0 0 0
1 0.7349872123 0.233344519 0.4031202046 0.3685234899 0.7295089514 0.4082371365 2 0.5346496164 0.4093042506 2 0.9268056266 0.4093042506 2 0.7343810742 0.0544026846 2 0 0 0 0 0 0
1 0.7011892583 0.212639821 0.4122506394 0.3634899329 0.7027161125 0.0448120805 2 0.5005473146 0.0394832215 2 0.9061023018 0.0448120805 2 0.7002813299 0.3922505593 2 0 0 0 0 0 0
1 0.285601023 0.7370469799 0.3958056266 0.4572706935 0.286202046 0.9571073826 2 0.0901227621 0.9603042506 2 0.4822787724 0.9517785235 2 0.2788951407 0.5158814318 2 0 0 0 0 0 0
1 0.3020332481 0.7070581655 0.3994629156 0.4510738255 0.3056879795 0.4945659955 2 0.1023017903 0.4966957494 2 0.498112532 0.4945659955 2 0.3105601023 0.9272662192 2 0 0 0 0 0 0
1 0.5267263427 0.7186800895 0.3958056266 0.4524832215 0.5200332481 0.9230022371 2 0.3300460358 0.9293982103 2 0.722202046 0.9166085011 2 0.5200332481 0.4977628635 2 0 0 0 0 0 0
1 0.75842711 0.7301454139 0.3879028133 0.4327740492 0.7587391304 0.9325950783 2 0.5675319693 0.9389888143 2 0.9487263427 0.9240693512 2 0.7696982097 0.5158814318 2 0 0 0 0 0 0
1 0.7270588235 0.7001342282 0.4018925831 0.4414765101 0.7246368286 0.4924340045 2 0.5285601023 0.4913668904 2 0.9268056266 0.4913668904 2 0.7295089514 0.9166085011 2 0 0 0 0 0 0
