2 0.2719345238 0.2169722222 0.0581150794 0.0607222222 0.2691011905 0.1891833333 2 0.2936349206 0.1890074074 2 0.2441924603 0.1893592593 2 0.2766507937 0.2453935185 2 0.3000496032 0.2452175926 2 0.2513630952 0.2457462963 2
2 0.3006646825 0.2182222222 0.0581150794 0.0607222222 0.2978392857 0.1904333333 2 0.3223710317 0.1902574074 2 0.2729285714 0.1906101852 2 0.3053869048 0.2466435185 2 0.3287876984 0.2464675926 2 0.2800992063 0.2469962963 2
2 0.3290178571 0.2150648148 0.0581150794 0.0607222222 0.3261984127 0.1872787037 2 0.3507301587 0.1871027778 2 0.3012896825 0.1874555556 2 0.3337480159 0.2434888889 2 0.3571468254 0.243312963 2 0.3084603175 0.2438416667 2
2 0.3555059524 0.2170185185 0.0581150794 0.0607222222 0.3526706349 0.1892342593 2 0.3772043651 0.1890574074 2 0.3277619048 0.1894101852 2 0.3602202381 0.2454435185 2 0.3836210317 0.2452675926 2 0.3349325397 0.2457962963 2
2 0.383859127 0.2126296296 0.0581150794 0.0607222222 0.381031746 0.1848453704 2 0.4055634921 0.1846694444 2 0.3561210317 0.1850222222 2 0.3876111111 0.240987963 2 0.4119801587 0.2408796296 2 0.3632936508 0.2414083333 2
2 0.4122123016 0.2152962963 0.0581150794 0.0607222222 0.409390873 0.1875055556 2 0.4339246032 0.1873296296 2 0.3844821429 0.1876814815 2 0.4159722222 0.2436481481 2 0.4403392857 0.2435388889 2 0.3916527778 0.2440675926 2
2 0.4413392857 0.2109074074 0.0581150794 0.0614259259 0.4385059524 0.1827648148 2 0.4630376984 0.1825888889 2 0.4135952381 0.1829407407 2 0.4423373016 0.2397546296 2 0.4687579365 0.2394027778 2 0.4174285714 0.2397546296 2
2 0.4689384921 0.213037037 0.0581150794 0.0614259259 0.4661111111 0.1848962963 2 0.4906428571 0.1847203704 2 0.4412003968 0.1850722222 2 0.4717777778 0.2418694444 2 0.4963630952 0.2415333333 2 0.4446031746 0.2423981481 2
2 0.520327381 0.2058240741 0.0581150794 0.0614259259 0.5174940476 0.1776888889 2 0.5420257937 0.177512037 2 0.4925833333 0.1778648148 2 0.523484127 0.2352638889 2 0.5483928571 0.2347351852 2 0.4955555556 0.2356157407 2
2 0.5486805556 0.2080416667 0.0581150794 0.0633611111 0.5446190476 0.1795824074 2 0.5703869048 0.178762963 2 0.5200873016 0.1801111111 2 0.5521686508 0.2377305556 2 0.5774543651 0.2372018519 2 0.526125 0.2382592593 2
2 0.5777876984 0.203837963 0.0581150794 0.0633611111 0.573734127 0.1753703704 2 0.5995 0.17455 2 0.549202381 0.1758990741 2 0.581281746 0.2335185185 2 0.6065694444 0.2329898148 2 0.5552400794 0.2340472222 2
2 0.6080456349 0.2089583333 0.0581150794 0.0633611111 0.6039801587 0.1804972222 2 0.6297480159 0.1796768519 2 0.5794484127 0.181025 2 0.6115297619 0.2386453704 2 0.6368174603 0.2381166667 2 0.5854880952 0.2391740741 2
2 0.6352678571 0.2047453704 0.0581150794 0.0633611111 0.6323690476 0.1764101852 2 0.659922619 0.1758814815 2 0.6066765873 0.176812963 2 0.6387559524 0.2344333333 2 0.6640436508 0.2339046296 2 0.6127142857 0.2349611111 2
2 0.6636210317 0.2066990741 0.0581150794 0.0633611111 0.6607301587 0.1783657407 2 0.688281746 0.177837037 2 0.6350357143 0.1787685185 2 0.6671170635 0.236387963 2 0.6924047619 0.2358592593 2 0.6410753968 0.2369166667 2
2 0.6916170635 0.2023194444 0.0581150794 0.0633611111 0.6901150794 0.1741194444 2 0.7176666667 0.1735907407 2 0.6652063492 0.1744722222 2 0.6950992063 0.232 2 0.7203869048 0.2314712963 2 0.6690575397 0.2325287037 2
2 0.7199702381 0.2044490741 0.0581150794 0.0633611111 0.7184742063 0.1762509259 2 0.7460277778 0.1757222222 2 0.6935654762 0.1766037037 2 0.7234583333 0.2341314815 2 0.7487460317 0.2336027778 2 0.6974166667 0.2346592593 2
2 0.1610218254 0.2998055556 0.0581150794 0.0607222222 0.1581388889 0.2733101852 2 0.182672619 0.2731333333 2 0.1328531746 0.2731333333 2 0.1641785714 0.3281101852 2 0.189843254 0.3279342593 2 0.138890873 0.3282861111 2
2 0.1882440476 0.297 0.0581150794 0.0607222222 0.1853670635 0.2705074074 2 0.2098988095 0.2703314815 2 0.1600793651 0.2703314815 2 0.191406746 0.3253074074 2 0.2170714286 0.3251314815 2 0.1661190476 0.3254842593 2
2 0.2150892857 0.2987777778 0.0581150794 0.0607222222 0.212218254 0.2722861111 2 0.23675 0.2721101852 2 0.1879563492 0.2724287037 2 0.2182559524 0.3270861111 2 0.2439206349 0.3269101852 2 0.192968254 0.327262963 2
2 0.2419543651 0.2956296296 0.0581150794 0.0607222222 0.2390674603 0.2691314815 2 0.2635992063 0.2689555556 2 0.2148055556 0.2692740741 2 0.2451071429 0.3239314815 2 0.2707718254 0.3237555556 2 0.2198194444 0.3241074074 2
2 0.2687996032 0.2977592593 0.0581150794 0.0607222222 0.2659186508 0.271262963 2 0.2904503968 0.2710861111 2 0.241656746 0.2714055556 2 0.2719563492 0.326062963 2 0.2976210317 0.325887037 2 0.2466686508 0.3262388889 2
2 0.2971527778 0.2949537037 0.0581150794 0.0607222222 0.2925019841 0.2683759259 2 0.3177896825 0.2680240741 2 0.270015873 0.2686027778 2 0.3003154762 0.3232601852 2 0.3257142857 0.3231768519 2 0.2750297619 0.323437037 2
2 0.3251488095 0.2965555556 0.0581150794 0.0607222222 0.320484127 0.2701546296 2 0.3457718254 0.2696268519 2 0.2979980159 0.2702055556 2 0.3282996032 0.324862963 2 0.3536964286 0.3247787037 2 0.3030119048 0.3250398148 2
2 0.3508035714 0.2935648148 0.0573611111 0.0607222222 0.3465257937 0.2669833333 2 0.3718134921 0.2666305556 2 0.3240416667 0.2672101852 2 0.3543412698 0.3218675926 2 0.3797400794 0.3217833333 2 0.3290535714 0.3220435185 2
2 0.4078571429 0.294287037 0.0634126984 0.0607222222 0.4061051587 0.2677583333 2 0.4318769841 0.2673527778 2 0.3796865079 0.2677583333 2 0.4125218254 0.3234388889 2 0.4396964286 0.323087037 2 0.3868571429 0.3234388889 2
2 0.4353670635 0.2917037037 0.062281746 0.0606481481 0.4321468254 0.2638814815 2 0.4581904762 0.2631768519 2 0.4053511905 0.2645861111 2 0.4408293651 0.3192101852 2 0.4642281746 0.3188574074 2 0.4121448413 0.319562963 2
2 0.4646626984 0.2941851852 0.0619047619 0.0606481481 0.4597003968 0.2659962963 2 0.4838551587 0.2652907407 2 0.4351666667 0.2663481481 2 0.4672480159 0.3216768519 2 0.493343254 0.3213416667 2 0.4412579365 0.3220462963 2
2 0.489890873 0.2893194444 0.0581150794 0.0601203704 0.4876289683 0.2615907407 2 0.5106507937 0.261062037 2 0.4616626984 0.2618398148 2 0.4940456349 0.3170953704 2 0.5182003968 0.3165666667 2 0.4680019841 0.3176240741 2
2 0.5186210317 0.2916342593 0.0581150794 0.0601203704 0.5163134921 0.2637055556 2 0.540468254 0.2631768519 2 0.4903988095 0.2641472222 2 0.5219742063 0.319562963 2 0.5461289683 0.3192101852 2 0.4967400794 0.3199314815 2
2 0.5458630952 0.2877731481 0.0581150794 0.0601203704 0.5435396825 0.2598453704 2 0.5676944444 0.2593166667 2 0.5176269841 0.260287963 2 0.549202381 0.3157027778 2 0.5733571429 0.3153509259 2 0.523968254 0.3160722222 2
2 0.5738392857 0.2899027778 0.0581150794 0.0601203704 0.5715238095 0.2619768519 2 0.5956785714 0.2614481481 2 0.545609127 0.2624194444 2 0.5771845238 0.3178342593 2 0.6013392857 0.3174814815 2 0.5519503968 0.3182037037 2
2 0.6021924603 0.2865694444 0.0581150794 0.0601203704 0.5998829365 0.2586453704 2 0.6240376984 0.2581166667 2 0.5739702381 0.259087963 2 0.6055436508 0.3145027778 2 0.6296984127 0.3141509259 2 0.5803095238 0.3148722222 2
2 0.6789087302 0.2827685185 0.0582142857 0.0605925926 0.6767797619 0.2544657407 2 0.7039940476 0.2541222222 2 0.6510376984 0.2548092593 2 0.6824186508 0.3110092593 2 0.7064444444 0.3105509259 2 0.6574126984 0.3113527778 2
2 0.7080555556 0.2840092593 0.0582142857 0.0605925926 0.7057103175 0.2554953704 2 0.7312063492 0.2548092593 2 0.6801785714 0.2560444444 2 0.7115595238 0.3122444444 2 0.7355853175 0.3117861111 2 0.6865515873 0.312587037 2
2 0.737202381 0.27975 0.0582142857 0.0605925926 0.7348511905 0.251237037 2 0.7603472222 0.25055 2 0.7093194444 0.2517851852 2 0.7407003968 0.3079851852 2 0.7647261905 0.3075268519 2 0.7156924603 0.3083287037 2
2 0.7636309524 0.2818981481 0.0582142857 0.0605925926 0.7612936508 0.253387037 2 0.7867916667 0.2527009259 2 0.7357619048 0.2539351852 2 0.7671428571 0.3101361111 2 0.7911706349 0.3096777778 2 0.7421369048 0.3104787037 2
2 0.794375 0.2771851852 0.0589484127 0.0605925926 0.7916607143 0.2486703704 2 0.817156746 0.2479833333 2 0.7661289683 0.2492185185 2 0.7975099206 0.3054185185 2 0.8215357143 0.3049611111 2 0.7725019841 0.305762037 2
2 0.8225297619 0.2781851852 0.0589484127 0.0605925926 0.8198194444 0.2496768519 2 0.8453174603 0.2489898148 2 0.7942876984 0.250225 2 0.8256686508 0.306425 2 0.8496964286 0.3059666667 2 0.8006626984 0.3067685185 2
2 0.8504464286 0.2743888889 0.0589484127 0.0605925926 0.847734127 0.245875 2 0.8732321429 0.2451888889 2 0.822202381 0.2464231481 2 0.8535853175 0.3026240741 2 0.8776111111 0.3021657407 2 0.828577381 0.3029666667 2
2 0.880327381 0.2756203704 0.0589484127 0.0605925926 0.8776111111 0.2471101852 2 0.9031071429 0.2464231481 2 0.8520793651 0.2476583333 2 0.8834603175 0.3038583333 2 0.9074861111 0.3034009259 2 0.8584543651 0.3042018519 2
2 0.1787003968 0.3752314815 0.0615277778 0.0566111111 0.1741111111 0.3481842593 2 0.1986448413 0.3480083333 2 0.1498511905 0.3483268519 2 0.1846626984 0.402337963 2 0.2102301587 0.402337963 2 0.1592956349 0.402337963 2
2 0.2062003968 0.372212963 0.0615277778 0.0566111111 0.2016111111 0.3451611111 2 0.2261428571 0.3449851852 2 0.1773492063 0.3453037037 2 0.2121607143 0.3993148148 2 0.2377281746 0.3993148148 2 0.1867936508 0.3993148148 2
2 0.2341765873 0.3743518519 0.0615277778 0.0566111111 0.2295972222 0.3472990741 2 0.2541289683 0.3471222222 2 0.2053353175 0.3474416667 2 0.2401488095 0.4014527778 2 0.2657162698 0.4014527778 2 0.2147797619 0.4014527778 2
2 0.2604265873 0.3707222222 0.0615277778 0.0566111111 0.2558412698 0.3436675926 2 0.2803730159 0.3434916667 2 0.2315793651 0.3438101852 2 0.2660277778 0.3972787037 2 0.2902579365 0.3972787037 2 0.2407797619 0.3973740741 2
2 0.2895138889 0.3734537037 0.0615277778 0.0566111111 0.2849345238 0.3464055556 2 0.309468254 0.3462296296 2 0.2606746032 0.3465481481 2 0.2951230159 0.4000166667 2 0.3193531746 0.4000166667 2 0.2698730159 0.400112037 2
2 0.3176884921 0.3696388889 0.06375 0.0566111111 0.3119940476 0.3425842593 2 0.3365257937 0.3424074074 2 0.2877321429 0.3427268519 2 0.3221805556 0.3961953704 2 0.3489007937 0.3961388889 2 0.2984027778 0.3962342593 2
2 0.3700892857 0.3714537037 0.0607738095 0.0566111111 0.365875 0.3444037037 2 0.390406746 0.3442268519 2 0.3416130952 0.3445462963 2 0.3741230159 0.3979268519 2 0.3985892857 0.3979268519 2 0.3486011905 0.3980092593 2
2 0.3974503968 0.367537037 0.0607738095 0.0566111111 0.3932361111 0.340487963 2 0.4177698413 0.3403111111 2 0.3689761905 0.3406305556 2 0.401484127 0.3940111111 2 0.4259503968 0.3940111111 2 0.3759623016 0.3940935185 2
2 0.4246329365 0.3701111111 0.0607738095 0.0566111111 0.420422619 0.3430638889 2 0.4449543651 0.342887963 2 0.3961607143 0.3432064815 2 0.4286686508 0.396587963 2 0.4531349206 0.396587963 2 0.4031468254 0.3966694444 2
2 0.4514583333 0.3664444444 0.0607738095 0.0566111111 0.4472559524 0.3393944444 2 0.4717876984 0.3392185185 2 0.4229940476 0.339537037 2 0.4555019841 0.3929185185 2 0.479968254 0.3929185185 2 0.4299801587 0.3930009259 2
2 0.4775892857 0.3684444444 0.0607738095 0.0566111111 0.4733849206 0.3413962963 2 0.4979166667 0.3412194444 2 0.4491230159 0.3415388889 2 0.4816329365 0.3949194444 2 0.5060992063 0.3949194444 2 0.456109127 0.3950018519 2
2 0.5049503968 0.364462963 0.0607738095 0.0570740741 0.5008928571 0.3377351852 2 0.5253988095 0.3373407407 2 0.476484127 0.337787037 2 0.5089940476 0.3911675926 2 0.5336369048 0.3912722222 2 0.4834702381 0.39125 2
2 0.5576190476 0.3620787037 0.0605555556 0.0580648148 0.5534623016 0.3348509259 2 0.577968254 0.3344564815 2 0.5290535714 0.3349027778 2 0.5596230159 0.3897925926 2 0.5856071429 0.3893981481 2 0.5346944444 0.390087963 2
2 0.5861706349 0.3640231481 0.0605555556 0.0580648148 0.5828650794 0.3369962963 2 0.6082559524 0.3364231481 2 0.5576785714 0.3375694444 2 0.5881646825 0.3917388889 2 0.6125555556 0.3913916667 2 0.5630019841 0.3920611111 2
2 0.6143849206 0.3598842593 0.0605555556 0.0580648148 0.6110813492 0.3328574074 2 0.636718254 0.3324074074 2 0.5855277778 0.3332675926 2 0.6146031746 0.3875685185 2 0.6407718254 0.3872537037 2 0.591218254 0.3879231481 2
2 0.6417857143 0.3620601852 0.0605555556 0.0580648148 0.6384781746 0.3350287037 2 0.6641150794 0.3345787037 2 0.612922619 0.3354388889 2 0.642 0.3897388889 2 0.6684563492 0.3896712963 2 0.6178789683 0.389862037 2
2 0.6695833333 0.3579212963 0.0605555556 0.0580648148 0.6662837302 0.3308907407 2 0.6924146825 0.3307824074 2 0.6410178571 0.3310694444 2 0.6686607143 0.3856564815 2 0.6944623016 0.3854648148 2 0.6453174603 0.3856564815 2
2 0.6984126984 0.3602824074 0.0605555556 0.0580648148 0.6951130952 0.3332527778 2 0.7212857143 0.3330287037 2 0.6698492063 0.3334314815 2 0.6974920635 0.3880185185 2 0.7232916667 0.3878268519 2 0.6741488095 0.3880185185 2
2 0.7483928571 0.3547083333 0.0605555556 0.0588611111 0.7452202381 0.3273444444 2 0.7718392857 0.3266435185 2 0.7183869048 0.3281462963 2 0.7475813492 0.3824666667 2 0.7735555556 0.3821666667 2 0.7216071429 0.3828675926 2
2 0.7775595238 0.3576990741 0.0605555556 0.0588611111 0.7733412698 0.32975 2 0.7993154762 0.3292490741 2 0.7484404762 0.3301509259 2 0.7774206349 0.3853731481 2 0.8027202381 0.38515 2 0.7507698413 0.3858518519 2
2 0.805218254 0.352662037 0.0605555556 0.0588611111 0.8010019841 0.3247166667 2 0.8269781746 0.3242157407 2 0.7761011905 0.3251175926 2 0.8050813492 0.3803398148 2 0.8303809524 0.3801166667 2 0.7799960317 0.380562963 2
2 0.8350198413 0.3555509259 0.0605555556 0.0588611111 0.8308095238 0.3276 2 0.8567857143 0.3270990741 2 0.8059087302 0.3280009259 2 0.8348888889 0.3832240741 2 0.8601884921 0.3830009259 2 0.8098035714 0.3834462963 2
2 0.8635515873 0.3508101852 0.0605555556 0.0588611111 0.8593293651 0.3228675926 2 0.8853055556 0.3223666667 2 0.8344285714 0.3232685185 2 0.8634087302 0.3784907407 2 0.8887083333 0.3782675926 2 0.8383234127 0.3787138889 2
2 0.8914285714 0.3534953704 0.0605555556 0.0588611111 0.8872063492 0.3255509259 2 0.9131805556 0.32505 2 0.8623035714 0.3259518519 2 0.8912837302 0.3811740741 2 0.9165853175 0.3809509259 2 0.8662003968 0.3813972222 2
2 0.7590079365 0.4274537037 0.0605555556 0.0608888889 0.7559543651 0.3987185185 2 0.7826666667 0.3985055556 2 0.7298809524 0.3988981481 2 0.7584662698 0.4558527778 2 0.7847222222 0.4555333333 2 0.7306111111 0.4560657407 2
2 0.7893253968 0.4297777778 0.0605555556 0.0608888889 0.7859781746 0.4009564815 2 0.8126904762 0.4007435185 2 0.760202381 0.4012148148 2 0.7887876984 0.4581685185 2 0.8150436508 0.4578490741 2 0.762234127 0.4586240741 2
2 0.8194246032 0.4250555556 0.0605555556 0.0608888889 0.8160714286 0.396237963 2 0.8427837302 0.396025 2 0.7902956349 0.3964953704 2 0.8188809524 0.45345 2 0.8451369048 0.4531305556 2 0.792327381 0.4539046296 2
2 0.8504166667 0.4275833333 0.0605555556 0.0608888889 0.847077381 0.3987675926 2 0.8737916667 0.3985537037 2 0.8213015873 0.399025 2 0.8498869048 0.4559796296 2 0.8761448413 0.4556592593 2 0.8233333333 0.4564342593 2
2 0.8796031746 0.423287037 0.0605555556 0.0608888889 0.876734127 0.3945083333 2 0.9029702381 0.394262037 2 0.8504821429 0.3947324074 2 0.8781031746 0.4518555556 2 0.9061865079 0.4515361111 2 0.8525138889 0.4521416667 2
2 0.9103769841 0.425712963 0.0605555556 0.0608888889 0.9075119048 0.3969314815 2 0.93375 0.3966842593 2 0.8812599206 0.3971555556 2 0.9089265873 0.4543074074 2 0.9369642857 0.4539592593 2 0.8824424603 0.4546277778 2
2 0.6309424603 0.4303055556 0.0586706349 0.0566111111 0.628781746 0.4040416667 2 0.6532123016 0.4037222222 2 0.6034404762 0.404362037 2 0.6331210317 0.456912963 2 0.6584642857 0.4566990741 2 0.6100615079 0.4570194444 2
2 0.605109127 0.4337962963 0.0586706349 0.0566111111 0.6029384921 0.4075305556 2 0.6273690476 0.4072111111 2 0.5775952381 0.4078509259 2 0.6072757937 0.4604009259 2 0.6326190476 0.460187963 2 0.5815218254 0.4606435185 2
2 0.5774305556 0.4315277778 0.0586706349 0.0566111111 0.5752678571 0.4052638889 2 0.5996984127 0.4049435185 2 0.5499246032 0.4055833333 2 0.5796051587 0.4581342593 2 0.6049484127 0.4579203704 2 0.5538511905 0.4583759259 2
2 0.551140873 0.4352314815 0.0586706349 0.0566111111 0.5489662698 0.4089657407 2 0.5733968254 0.4086453704 2 0.5236230159 0.4092851852 2 0.5533055556 0.4618361111 2 0.5786488095 0.4616231481 2 0.5275496032 0.4620777778 2
2 0.5236805556 0.4331759259 0.0586706349 0.0566111111 0.5191904762 0.4069740741 2 0.5431646825 0.4065472222 2 0.4961805556 0.4072314815 2 0.5258630952 0.4597824074 2 0.5512063492 0.4595685185 2 0.5022956349 0.4599509259 2
2 0.5005853175 0.4369907407 0.0586706349 0.0566111111 0.4960873016 0.4107824074 2 0.5171369048 0.4104916667 2 0.473077381 0.4110398148 2 0.5027579365 0.4635907407 2 0.5262678571 0.463362037 2 0.4762678571 0.4636814815 2
2 0.4724503968 0.4348240741 0.0586706349 0.0566111111 0.4679583333 0.4086212963 2 0.4949900794 0.4082527778 2 0.4449503968 0.4088787037 2 0.4746309524 0.4614296296 2 0.498140873 0.4612009259 2 0.448140873 0.4615212963 2
2 0.4418154762 0.4378888889 0.0586706349 0.0566111111 0.4387103175 0.4117703704 2 0.4643511905 0.4113157407 2 0.4143115079 0.4119416667 2 0.446015873 0.4644277778 2 0.4704464286 0.4641083333 2 0.4211289683 0.4646407407 2
2 0.3876686508 0.4365833333 0.0586706349 0.0566111111 0.3845535714 0.410462963 2 0.4101944444 0.4100074074 2 0.3601547619 0.4106333333 2 0.3918611111 0.4631203704 2 0.4162896825 0.4628 2 0.3669742063 0.4633333333 2
2 0.3615972222 0.440287037 0.0586706349 0.0566111111 0.3578849206 0.4142740741 2 0.3841230159 0.4137092593 2 0.3340833333 0.4143361111 2 0.3657876984 0.4668222222 2 0.390218254 0.4665018519 2 0.3409007937 0.4670351852 2
2 0.3346130952 0.4380185185 0.0586706349 0.0566111111 0.3309007937 0.4120064815 2 0.3571369048 0.4114416667 2 0.3070972222 0.4120685185 2 0.3409900794 0.4643731481 2 0.3632321429 0.4642351852 2 0.317359127 0.4645314815 2
2 0.3099107143 0.4418240741 0.0586706349 0.0566111111 0.3061964286 0.4158148148 2 0.3299166667 0.4154981481 2 0.2835694444 0.4159240741 2 0.3148472222 0.4683685185 2 0.3385297619 0.4680435185 2 0.2904880952 0.4686074074 2
2 0.2838392857 0.4395555556 0.0586706349 0.0566111111 0.280125 0.4135481481 2 0.3038452381 0.4132305556 2 0.2574960317 0.4136574074 2 0.2887757937 0.4661009259 2 0.3124563492 0.4657759259 2 0.2644146825 0.4663407407 2
2 0.2568353175 0.4434722222 0.0586706349 0.0566111111 0.2531388889 0.417462963 2 0.276859127 0.4171453704 2 0.2305099206 0.4175722222 2 0.2617896825 0.4700166667 2 0.2854702381 0.4696916667 2 0.2374305556 0.4702555556 2
2 0.2300793651 0.4419537037 0.0618650794 0.0566111111 0.2258055556 0.416137037 2 0.2525178571 0.4158175926 2 0.2000039683 0.4163509259 2 0.2366309524 0.4684953704 2 0.2603115079 0.4681703704 2 0.2122698413 0.4687342593 2
2 0.2051587302 0.4456574074 0.0618650794 0.0566111111 0.2008730159 0.4198398148 2 0.22375 0.4195481481 2 0.1746170635 0.4202657407 2 0.2117003968 0.4721972222 2 0.2353809524 0.4718722222 2 0.1873392857 0.4724361111 2
