1 0.2688828125 0.7858125 0.376296875 0.36328125 0.26171875 0.9544265625 2 0.0846359375 0.9583328125 2 0.4401046875 0.9544265625 2 0.2630203125 0.6158859375 2 0 0 0 0 0 0
1 0.7128828125 0.779296875 0.376296875 0.36328125 0.7057296875 0.9479171875 2 0.5286453125 0.9518234375 2 0.8841140625 0.9479171875 2 0.69921875 0.6106765625 2 0 0 0 0 0 0
1 0.4967421875 0.7610625 0.376296875 0.36328125 0.4895828125 0.9296875 2 0.3125 0.93359375 2 0.66796875 0.9296875 2 0.4791671875 0.5963546875 2 0 0 0 0 0 0
1 0.6790390625 0.76496875 0.376296875 0.36328125 0.671875 0.5963546875 2 0.4986984375 0.6067703125 2 0.8515625 0.58984375 2 0.6822921875 0.92578125 2 0 0 0 0 0 0
1 0.286453125 0.7701875 0.390625 0.36328125 0.2864578125 0.6015625 2 0.1041671875 0.60546875 2 0.4583328125 0.6015625 2 0.296875 0.9309890625 2 0 0 0 0 0 0
1 0.6608046875 0.2499921875 0.376296875 0.442703125 0.6536453125 0.0416671875 2 0.4817703125 0.0442703125 2 0.8333328125 0.0377609375 2 0.6705734375 0.4518234375 2 0 0 0 0 0 0
1 0.4811171875 0.2532578125 0.376296875 0.451828125 0.4739578125 0.4661453125 2 0.296875 0.4700515625 2 0.65234375 0.4661453125 2 0.4596359375 0.0403640625 2 0 0 0 0 0 0
1 0.2597578125 0.2786484375 0.376296875 0.442703125 0.2526046875 0.4869796875 2 0.0755203125 0.4908859375 2 0.4309890625 0.4869796875 2 0.2330734375 0.0625 2 0 0 0 0 0 0
1 0.2688828125 0.2526015625 0.376296875 0.442703125 0.26171875 0.0442703125 2 0.08984375 0.046875 2 0.44140625 0.0403640625 2 0.2786453125 0.4544265625 2 0 0 0 0 0 0
1 0.7024765625 0.2649765625 0.376296875 0.451828125 0.6953125 0.4778640625 2 0.5182296875 0.4817703125 2 0.8736984375 0.4778640625 2 0.6809890625 0.0520828125 2 0 0 0 0 0 0
