1 0.3555721393 0.2761502347 0.3950746269 0.4501408451 0.3555746269 0.0704225352 2 0.1712014925 0.0800892019 2 0.5370199005 0.0621384977 2 0.3672810945 0.4846737089 2 0 0 0 0 0 0
1 0.3394776119 0.3092957746 0.3950746269 0.4501408451 0.3394800995 0.5150516432 2 0.5238507463 0.5067652582 2 0.1580323383 0.5233356808 2 0.3277736318 0.1008004695 2 0 0 0 0 0 0
1 0.5618905473 0.2885915493 0.3950746269 0.4501408451 0.5618955224 0.4943380282 2 0.7462686567 0.4860539906 2 0.3804502488 0.5026244131 2 0.554579602 0.0814694836 2 0 0 0 0 0 0
1 0.7506467662 0.2775352113 0.3950746269 0.4501408451 0.750659204 0.0676596244 2 0.5692114428 0.0676596244 2 0.9321044776 0.0676596244 2 0.7623656716 0.4860539906 2 0 0 0 0 0 0
1 0.787238806 0.3037793427 0.3950746269 0.4501408451 0.7872412935 0.509528169 2 0.9716119403 0.5067652582 2 0.6043308458 0.5136690141 2 0.7799228856 0.096657277 2 0 0 0 0 0 0
1 0.3160572139 0.804342723 0.3892288557 0.3714553991 0.3248457711 0.966584507 2 0.1448631841 0.9734882629 2 0.491659204 0.9610610329 2 0.3160671642 0.6310422535 2 0 0 0 0 0 0
1 0.7418781095 0.7808685446 0.3892288557 0.3714553991 0.750659204 0.9431103286 2 0.5706766169 0.9500140845 2 0.9174726368 0.9375868545 2 0.7418781095 0.6075680751 2 0 0 0 0 0 0
1 0.3475248756 0.776713615 0.3994776119 0.3714553991 0.3438681592 0.614471831 2 0.5238507463 0.6075680751 2 0.160960199 0.6186126761 2 0.3526492537 0.9500140845 2 0 0 0 0 0 0
1 0.5458084577 0.7753521127 0.3892288557 0.3714553991 0.554579602 0.9375868545 2 0.3745970149 0.9444906103 2 0.7213930348 0.9320633803 2 0.5443358209 0.6075680751 2 0 0 0 0 0 0
1 0.7630970149 0.7615258216 0.4287313433 0.3714553991 0.7740696517 0.5992816901 2 0.9247885572 0.5965211268 2 0.5662860697 0.6034248826 2 0.7828507463 0.9348239437 2 0 0 0 0 0 0
