1 0.6783046875 0.274109375 0.379859375 0.430125 0.6755 0.064475 2 0.49316875 0.064475 2 0.8634453125 0.064475 2 0.6854890625 0.4676328125 2 0 0 0 0 0 0
1 0.2761171875 0.2697265625 0.386234375 0.446890625 0.2824953125 0.0670328125 2 0.0917703125 0.0710234375 2 0.459653125 0.061446875 2 0.290475 0.4716234375 2 0 0 0 0 0 0
1 0.2601484375 0.2856953125 0.386234375 0.446890625 0.26813125 0.4875828125 2 0.0805984375 0.4987546875 2 0.44848125 0.484390625 2 0.2553625 0.079003125 2 0 0 0 0 0 0
1 0.4835859375 0.27890625 0.386234375 0.4333125 0.4915734375 0.4740171875 2 0.3064359375 0.4788046875 2 0.6719234375 0.470825 2 0.4788046875 0.068628125 2 0 0 0 0 0 0
1 0.7094296875 0.29246875 0.386234375 0.4333125 0.717409375 0.4875828125 2 0.532271875 0.4923703125 2 0.8897796875 0.48838125 2 0.704640625 0.0821953125 2 0 0 0 0 0 0
1 0.2413515625 0.7807109375 0.386234375 0.350640625 0.249325 0.9344921875 2 0.0608421875 0.938065625 2 0.423678125 0.928109375 2 0.238940625 0.612840625 2 0 0 0 0 0 0
1 0.2634609375 0.7464140625 0.386234375 0.350640625 0.271021875 0.596246875 2 0.084071875 0.599565625 2 0.4480140625 0.589609375 2 0.276553125 0.9137296875 2 0 0 0 0 0 0
1 0.4703359375 0.7619140625 0.386234375 0.350640625 0.4783109375 0.9156859375 2 0.2898265625 0.9192609375 2 0.6526640625 0.9093046875 2 0.4679265625 0.594034375 2 0 0 0 0 0 0
1 0.6628046875 0.7331484375 0.386234375 0.350640625 0.6703625 0.582971875 2 0.4834140625 0.586290625 2 0.84735625 0.576334375 2 0.67589375 0.9004546875 2 0 0 0 0 0 0
1 0.7015234375 0.7563828125 0.386234375 0.350640625 0.7095078125 0.9101546875 2 0.521025 0.9137296875 2 0.8838609375 0.9037734375 2 0.70244375 0.594034375 2 0 0 0 0 0 0
