2 0.2858307692 0.2033707865 0.2452615385 0.2982022472 0.2996646154 0.0690187266 2 0.40312 0.0690187266 2 0.1846153846 0.0701048689 2 0.2845046154 0.3394494382 2 0.3870676923 0.3394494382 2 0.1703446154 0.3427078652 2
2 0.2680153846 0.5046816479 0.2434769231 0.3080898876 0.2871784615 0.3698614232 2 0.38796 0.3687752809 2 0.1730215385 0.3720337079 2 0.2711261538 0.6402921348 2 0.3701230769 0.6348614232 2 0.1542923077 0.6478951311 2
2 0.2459230769 0.782340824 0.2269846154 0.2992883895 0.2399107692 0.9096404494 2 0.3460430769 0.9052958801 2 0.1328861538 0.9161535581 2 0.2559630769 0.6402921348 2 0.3585292308 0.6381198502 1 0.1409138462 0.6435505618 1
2 0.1688 0.2611423221 0.2439384615 0.3125468165 0.1587507692 0.4002696629 2 0.2702338462 0.4002696629 2 0.0552953846 0.3991797753 2 0.1801569231 0.1276666667 2 0.2889630769 0.1233220974 2 0.0686738462 0.1233183521 2
2 0.1355692308 0.5477902622 0.2283076923 0.2928838951 0.1275353846 0.6750449438 2 0.2363446154 0.6739550562 2 0.0258646154 0.6750449438 2 0.1480492308 0.4154719101 2 0.2461538462 0.4154719101 2 0.0463753846 0.4122134831 2
2 0.1293230769 0.8268726592 0.2318769231 0.2949438202 0.1204 0.9606816479 2 0.2211815385 0.9585093633 2 0.0169446154 0.9617640449 2 0.1426984615 0.6989363296 2 0.2443692308 0.6945917603 2 0.0356738462 0.6967640449 2
2 0.3540615385 0.8151872659 0.2318769231 0.3019850187 0.3496092308 0.9433033708 2 0.4486061538 0.9422172285 2 0.2399107692 0.9476479401 2 0.3612030769 0.690247191 2 0.46912 0.6837303371 2 0.2515046154 0.6913333333 2
2 0.3754769231 0.5353558052 0.2283076923 0.2880149813 0.3835015385 0.4100411985 2 0.2960984615 0.4111273408 2 0.4851723077 0.4067827715 2 0.3683384615 0.6707003745 2 0.2622061538 0.6750449438 2 0.4673353846 0.6630973783 2
2 0.4115846154 0.25082397 0.2345538462 0.3136329588 0.3986615385 0.3904906367 2 0.4949846154 0.3904906367 2 0.2978830769 0.3926629213 2 0.4164984615 0.1200599251 2 0.5261969231 0.1157153558 2 0.3032338462 0.1146292135 2
2 0.6158307692 0.8320037453 0.2363384615 0.3009363296 0.6127076923 0.9650149813 2 0.7072461538 0.960670412 2 0.4976584615 0.9661011236 2 0.6278707692 0.7065280899 2 0.7331107692 0.700011236 2 0.5270892308 0.7076142322 2
2 0.8361076923 0.8222284644 0.2381230769 0.2944194757 0.8276492308 0.9476367041 2 0.9266430769 0.9389475655 2 0.7241907692 0.9530674157 2 0.84816 0.6891535581 2 0.9516153846 0.6826367041 2 0.7366769231 0.700011236 2
2 0.7326615385 0.7861985019 0.2309846154 0.2881273408 0.74292 0.6609138577 2 0.8463753846 0.6543970037 2 0.6323292308 0.662 2 0.7179476923 0.9150561798 2 0.8196215385 0.9107116105 2 0.6171692308 0.9172284644 2
2 0.6294307692 0.5486891386 0.2412615385 0.2983520599 0.6412492308 0.4208913858 2 0.7491630769 0.4219775281 2 0.5377938462 0.4176329588 2 0.6198430769 0.6815505618 2 0.7250830769 0.6804644195 2 0.5101446154 0.6848089888 2
2 0.7295538462 0.4932397004 0.1944307692 0.2880524345 0.7224092308 0.6218164794 2 0.6332215385 0.623988764 2 0.8231876923 0.6174719101 2 0.7393538462 0.3676741573 2 0.6403569231 0.3709325843 2 0.8258646154 0.3644157303 1
2 0.602 0.2410299625 0.2354461538 0.2984644195 0.5868461538 0.3785355805 2 0.6911938462 0.3817940075 1 0.4869569231 0.3763632959 1 0.6055753846 0.1135355805 2 0.7206246154 0.1091910112 1 0.4976584615 0.1124494382 2
2 0.7580923077 0.2084456929 0.2425846154 0.3071535581 0.7500553846 0.3459550562 2 0.8588615385 0.3448689139 2 0.6394646154 0.3513857678 2 0.7696769231 0.0776928839 2 0.8775907692 0.0722621723 2 0.66176 0.0809513109 2
2 0.8740307692 0.2502621723 0.2461538462 0.3082397004 0.87224 0.3850524345 2 0.9712369231 0.3774494382 2 0.7554061538 0.3915692884 2 0.88116 0.1189662921 2 0.9935353846 0.1124494382 2 0.7768123077 0.1243932584 2
2 0.8613076923 0.5315168539 0.2216307692 0.2994382022 0.8544030769 0.6685168539 2 0.9525076923 0.658741573 2 0.7562984615 0.6750337079 2 0.8713476923 0.4013445693 2 0.9712369231 0.393741573 2 0.7634338462 0.4078576779 2
