1 0.7844827586 0.2394366197 0.4310344828 0.3849765258 0.7857241379 0.4115305164 2 0.579683908 0.4171690141 2 0.9878275862 0.4042816901 2 0.7837528736 0.0652347418 2 0 0 0 0 0 0
1 0.7490804598 0.2194366197 0.4288505747 0.3841314554 0.7492471264 0.0483192488 2 0.5432068966 0.042685446 2 0.9592356322 0.0483192488 2 0.7315057471 0.3905915493 2 0 0 0 0 0 0
1 0.5105172414 0.2210798122 0.4288505747 0.3841314554 0.5146149425 0.3922018779 2 0.3085747126 0.3938122066 2 0.7117873563 0.3930093897 2 0.5333448276 0.0450985915 2 0 0 0 0 0 0
1 0.2492528736 0.2420187793 0.4288505747 0.3841314554 0.253362069 0.4131408451 2 0.0473218391 0.4147511737 2 0.4495517241 0.4099201878 2 0.2789942529 0.0636244131 2 0 0 0 0 0 0
1 0.3084482759 0.2202347418 0.4288505747 0.3841314554 0.3085747126 0.0491267606 2 0.1025287356 0.0434882629 2 0.5185574713 0.0491267606 2 0.2908275862 0.391399061 2 0 0 0 0 0 0
1 0.7145977011 0.7159624413 0.4288505747 0.4397183099 0.7147413793 0.9189014085 2 0.5087011494 0.9205117371 2 0.9079712644 0.9124553991 2 0.728545977 0.5057558685 2 0 0 0 0 0 0
1 0.7037356322 0.6966197183 0.4288505747 0.4397183099 0.7039022989 0.4936760563 2 0.4978563218 0.4920657277 2 0.9040287356 0.4888450704 2 0.6940402299 0.9060140845 2 0 0 0 0 0 0
1 0.2640804598 0.6970422535 0.4288505747 0.4453521127 0.2642068966 0.4912629108 2 0.0581666667 0.4896525822 2 0.4643390805 0.48642723 2 0.253362069 0.9116525822 2 0 0 0 0 0 0
1 0.2463218391 0.7183568075 0.3657471264 0.4509859155 0.221816092 0.9269530516 2 0.0768965517 0.9309812207 2 0.4140574713 0.9269530516 2 0.2366034483 0.5017276995 2 0 0 0 0 0 0
1 0.4735344828 0.7054929577 0.4061494253 0.4509859155 0.4692643678 0.9140657277 2 0.2927988506 0.90842723 2 0.6615057471 0.9140657277 2 0.4889827586 0.4944835681 2 0 0 0 0 0 0
