3 0.2493149038 0.0778004808 0.2931009615 0.1556009615 0.2518581731 0.1534302885 2 0.1223100962 0.0021706731 2 0.3654831731 0 2 0 0 0 0 0 0 0 0 0
3 0.2493149038 0.0778004808 0.2931009615 0.1556009615 0.2518581731 0.1534302885 2 0.1223100962 0.0021706731 2 0.3654831731 0 2 0 0 0 0 0 0 0 0 0
3 0.2378725962 0.1103846154 0.2849759615 0.1994230769 0.2486923077 0.1918701923 2 0.1114326923 0.0309951923 2 0.3748846154 0.0302572115 2 0 0 0 0 0 0 0 0 0
3 0.2421514423 0.1441826923 0.2849759615 0.1994230769 0.2529735577 0.2256682692 2 0.1157115385 0.0647932692 2 0.3791634615 0.0640552885 2 0 0 0 0 0 0 0 0 0
3 0.2512379808 0.1849519231 0.2809855769 0.1994230769 0.2495216346 0.2637043269 2 0.1218798077 0.0966177885 2 0.3862548077 0.1048293269 2 0 0 0 0 0 0 0 0 0
3 0.2472475962 0.2195192308 0.2809855769 0.2118269231 0.2455336538 0.3044783654 2 0.1165625 0.1280841346 2 0.3855841346 0.1524615385 2 0 0 0 0 0 0 0 0 0
3 0.2482091346 0.2612980769 0.2809855769 0.2118269231 0.2465048077 0.3462620192 2 0.1185480769 0.1583870192 2 0.3865576923 0.1942451923 2 0 0 0 0 0 0 0 0 0
3 0.2482091346 0.3011298077 0.2809855769 0.2118269231 0.2465048077 0.3861033654 2 0.1185480769 0.1982283654 2 0.3865576923 0.2340841346 2 0 0 0 0 0 0 0 0 0
3 0.2438461538 0.3375841346 0.2819711538 0.2264182692 0.2409831731 0.4294927885 2 0.1204903846 0.2341802885 2 0.3826706731 0.2778100962 2 0 0 0 0 0 0 0 0 0
3 0.2487019231 0.3784014423 0.2819711538 0.2264182692 0.2332091346 0.4683629808 1 0.1253509615 0.2749927885 2 0.3875288462 0.3186225962 2 0 0 0 0 0 0 0 0 0
3 0.2418990385 0.4182331731 0.2819711538 0.2264182692 0.2264086538 0.5082019231 1 0.1185480769 0.3148317308 2 0.3807259615 0.3584615385 2 0 0 0 0 0 0 0 0 0
3 0.5110576923 0.0325600962 0.1225961538 0.0651201923 0.5082019231 0.0427548077 2 0.4479567308 0.0029158654 2 0.5451274038 0 2 0 0 0 0 0 0 0 0 0
3 0.5647716346 0.0687980769 0.2300240385 0.1375961538 0.5329519231 0.1249495192 2 0.4499423077 0.0749903846 2 0.6280456731 0.00234375 2 0 0 0 0 0 0 0 0 0
3 0.52921875 0.0507211538 0.1589182692 0.1014423077 0.5202451923 0.0843653846 2 0.4479567308 0.0392379808 2 0.5858629808 0.0035144231 2 0 0 0 0 0 0 0 0 0
3 0.5600961538 0.0875360577 0.2183173077 0.1750721154 0.5401658654 0.1616971154 2 0.4511129808 0.1124855769 2 0.6456201923 0.0011706731 2 0 0 0 0 0 0 0 0 0
3 0.5600961538 0.0875360577 0.2183173077 0.1750721154 0.5401658654 0.1616971154 2 0.4511129808 0.1124855769 2 0.6456201923 0.0011706731 2 0 0 0 0 0 0 0 0 0
3 0.5636778846 0.1137259615 0.2283653846 0.2274519231 0.5594879808 0.2116009615 2 0.4496802885 0.1526538462 2 0.6713846154 0.0337115385 2 0 0 0 0 0 0 0 0 0
3 0.5755168269 0.2080408654 0.2506009615 0.2023317308 0.5917644231 0.2905024038 2 0.4504591346 0.2159038462 2 0.6929038462 0.1126153846 2 0 0 0 0 0 0 0 0 0
3 0.6085216346 0.2496394231 0.2592067308 0.1980288462 0.6477139423 0.3342572115 2 0.4791514423 0.2754399038 2 0.7280504808 0.1585216346 2 0 0 0 0 0 0 0 0 0
3 0.8495432692 0.1591826923 0.2171153846 0.1103365385 0.8377956731 0.2051466346 2 0.7411634615 0.1087043269 2 0.9496947115 0.1111802885 2 0 0 0 0 0 0 0 0 0
3 0.83125 0.2004206731 0.1475480769 0.0852163462 0.8399471154 0.2331201923 2 0.7675024038 0.1621081731 2 0.9001995192 0.1793221154 2 0 0 0 0 0 0 0 0 0
3 0.8491947115 0.1190144231 0.2293028846 0.1189423077 0.8435336538 0.16928125 2 0.7423966346 0.0652740385 2 0.9554326923 0.0753149038 2 0 0 0 0 0 0 0 0 0
3 0.8556370192 0.0666346154 0.2293028846 0.1189423077 0.8499903846 0.1169182692 2 0.7488509615 0.0129110577 2 0.9640408654 0.01578125 2 0 0 0 0 0 0 0 0 0
3 0.8434495192 0.2115384615 0.2221394231 0.1175 0.8406658654 0.26109375 2 0.7395264423 0.1570865385 2 0.9468245192 0.1621081731 2 0 0 0 0 0 0 0 0 0
3 0.8560096154 0.0476322115 0.2013461538 0.0952644231 0.8478389423 0.0810528846 2 0.7631971154 0.0057379808 2 0.9360649038 0.0007163462 2 0 0 0 0 0 0 0 0 0
3 0.8456009615 0.0347235577 0.1217307692 0.0694471154 0.8499903846 0.0602524038 2 0.7926057692 0.0057379808 2 0.8994831731 0.0129110577 2 0 0 0 0 0 0 0 0 0
3 0.8506129808 0.1243870192 0.1044951923 0.0593990385 0.8485552885 0.1448918269 2 0.8069519231 0.1047235577 2 0.8973317308 0.1032908654 2 0 0 0 0 0 0 0 0 0
3 0.3539663462 0.8643149038 0.1934134615 0.2023798077 0.3694711538 0.9522355769 2 0.2647475962 0.7704038462 2 0.4475576923 0.81775 2 0 0 0 0 0 0 0 0 0
3 0.3496153846 0.8988100962 0.2020673077 0.2023798077 0.3564543269 0.9985096154 2 0.2610144231 0.8025673077 2 0.4490048077 0.8676394231 2 0 0 0 0 0 0 0 0 0
3 0.3525 0.9223677885 0.2020673077 0.1552644231 0 0 0 0.2638990385 0.8496730769 2 0.44990625 0.9065432692 2 0 0 0 0 0 0 0 0 0
3 0.3467307692 0.9396754808 0.2001442308 0.1148798077 0 0 0 0.2571706731 0.8871658654 2 0.4431778846 0.9440360577 2 0 0 0 0 0 0 0 0 0
3 0.7336418269 0.6168629808 0.3194471154 0.2504567308 0.7344639423 0.5133557692 2 0.5777644231 0.7229278846 2 0.8853942308 0.7200432692 2 0 0 0 0 0 0 0 0 0
3 0.7019350962 0.7586538462 0.3329086538 0.2629326923 0.7017788462 0.6537115385 2 0.5450793269 0.8632836538 2 0.8527091346 0.8603990385 2 0 0 0 0 0 0 0 0 0
3 0.6995192308 0.8665865385 0.3461538462 0.2668269231 0.7065841346 0.7604206731 2 0.5441177885 0.9844110577 2 0.8575144231 0.9671081731 2 0 0 0 0 0 0 0 0 0
3 0.7269110577 0.5384975962 0.3194471154 0.1783413462 0.7277355769 0.3989567308 1 0.5710360577 0.6085288462 2 0.8786634615 0.6056442308 2 0 0 0 0 0 0 0 0 0
3 0.5169350962 0.5105769231 0.1396875 0.1235576923 0.4908485577 0.5433461538 2 0.4489447115 0.5037427885 2 0.5652668269 0.44990625 2 0 0 0 0 0 0 0 0 0
3 0.5433653846 0.5480649038 0.1925480769 0.1946875 0.5100745192 0.6164086538 2 0.4489447115 0.5623846154 2 0.6344831731 0.4604807692 2 0 0 0 0 0 0 0 0 0
3 0.5549038462 0.6206610577 0.2137019231 0.1937259615 0.5225721154 0.6942764423 2 0.4489447115 0.6114110577 2 0.6546730769 0.5412355769 2 0 0 0 0 0 0 0 0 0
3 0.5577884615 0.7167908654 0.2137019231 0.1937259615 0.5254567308 0.7904110577 2 0.4518293269 0.7075456731 2 0.6575552885 0.6373677885 2 0 0 0 0 0 0 0 0 0
3 0.4943389423 0.8936778846 0.0964182692 0.1091346154 0.4937331731 0.9115384615 2 0.4527908654 0.8642451923 2 0.5450793269 0.8469399038 1 0 0 0 0 0 0 0 0 0
