1 0.2415390625 0.57878125 0.459640625 0.37890625 0.0559890625 0.5690109375 2 0.0768234375 0.3919265625 2 0.0286453125 0.7526046875 2 0.4713546875 0.6302078125 2 0 0 0 0 0 0
1 0.2884140625 0.6634140625 0.462234375 0.397140625 0.4778640625 0.6614578125 2 0.50390625 0.4700515625 2 0.4596359375 0.8359375 2 0.0611984375 0.5989578125 2 0 0 0 0 0 0
1 0.3183671875 0.4355390625 0.451828125 0.368484375 0.5104171875 0.4348953125 2 0.4830734375 0.6067703125 2 0.5325515625 0.2565109375 2 0.1015625 0.3776046875 2 0 0 0 0 0 0
1 0.3626328125 0.2213515625 0.477859375 0.377609375 0.5572921875 0.21875 2 0.5260421875 0.3984375 2 0.5885421875 0.04296875 2 0.13671875 0.1497390625 2 0 0 0 0 0 0
1 0.303125 0.1828125 0.45625 0.365625 0.1197921875 0.1825 2 0.1484375 0 2 0.0859375 0.3556765625 2 0.5260421875 0.2371875 2 0 0 0 0 0 0
1 0.7441484375 0.67903125 0.389328125 0.38671875 0.5859375 0.7057296875 2 0.6145828125 0.4934890625 2 0.5625 0.8541671875 2 0.91015625 0.7565109375 2 0 0 0 0 0 0
1 0.78059375 0.7597734375 0.36328125 0.365890625 0.9309890625 0.73046875 2 0.9505203125 0.58984375 2 0.9049484375 0.9192703125 2 0.6041671875 0.6770828125 2 0 0 0 0 0 0
1 0.7897109375 0.2818984375 0.376296875 0.376296875 0.64453125 0.2734375 2 0.6119796875 0.4583328125 2 0.6731765625 0.09765625 2 0.9596359375 0.3294265625 2 0 0 0 0 0 0
1 0.829296875 0.3456953125 0.33828125 0.462234375 0.9791671875 0.30078125 2 1 0.1653640625 2 0.9557296875 0.4765625 2 0.6614578125 0.2473953125 2 0 0 0 0 0 0
1 0.791015625 0.5566484375 0.36328125 0.365890625 0.94140625 0.52734375 2 0.9609375 0.38671875 2 0.9153640625 0.7161453125 2 0.6145828125 0.4739578125 2 0 0 0 0 0 0
