0 0.4682916667 0.5138271605 0.0254907407 0.0379835391 0.4573222222 0.4995226337 2 0.4575925926 0.5270761317 2 0.4797842593 0.5306440329 2 0.4797842593 0.5012037037 2 0 0 0 0 0 0
0 0.463712963 0.5100205761 0.0238888889 0.0396296296 0.4742898148 0.5267386831 2 0.4744138889 0.4987386831 2 0.4538453704 0.4931790123 2 0.4538287037 0.5216934156 2 0 0 0 0 0 0
0 0.44025 0.5063168724 0.0238888889 0.0396296296 0.4508333333 0.5230329218 2 0.4509564815 0.4950329218 2 0.4303888889 0.489473251 2 0.4303722222 0.5179876543 2 0 0 0 0 0 0
0 0.4451990741 0.5084567901 0.0254907407 0.0379835391 0.4342351852 0.4941707819 2 0.4345064815 0.5217242798 2 0.4566972222 0.5252901235 2 0.4566972222 0.4958497942 2 0 0 0 0 0 0
0 0.42025 0.5038683128 0.0264814815 0.0379835391 0.4087842593 0.4895658436 2 0.4090555556 0.5171193416 2 0.4321296296 0.5204917695 2 0.4321916667 0.4913930041 2 0 0 0 0 0 0
0 0.4169814815 0.4995884774 0.0238888889 0.0396296296 0.427562037 0.516308642 2 0.4276851852 0.4883065844 2 0.4071166667 0.4827469136 2 0.4071009259 0.5112613169 2 0 0 0 0 0 0
0 0.3927037037 0.4976131687 0.0254259259 0.0379835391 0.3817666667 0.4833271605 2 0.382037037 0.5108806584 2 0.4039814815 0.5126049383 2 0.4039814815 0.4854279835 2 0 0 0 0 0 0
0 0.3902592593 0.4933641975 0.0283888889 0.0411316872 0.4002777778 0.510409465 2 0.400525 0.4819958848 2 0.3781481481 0.4757777778 2 0.3781314815 0.5042942387 2 0 0 0 0 0 0
0 0.3677638889 0.4937860082 0.0304907407 0.0379835391 0.3542972222 0.4794835391 2 0.3545675926 0.507037037 2 0.3808027778 0.5078621399 2 0.3806175926 0.4806851852 2 0 0 0 0 0 0
0 0.3635092593 0.4888374486 0.0294444444 0.0411316872 0.3766046296 0.5061131687 2 0.3765240741 0.4778703704 2 0.3508638889 0.4712489712 2 0.3508481481 0.4997633745 2 0 0 0 0 0 0
0 0.3954768519 0.4582201646 0.0304907407 0.0440123457 0.382012963 0.4409135802 2 0.3819342593 0.472962963 2 0.4042898148 0.4756419753 2 0.4042898148 0.4472283951 2 0 0 0 0 0 0
0 0.3869953704 0.4545987654 0.026787037 0.0374279835 0.3990435185 0.471936214 2 0.3990435185 0.4426995885 2 0.3756787037 0.4380308642 2 0.375662963 0.4665473251 2 0 0 0 0 0 0
0 0.3648009259 0.4517798354 0.0304907407 0.0440123457 0.3513342593 0.4344609053 2 0.3512555556 0.4665123457 2 0.3788583333 0.4712489712 2 0.3787962963 0.4428353909 2 0 0 0 0 0 0
0 0.361287037 0.4494547325 0.0294444444 0.0411316872 0.3743824074 0.4667201646 2 0.3743018519 0.4384773663 2 0.3486416667 0.4318559671 2 0.348625 0.4603703704 2 0 0 0 0 0 0
0 0.3922592593 0.4225514403 0.0272777778 0.0430452675 0.3803972222 0.4057345679 2 0.3805861111 0.4357139918 2 0.4041666667 0.4405164609 2 0.4040435185 0.4129279835 2 0 0 0 0 0 0
0 0.387287037 0.4191666667 0.026537037 0.0473045267 0.3988583333 0.4370925926 2 0.3989194444 0.4085432099 2 0.3762648148 0.4010390947 2 0.3762648148 0.4309897119 2 0 0 0 0 0 0
0 0.3658703704 0.4165843621 0.0294444444 0.0503292181 0.3529277778 0.3961255144 2 0.3528490741 0.4281769547 2 0.3785259259 0.4362325103 2 0.3785259259 0.4062839506 2 0 0 0 0 0 0
0 0.3621296296 0.4132716049 0.0294444444 0.0503292181 0.3750722222 0.4337345679 2 0.3751509259 0.4016851852 2 0.3494740741 0.393627572 2 0.3494740741 0.4235761317 2 0 0 0 0 0 0
0 0.3899166667 0.3855349794 0.0255555556 0.0438683128 0.3789148148 0.3672098765 2 0.3788361111 0.3992592593 2 0.4011453704 0.4042860082 2 0.4011453704 0.3738148148 2 0 0 0 0 0 0
0 0.3854398148 0.3827674897 0.0273425926 0.0492386831 0.3971916667 0.401627572 2 0.3968212963 0.3703312757 2 0.3738314815 0.3629753086 2 0.3738314815 0.3929238683 2 0 0 0 0 0 0
0 0.3654351852 0.3785596708 0.0294444444 0.0503292181 0.3524916667 0.3580946502 2 0.352412963 0.3901440329 2 0.3768824074 0.39681893 2 0.3767592593 0.3675823045 2 0 0 0 0 0 0
0 0.3615462963 0.3747222222 0.0263518519 0.0496502058 0.372562037 0.3947633745 2 0.3726851852 0.3616831276 2 0.3504361111 0.3547386831 2 0.3504361111 0.3846893004 2 0 0 0 0 0 0
0 0.3398981481 0.4874485597 0.0292592593 0.0420987654 0.3270435185 0.4691831276 2 0.3269648148 0.5012325103 2 0.3526231481 0.5078106996 2 0.3526416667 0.4793395062 2 0 0 0 0 0 0
0 0.3364444444 0.4847530864 0.0294444444 0.0503292181 0.3493833333 0.5052098765 2 0.349462037 0.4731604938 2 0.3237851852 0.4651028807 2 0.3237851852 0.4950534979 2 0 0 0 0 0 0
0 0.3369907407 0.4477983539 0.0294444444 0.0503292181 0.32405 0.4273230453 2 0.3239712963 0.4593744856 2 0.3496481481 0.4674300412 2 0.3496481481 0.4374814815 2 0 0 0 0 0 0
0 0.3331388889 0.4430658436 0.0294444444 0.0503292181 0.346075 0.463526749 2 0.3461537037 0.4314773663 2 0.3204768519 0.4234197531 2 0.3204768519 0.4533703704 2 0 0 0 0 0 0
0 0.3384074074 0.4101440329 0.0294444444 0.0503292181 0.3254592593 0.3896748971 2 0.3253805556 0.4217242798 2 0.3510574074 0.429781893 2 0.3510574074 0.3998333333 2 0 0 0 0 0 0
0 0.3350925926 0.4036625514 0.0294444444 0.0503292181 0.3480351852 0.4241255144 2 0.3481138889 0.3920761317 2 0.322437037 0.3840185185 2 0.322437037 0.4139691358 2 0 0 0 0 0 0
0 0.338787037 0.3691563786 0.0294444444 0.0503292181 0.3258435185 0.3486975309 2 0.3257648148 0.3807469136 2 0.3514416667 0.3888045267 2 0.3514416667 0.3588559671 2 0 0 0 0 0 0
0 0.3359537037 0.3644444444 0.0294444444 0.0503292181 0.3488925926 0.3849012346 2 0.3489712963 0.3528497942 2 0.3232944444 0.3447942387 2 0.3232944444 0.3747427984 2 0 0 0 0 0 0
0 0.4225555556 0.466872428 0.0264814815 0.0379835391 0.4110953704 0.4525740741 2 0.4113657407 0.480127572 2 0.4344398148 0.4835 2 0.4345018519 0.4544012346 2 0 0 0 0 0 0
0 0.4195231481 0.4630041152 0.0260092593 0.0396296296 0.4311064815 0.4801255144 2 0.4312907407 0.4527921811 2 0.4085962963 0.4461666667 2 0.4085796296 0.47468107 2 0 0 0 0 0 0
0 0.4432731481 0.4691769547 0.0260092593 0.0396296296 0.4525481481 0.4848580247 2 0.4524555556 0.4585514403 2 0.4323481481 0.4523312757 2 0.4323324074 0.480845679 2 0 0 0 0 0 0
0 0.4463055556 0.4750720165 0.0264814815 0.0404320988 0.4348462963 0.4595596708 2 0.4351166667 0.4871152263 2 0.4573527778 0.491845679 2 0.4572601852 0.4618395062 2 0 0 0 0 0 0
0 0.4641527778 0.4757407407 0.0226759259 0.0396296296 0.4737657407 0.4920781893 2 0.4737037037 0.4646255144 2 0.4549 0.4589074074 2 0.4548833333 0.4874218107 2 0 0 0 0 0 0
0 0.4685833333 0.4800720165 0.0242592593 0.0404320988 0.4582324074 0.4645617284 2 0.4585027778 0.4921152263 2 0.4767898148 0.4948230453 2 0.4766666667 0.4661358025 2 0 0 0 0 0 0
0 0.4668518519 0.4470061728 0.0216666667 0.0404320988 0.4578 0.4314814815 2 0.4580703704 0.459037037 2 0.4763583333 0.4617427984 2 0.4762342593 0.4330555556 2 0 0 0 0 0 0
0 0.4626712963 0.4419753086 0.0226759259 0.0396296296 0.4722842593 0.4583106996 2 0.4722222222 0.4308600823 2 0.4534185185 0.4251419753 2 0.4534018519 0.4536563786 2 0 0 0 0 0 0
0 0.4447268519 0.4404218107 0.0245648148 0.0404320988 0.4337351852 0.4242942387 2 0.4339203704 0.4507860082 2 0.4556787037 0.455154321 2 0.455587037 0.4301975309 2 0 0 0 0 0 0
0 0.4423009259 0.4330658436 0.0226759259 0.0396296296 0.4519138889 0.4493888889 2 0.4518518519 0.4219382716 2 0.4317740741 0.4154465021 2 0.4315537037 0.4443621399 2 0 0 0 0 0 0
0 0.4223333333 0.4309979424 0.0238703704 0.03718107 0.4118638889 0.4156090535 2 0.4116435185 0.4437098765 2 0.432937963 0.4473662551 2 0.4328148148 0.4186790123 2 0 0 0 0 0 0
0 0.4207824074 0.4281481481 0.0226759259 0.0396296296 0.430387037 0.4444897119 2 0.4303259259 0.417037037 2 0.4102481481 0.4105452675 2 0.4100268519 0.4394609053 2 0 0 0 0 0 0
0 0.4660462963 0.4128497942 0.0216666667 0.0404320988 0.4569916667 0.3973395062 2 0.457262037 0.4248930041 2 0.47555 0.427600823 2 0.475525 0.4005802469 2 0 0 0 0 0 0
0 0.4463564815 0.4056687243 0.0225462963 0.0404320988 0.4366592593 0.3879341564 2 0.436512963 0.4163600823 2 0.4562027778 0.4215884774 2 0.4562759259 0.3933930041 2 0 0 0 0 0 0
0 0.4246805556 0.3981584362 0.0225462963 0.0404320988 0.4149861111 0.3804197531 2 0.4148398148 0.408845679 2 0.4345287037 0.4140740741 2 0.4346027778 0.3858786008 2 0 0 0 0 0 0
0 0.4226157407 0.3918930041 0.0226759259 0.0396296296 0.4322240741 0.4082222222 2 0.432162037 0.3807695473 2 0.4120842593 0.3742777778 2 0.4118638889 0.4031934156 2 0 0 0 0 0 0
0 0.4445787037 0.3992386831 0.0226759259 0.0396296296 0.4541907407 0.4155720165 2 0.4541296296 0.3881213992 2 0.4340518519 0.3816296296 2 0.4338314815 0.4105452675 2 0 0 0 0 0 0
0 0.4647083333 0.4065946502 0.0200277778 0.0402674897 0.4733574074 0.4229753086 2 0.4732833333 0.3961831276 2 0.4555046296 0.389308642 2 0.4552842593 0.4182242798 2 0 0 0 0 0 0
0 0.492375 0.520781893 0.0206018519 0.0336213992 0.4842055556 0.5069835391 2 0.484125 0.531882716 2 0.5011555556 0.5350679012 2 0.5009925926 0.5120555556 2 0 0 0 0 0 0
0 0.4900972222 0.5177160494 0.0206018519 0.0336213992 0.4982648148 0.5315205761 2 0.4983462963 0.5066213992 2 0.4813157407 0.5034341564 2 0.4814787037 0.5264465021 2 0 0 0 0 0 0
0 0.5113657407 0.5258641975 0.0206018519 0.0336213992 0.5031925926 0.5120555556 2 0.5031111111 0.5369567901 2 0.5201425926 0.5401419753 2 0.5199796296 0.5171296296 2 0 0 0 0 0 0
0 0.5085138889 0.5215226337 0.0206018519 0.0336213992 0.5166814815 0.5353271605 2 0.516762963 0.5104259259 2 0.4997314815 0.5072407407 2 0.4998944444 0.5302530864 2 0 0 0 0 0 0
0 0.5268009259 0.5260699588 0.0206018519 0.0336213992 0.5349685185 0.5398765432 2 0.53505 0.5149753086 2 0.5180194444 0.5117901235 2 0.5181814815 0.5348024691 2 0 0 0 0 0 0
0 0.5292638889 0.5299794239 0.0206018519 0.0336213992 0.5210962963 0.5161790123 2 0.5210148148 0.5410802469 2 0.5380453704 0.5442654321 2 0.5378824074 0.5212530864 2 0 0 0 0 0 0
0 0.4889490741 0.4823045267 0.0206018519 0.0336213992 0.4971138889 0.496117284 2 0.4971953704 0.471218107 2 0.4801648148 0.4680329218 2 0.4803277778 0.4910452675 2 0 0 0 0 0 0
0 0.4927638889 0.4873868313 0.0206018519 0.0336213992 0.4845888889 0.4735699588 2 0.4845083333 0.4984691358 2 0.5015388889 0.5016563786 2 0.5013759259 0.4786440329 2 0 0 0 0 0 0
0 0.5092731481 0.4898353909 0.0206018519 0.0336213992 0.5174472222 0.503654321 2 0.5175287037 0.4787530864 2 0.5004981481 0.4755679012 2 0.5006601852 0.4985802469 2 0 0 0 0 0 0
0 0.5110509259 0.4933539095 0.0206018519 0.0336213992 0.5028768519 0.4795411523 2 0.5027953704 0.5044423868 2 0.5198259259 0.507627572 2 0.519662963 0.4846152263 2 0 0 0 0 0 0
0 0.5277546296 0.4952469136 0.0206018519 0.0336213992 0.5359259259 0.5090555556 2 0.5360074074 0.4841563786 2 0.5189768519 0.4809711934 2 0.5191398148 0.5039835391 2 0 0 0 0 0 0
0 0.5294583333 0.497037037 0.0206018519 0.0336213992 0.5212916667 0.4832386831 2 0.5212101852 0.5081378601 2 0.5382407407 0.5113251029 2 0.5380777778 0.4883127572 2 0 0 0 0 0 0
0 0.4942916667 0.4552469136 0.0206018519 0.0336213992 0.4861240741 0.4414382716 2 0.4860425926 0.4663374486 2 0.5030731481 0.4695226337 2 0.5029111111 0.4465102881 2 0 0 0 0 0 0
0 0.4914398148 0.4510288066 0.0206018519 0.0336213992 0.4996074074 0.4648374486 2 0.4996888889 0.4399382716 2 0.4826583333 0.4367530864 2 0.4828212963 0.4597654321 2 0 0 0 0 0 0
0 0.5125231481 0.4606584362 0.0206018519 0.0336213992 0.5043472222 0.4468395062 2 0.5042657407 0.4717407407 2 0.5212972222 0.4749259259 2 0.5211342593 0.4519135802 2 0 0 0 0 0 0
0 0.5097916667 0.456563786 0.0206018519 0.0336213992 0.5179592593 0.470382716 2 0.5180398148 0.4454835391 2 0.5010092593 0.4422962963 2 0.5011722222 0.4653106996 2 0 0 0 0 0 0
0 0.5308657407 0.4661934156 0.0206018519 0.0336213992 0.5226981481 0.4523847737 2 0.5226175926 0.4772860082 2 0.5396481481 0.4804711934 2 0.5394851852 0.4574588477 2 0 0 0 0 0 0
0 0.5278194444 0.462962963 0.0206018519 0.0336213992 0.5359907407 0.476781893 2 0.5360712963 0.4518806584 2 0.5190407407 0.4486954733 2 0.5192037037 0.4717078189 2 0 0 0 0 0 0
0 0.4948009259 0.4243004115 0.0206018519 0.0336213992 0.4866296296 0.4104835391 2 0.4865490741 0.4353847737 2 0.5035796296 0.4385699588 2 0.5034166667 0.4155576132 2 0 0 0 0 0 0
0 0.5137083333 0.4297736626 0.0206018519 0.0336213992 0.505537963 0.4159567901 2 0.5054574074 0.4408559671 2 0.522487963 0.4440411523 2 0.522325 0.4210288066 2 0 0 0 0 0 0
0 0.531837963 0.4347942387 0.0206018519 0.0336213992 0.5236694444 0.4209958848 2 0.5235888889 0.4458950617 2 0.5406194444 0.4490823045 2 0.5404564815 0.4260699588 2 0 0 0 0 0 0
0 0.4925416667 0.418909465 0.0206018519 0.0336213992 0.5007083333 0.4327283951 2 0.5007898148 0.4078292181 2 0.4837592593 0.4046419753 2 0.4839222222 0.427654321 2 0 0 0 0 0 0
0 0.5109305556 0.4249588477 0.0206018519 0.0336213992 0.5190990741 0.4387757202 2 0.5191805556 0.4138765432 2 0.5021490741 0.4106893004 2 0.502312037 0.4337016461 2 0 0 0 0 0 0
0 0.5296435185 0.4311522634 0.0206018519 0.0336213992 0.537812963 0.4449670782 2 0.5378944444 0.4200679012 2 0.5208638889 0.4168806584 2 0.5210259259 0.4398930041 2 0 0 0 0 0 0
0 0.5631527778 0.4395884774 0.0206018519 0.0336213992 0.5549842593 0.425781893 2 0.5549027778 0.4506831276 2 0.5698768519 0.4534609053 2 0.569937963 0.4299897119 2 0 0 0 0 0 0
0 0.5646712963 0.4388477366 0.0176944444 0.0336213992 0.5722842593 0.4519526749 2 0.5724694444 0.4280679012 2 0.5573453704 0.4245679012 2 0.5575083333 0.4475802469 2 0 0 0 0 0 0
0 0.5810324074 0.4432304527 0.0176944444 0.0336213992 0.5886416667 0.4563436214 2 0.5888268519 0.4324609053 2 0.5737027778 0.4289609053 2 0.5738657407 0.451973251 2 0 0 0 0 0 0
0 0.5783981481 0.4440432099 0.0181296296 0.032654321 0.5714657407 0.4297633745 2 0.5713842593 0.4546625514 2 0.5863583333 0.4574423868 2 0.5864194444 0.4339711934 2 0 0 0 0 0 0
0 0.5969583333 0.4474897119 0.0176944444 0.0336213992 0.6045675926 0.4605987654 2 0.6047527778 0.4367160494 2 0.5896287037 0.4332160494 2 0.5897916667 0.4562283951 2 0 0 0 0 0 0
0 0.5948240741 0.4477572016 0.0159074074 0.031563786 0.5878851852 0.4340185185 2 0.5878046296 0.4589176955 2 0.6015435185 0.4614917695 2 0.6014814815 0.4385699588 2 0 0 0 0 0 0
0 0.5620138889 0.4693209877 0.0176944444 0.0336213992 0.5696296296 0.4824238683 2 0.5698148148 0.4585411523 2 0.5546907407 0.4550390947 2 0.5548537037 0.4780514403 2 0 0 0 0 0 0
0 0.5789305556 0.4731687243 0.0176944444 0.0336213992 0.5865435185 0.4862674897 2 0.5867287037 0.4623847737 2 0.5716037037 0.458882716 2 0.5717675926 0.4818950617 2 0 0 0 0 0 0
0 0.5598842593 0.4710288066 0.0206018519 0.0336213992 0.551712963 0.4572160494 2 0.5516314815 0.4821152263 2 0.5666046296 0.4848950617 2 0.5666666667 0.4614218107 2 0 0 0 0 0 0
0 0.5759351852 0.4752880658 0.0185 0.0327983539 0.5688111111 0.4610596708 2 0.5687305556 0.4859588477 2 0.5837037037 0.4887366255 2 0.5837657407 0.4652654321 2 0 0 0 0 0 0
0 0.5921666667 0.478436214 0.0185 0.0327983539 0.5850462963 0.4642160494 2 0.5849648148 0.4891152263 2 0.599937963 0.4918950617 2 0.6 0.4684238683 2 0 0 0 0 0 0
0 0.5953472222 0.477962963 0.0176944444 0.0336213992 0.602962963 0.4910720165 2 0.6031481481 0.4671872428 2 0.5880240741 0.4636872428 2 0.588187037 0.4866995885 2 0 0 0 0 0 0
0 0.5780324074 0.5061728395 0.0176944444 0.0336213992 0.5856481481 0.5192736626 2 0.5858333333 0.4953909465 2 0.5707092593 0.4918909465 2 0.5708722222 0.5149032922 2 0 0 0 0 0 0
0 0.558087963 0.5029423868 0.01825 0.0327983539 0.5510953704 0.4887160494 2 0.5510138889 0.513617284 2 0.565987963 0.5163950617 2 0.5660490741 0.4929238683 2 0 0 0 0 0 0
0 0.561587963 0.501090535 0.0176944444 0.0336213992 0.5691972222 0.5142016461 2 0.5693824074 0.4903168724 2 0.5542583333 0.4868168724 2 0.5544212963 0.5098292181 2 0 0 0 0 0 0
0 0.5911157407 0.5104115226 0.01825 0.0327983539 0.5841203704 0.4961954733 2 0.5840388889 0.5210946502 2 0.599012037 0.523872428 2 0.5990740741 0.5004012346 2 0 0 0 0 0 0
0 0.5948287037 0.5104320988 0.0176944444 0.0336213992 0.602437963 0.5235308642 2 0.6026231481 0.4996481481 2 0.5874990741 0.4961481481 2 0.587662037 0.5191604938 2 0 0 0 0 0 0
0 0.5745138889 0.5067078189 0.01825 0.0327983539 0.5675148148 0.4924938272 2 0.5674342593 0.5173930041 2 0.5824074074 0.5201728395 2 0.5824694444 0.4966995885 2 0 0 0 0 0 0
0 0.5605694444 0.532037037 0.0176944444 0.0336213992 0.5681787037 0.5451378601 2 0.5683638889 0.5212530864 2 0.5532398148 0.5177530864 2 0.5534027778 0.5407654321 2 0 0 0 0 0 0
0 0.557162037 0.5329835391 0.01825 0.0327983539 0.5501694444 0.5187572016 2 0.550087963 0.5436563786 2 0.565062037 0.546436214 2 0.5651231481 0.5229650206 2 0 0 0 0 0 0
0 0.5740509259 0.5367489712 0.01825 0.0327983539 0.5670518519 0.5225349794 2 0.5669712963 0.5474341564 2 0.5819444444 0.5502139918 2 0.5820064815 0.5267407407 2 0 0 0 0 0 0
0 0.5777916667 0.5355349794 0.0176944444 0.0336213992 0.5854009259 0.5486358025 2 0.5855861111 0.5247510288 2 0.570462037 0.5212510288 2 0.570625 0.5442633745 2 0 0 0 0 0 0
0 0.5909953704 0.5402469136 0.01825 0.0327983539 0.5839962963 0.5260329218 2 0.5839157407 0.5509320988 2 0.5988888889 0.5537119342 2 0.5989509259 0.5302386831 2 0 0 0 0 0 0
0 0.5933472222 0.5392386831 0.0156574074 0.0336213992 0.6001851852 0.5514403292 2 0.6000925926 0.5275720165 2 0.5870361111 0.5249547325 2 0.5871990741 0.5479670782 2 0 0 0 0 0 0
0 0.6392268519 0.4694032922 0.0142685185 0.0330041152 0.6451231481 0.4828209877 2 0.6453083333 0.4589382716 2 0.6336111111 0.4572016461 2 0.6335185185 0.4788065844 2 0 0 0 0 0 0
0 0.6364490741 0.4702263374 0.0142685185 0.0313580247 0.6312037037 0.4582304527 2 0.6312037037 0.4802469136 2 0.642062963 0.4822263374 2 0.642037037 0.462345679 2 0 0 0 0 0 0
0 0.6255231481 0.4665226337 0.0155648148 0.0330041152 0.6320675926 0.4799403292 2 0.6322527778 0.4560576132 2 0.6190740741 0.4537037037 2 0.6190740741 0.475308642 2 0 0 0 0 0 0
0 0.6234861111 0.4660082305 0.0159351852 0.0323868313 0.6168518519 0.4522633745 2 0.6169444444 0.4763374486 2 0.6299333333 0.4785226337 2 0.6300259259 0.4569176955 2 0 0 0 0 0 0
0 0.6095972222 0.4620987654 0.0159351852 0.0323868313 0.602962963 0.4483539095 1 0.6030555556 0.4724279835 1 0.6160444444 0.4746131687 2 0.616137037 0.4530082305 2 0 0 0 0 0 0
0 0.6111712963 0.4613786008 0.0155648148 0.0330041152 0.6177157407 0.4747962963 2 0.6179009259 0.4509135802 2 0.6047222222 0.4485596708 1 0.6047222222 0.4701646091 1 0 0 0 0 0 0
0 0.639875 0.4947119342 0.0142685185 0.0330041152 0.6457712963 0.5081296296 2 0.6459564815 0.4842469136 2 0.6342592593 0.4825102881 2 0.6341666667 0.5041152263 2 0 0 0 0 0 0
0 0.6229305556 0.4935802469 0.0159351852 0.0323868313 0.6171296296 0.4816872428 2 0.6171296296 0.5041152263 2 0.6293777778 0.5060946502 2 0.629537037 0.4847736626 2 0 0 0 0 0 0
0 0.6264027778 0.4918312757 0.0149166667 0.0330041152 0.6328703704 0.5051440329 2 0.632962963 0.4812757202 2 0.620462963 0.4796296296 2 0.6203703704 0.5012345679 2 0 0 0 0 0 0
0 0.611912037 0.488127572 0.0151944444 0.0330041152 0.6182712963 0.5015452675 2 0.6184564815 0.4776625514 2 0.6057407407 0.4763374486 2 0.6058333333 0.4975308642 2 0 0 0 0 0 0
0 0.6092268519 0.4900823045 0.0159351852 0.0323868313 0.6025925926 0.4773662551 1 0.6026851852 0.5004115226 1 0.6156740741 0.5025967078 2 0.6158333333 0.4812757202 2 0 0 0 0 0 0
0 0.6364490741 0.4976954733 0.0159351852 0.0323868313 0.6310185185 0.4849794239 2 0.6308333333 0.5080246914 2 0.6428962963 0.5102098765 2 0.6430555556 0.4888888889 2 0 0 0 0 0 0
0 0.6396435185 0.5237242798 0.0160277778 0.0330041152 0.6464194444 0.5371419753 2 0.6466046296 0.5132592593 2 0.6326851852 0.5111111111 2 0.6327777778 0.5325102881 2 0 0 0 0 0 0
0 0.6245046296 0.5191975309 0.0155648148 0.0330041152 0.6310490741 0.5326152263 2 0.6312342593 0.5087325103 2 0.6180555556 0.5063786008 2 0.6181481481 0.5283950617 2 0 0 0 0 0 0
0 0.610337963 0.5163168724 0.0155648148 0.0330041152 0.6168824074 0.5297345679 2 0.6170675926 0.5058518519 2 0.6042592593 0.5041152263 2 0.6041666667 0.525308642 2 0 0 0 0 0 0
0 0.6366805556 0.5243415638 0.0188055556 0.0330041152 0.6294444444 0.5106995885 2 0.6293518519 0.5347736626 2 0.6450259259 0.5369588477 2 0.6449333333 0.5155596708 2 0 0 0 0 0 0
0 0.6220509259 0.5204320988 0.0154722222 0.0330041152 0.6158333333 0.5072016461 2 0.6158333333 0.5310699588 2 0.6287296296 0.5330493827 2 0.628637037 0.5116502058 2 0 0 0 0 0 0
0 0.6084398148 0.5175514403 0.0154722222 0.0330041152 0.6022222222 0.5043209877 1 0.6022222222 0.5281893004 1 0.6151185185 0.5301687243 2 0.6150259259 0.5087695473 2 0 0 0 0 0 0
0 0.6389953704 0.5500617284 0.0160277778 0.0330041152 0.6457712963 0.5634794239 2 0.6459564815 0.5395967078 2 0.632037037 0.5374485597 2 0.6321296296 0.5588477366 2 0 0 0 0 0 0
0 0.6239027778 0.5473868313 0.0160277778 0.0330041152 0.6306787037 0.5608045267 2 0.6308638889 0.5369218107 2 0.6169444444 0.5347736626 2 0.617037037 0.5561728395 2 0 0 0 0 0 0
0 0.6092731481 0.5436831276 0.0160277778 0.0330041152 0.6160490741 0.557100823 2 0.6162342593 0.533218107 2 0.6023148148 0.5310699588 2 0.6024074074 0.5524691358 2 0 0 0 0 0 0
0 0.6360324074 0.5515020576 0.0188055556 0.0330041152 0.6291666667 0.5378600823 2 0.6293518519 0.5619341564 2 0.6443777778 0.5641193416 2 0.6442851852 0.5427201646 2 0 0 0 0 0 0
0 0.6216805556 0.5495473251 0.0151018519 0.0303292181 0.6150925926 0.5366255144 2 0.6150925926 0.5592592593 2 0.6281740741 0.5614444444 2 0.6280814815 0.5400452675 2 0 0 0 0 0 0
0 0.6078842593 0.546255144 0.0151018519 0.0303292181 0.6012962963 0.5333333333 2 0.6012962963 0.5559670782 2 0.6143777778 0.5581522634 2 0.6142851852 0.5367530864 2 0 0 0 0 0 0
0 0.3375555556 0.5602674897 0.0294444444 0.0503292181 0.3507407407 0.5783950617 2 0.3506481481 0.5427983539 2 0.3248962963 0.540617284 2 0.3247222222 0.5744855967 2 0 0 0 0 0 0
0 0.3651481481 0.5625308642 0.0294444444 0.0503292181 0.3783333333 0.5806584362 2 0.3782407407 0.5450617284 2 0.3524888889 0.5428806584 2 0.3523148148 0.5767489712 2 0 0 0 0 0 0
0 0.3927407407 0.5658230453 0.0294444444 0.0503292181 0.4033333333 0.5827160494 2 0.4031481481 0.5477366255 2 0.3800814815 0.5461728395 2 0.3799074074 0.5800411523 2 0 0 0 0 0 0
0 0.3414444444 0.5621193416 0.0294444444 0.0503292181 0.3282527778 0.5439753086 2 0.3283453704 0.5795699588 2 0.3540972222 0.5817510288 2 0.3542712963 0.5478847737 2 0 0 0 0 0 0
0 0.3695925926 0.5629423868 0.0294444444 0.0503292181 0.3564009259 0.5447983539 2 0.3564935185 0.5803950617 2 0.3815740741 0.5820987654 2 0.3816666667 0.549382716 2 0 0 0 0 0 0
0 0.3947777778 0.5660493827 0.0274074074 0.0441975309 0.3826046296 0.5476769547 2 0.3826972222 0.5832736626 2 0.4062962963 0.5843621399 2 0.4064814815 0.5520576132 2 0 0 0 0 0 0
0 0.3355185185 0.6016255144 0.0294444444 0.0503292181 0.3487037037 0.6197530864 2 0.3486111111 0.5841563786 2 0.3228592593 0.5819753086 2 0.3226851852 0.6158436214 2 0 0 0 0 0 0
0 0.3632037037 0.6016255144 0.0294444444 0.0416872428 0.3762962963 0.6199588477 2 0.3762962963 0.5866255144 2 0.3505444444 0.5844444444 2 0.3503703704 0.6183127572 2 0 0 0 0 0 0
0 0.3901018519 0.6031687243 0.0287962963 0.0402469136 0.402962963 0.6199588477 2 0.4028703704 0.5866255144 2 0.3775 0.5860082305 2 0.3775925926 0.6181069959 2 0 0 0 0 0 0
0 0.394962963 0.6064609053 0.0274074074 0.0410699588 0.3833333333 0.5903292181 2 0.3832407407 0.6216049383 2 0.4064814815 0.6226337449 2 0.4066666667 0.5903292181 2 0 0 0 0 0 0
0 0.367462963 0.6060493827 0.0274074074 0.0410699588 0.3558333333 0.5899176955 2 0.3557407407 0.6211934156 2 0.3789814815 0.6222222222 2 0.3791666667 0.5899176955 2 0 0 0 0 0 0
0 0.3401481481 0.6058436214 0.0274074074 0.0410699588 0.3285185185 0.5897119342 2 0.3284259259 0.6209876543 2 0.3516666667 0.6220164609 2 0.3518518519 0.5897119342 2 0 0 0 0 0 0
0 0.3907037037 0.6410288066 0.0274074074 0.0402469136 0.4028703704 0.65781893 2 0.4027777778 0.6244855967 2 0.3790740741 0.6242798354 2 0.3789814815 0.6567901235 2 0 0 0 0 0 0
0 0.3630185185 0.6408230453 0.0274074074 0.0402469136 0.3751851852 0.6576131687 2 0.3750925926 0.6242798354 2 0.3513888889 0.6240740741 2 0.3512962963 0.6565843621 2 0 0 0 0 0 0
0 0.3357962963 0.6397942387 0.0294444444 0.0402469136 0.3490740741 0.6576131687 2 0.3488888889 0.6234567901 2 0.3231481481 0.6230452675 2 0.3230555556 0.6555555556 2 0 0 0 0 0 0
0 0.3955185185 0.6437037037 0.0274074074 0.0410699588 0.3838888889 0.6275720165 2 0.3837962963 0.6588477366 2 0.407037037 0.6598765432 2 0.4072222222 0.6275720165 2 0 0 0 0 0 0
0 0.3683888889 0.6437037037 0.0274074074 0.0410699588 0.3567592593 0.6275720165 2 0.3566666667 0.6588477366 2 0.3799074074 0.6598765432 2 0.3800925926 0.6275720165 2 0 0 0 0 0 0
0 0.3401481481 0.6443209877 0.0290740741 0.0410699588 0.3280555556 0.628600823 2 0.3281481481 0.6609053498 2 0.3525 0.6604938272 2 0.3526851852 0.6281893004 2 0 0 0 0 0 0
0 0.3386666667 0.6797119342 0.0294444444 0.0402469136 0.3519444444 0.6975308642 2 0.3517592593 0.6633744856 2 0.3260185185 0.662962963 2 0.3259259259 0.695473251 2 0 0 0 0 0 0
0 0.342462963 0.6832098765 0.0290740741 0.0410699588 0.3303703704 0.6674897119 2 0.330462963 0.6997942387 2 0.3548148148 0.699382716 2 0.355 0.6670781893 2 0 0 0 0 0 0
0 0.3663518519 0.6809465021 0.0294444444 0.0402469136 0.3796296296 0.6987654321 2 0.3794444444 0.6646090535 2 0.3537037037 0.6641975309 2 0.3536111111 0.6967078189 2 0 0 0 0 0 0
0 0.3697777778 0.6846502058 0.0290740741 0.0410699588 0.3576851852 0.6689300412 2 0.3577777778 0.7012345679 2 0.3821296296 0.7008230453 2 0.3823148148 0.6685185185 2 0 0 0 0 0 0
0 0.3936666667 0.6809465021 0.0294444444 0.0402469136 0.4069444444 0.6987654321 2 0.4067592593 0.6646090535 2 0.3810185185 0.6641975309 2 0.3809259259 0.6967078189 2 0 0 0 0 0 0
0 0.3962592593 0.6840329218 0.0290740741 0.0410699588 0.3841666667 0.6683127572 2 0.3842592593 0.700617284 2 0.4086111111 0.7002057613 2 0.4087962963 0.6679012346 2 0 0 0 0 0 0
0 0.440625 0.5655864198 0.0254166667 0.0413786008 0.4512759259 0.5819259259 2 0.4510638889 0.550617284 2 0.4299759259 0.548526749 2 0.4298018519 0.5823950617 2 0 0 0 0 0 0
0 0.4430231481 0.5686831276 0.0268425926 0.0410699588 0.4320490741 0.552962963 2 0.4322074074 0.5835740741 2 0.4541361111 0.5833395062 2 0.4542416667 0.5546193416 2 0 0 0 0 0 0
0 0.4633935185 0.5691049383 0.0254166667 0.0413786008 0.4738398148 0.5831028807 2 0.4738398148 0.5541481481 2 0.4527518519 0.5520576132 2 0.4526527778 0.5807489712 2 0 0 0 0 0 0
0 0.4664398148 0.571255144 0.0268425926 0.0410699588 0.4554601852 0.5555534979 2 0.4556194444 0.5861646091 2 0.4767 0.5859279835 2 0.4763814815 0.5576790123 2 0 0 0 0 0 0
0 0.4859583333 0.5716975309 0.0254166667 0.0413786008 0.4964037037 0.5856934156 2 0.4964037037 0.5567386831 2 0.4753157407 0.5546481481 2 0.4752166667 0.5833395062 2 0 0 0 0 0 0
0 0.4887314815 0.5752674897 0.0244074074 0.0410699588 0.4781824074 0.5583868313 2 0.4780768519 0.5896954733 2 0.4977805556 0.5899300412 2 0.497462963 0.56168107 2 0 0 0 0 0 0
0 0.4397731481 0.6000720165 0.0254166667 0.0354938272 0.4503222222 0.6148847737 2 0.4501101852 0.5866358025 2 0.4291287037 0.5859567901 2 0.4295592593 0.6144135802 2 0 0 0 0 0 0
0 0.4620231481 0.6063065844 0.0254166667 0.0413786008 0.4727805556 0.6186502058 2 0.4723564815 0.5899300412 2 0.451375 0.5892530864 2 0.4513814815 0.6193559671 2 0 0 0 0 0 0
0 0.4849027778 0.6072530864 0.0254166667 0.0413786008 0.4953435185 0.6205329218 2 0.495237963 0.590872428 2 0.4742564815 0.5901954733 2 0.4743694444 0.6205329218 2 0 0 0 0 0 0
0 0.4876574074 0.6098765432 0.0230925926 0.0410699588 0.4777592593 0.5929917695 2 0.4776527778 0.6243004115 2 0.4973564815 0.6245349794 2 0.4970388889 0.5962860082 2 0 0 0 0 0 0
0 0.4662777778 0.6077572016 0.0244074074 0.0344855967 0.455725 0.5941687243 2 0.455725 0.6231234568 2 0.4752166667 0.6228868313 2 0.4750046296 0.597462963 2 0 0 0 0 0 0
0 0.4429675926 0.6072839506 0.0261018519 0.0410699588 0.4313601852 0.5889897119 2 0.4313601852 0.6212407407 2 0.4528648148 0.6219465021 2 0.4525472222 0.5936975309 2 0 0 0 0 0 0
0 0.4385046296 0.637973251 0.0254166667 0.0354938272 0.4490509259 0.6527839506 2 0.4488388889 0.6245349794 2 0.4278574074 0.6238580247 2 0.4278648148 0.6511358025 2 0 0 0 0 0 0
0 0.4614861111 0.639372428 0.0254166667 0.0354938272 0.4720388889 0.6541975309 2 0.4718268519 0.6259485597 2 0.4508453704 0.6252695473 2 0.4508518519 0.6525493827 2 0 0 0 0 0 0
0 0.4837361111 0.6410185185 0.0254166667 0.0354938272 0.4942842593 0.6558436214 2 0.4940731481 0.6275967078 2 0.4730907407 0.6269176955 2 0.4730981481 0.6541975309 2 0 0 0 0 0 0
0 0.4412824074 0.6447119342 0.0250462963 0.0410699588 0.4304064815 0.6278312757 2 0.4303009259 0.6591399177 2 0.4520175926 0.6591399177 2 0.4519111111 0.6304197531 2 0 0 0 0 0 0
0 0.4653287037 0.6451851852 0.0250462963 0.0410699588 0.4544537037 0.6283024691 2 0.4543481481 0.6596111111 2 0.4760638889 0.6596111111 2 0.4759583333 0.6308909465 2 0 0 0 0 0 0
0 0.4874583333 0.6466049383 0.0237685185 0.0410699588 0.4772296296 0.6297139918 2 0.4771231481 0.6610226337 2 0.4966148148 0.6607880658 2 0.4968268519 0.6313621399 2 0 0 0 0 0 0
0 0.4380787037 0.6758744856 0.0254166667 0.0354938272 0.4486277778 0.6906851852 2 0.4484157407 0.662436214 2 0.4274333333 0.6617592593 2 0.4274407407 0.689037037 2 0 0 0 0 0 0
0 0.4407268519 0.6811522634 0.0250462963 0.0410699588 0.4298527778 0.6642654321 2 0.4297472222 0.6955761317 2 0.4514638889 0.6955740741 2 0.4513574074 0.6668559671 2 0 0 0 0 0 0
0 0.4605231481 0.6771090535 0.0254166667 0.0354938272 0.4710694444 0.691936214 2 0.4708574074 0.6636893004 2 0.4498759259 0.6630102881 2 0.4498824074 0.6902901235 2 0 0 0 0 0 0
0 0.4643842593 0.6817695473 0.0250462963 0.0410699588 0.4535157407 0.6648909465 2 0.4534101852 0.6962016461 2 0.4751259259 0.6962016461 2 0.4750203704 0.6674814815 2 0 0 0 0 0 0
0 0.4841805556 0.6779526749 0.0254166667 0.0354938272 0.4947324074 0.6927716049 2 0.4945203704 0.6645226337 2 0.4735388889 0.663845679 2 0.4735453704 0.6911234568 2 0 0 0 0 0 0
0 0.4870185185 0.68218107 0.0233518519 0.0410699588 0.4769907407 0.665308642 2 0.4768851852 0.6966193416 2 0.4971083333 0.6967407407 2 0.4970138889 0.6669012346 2 0 0 0 0 0 0
0 0.5368055556 0.5866152263 0.0206296296 0.03281893 0.5447157407 0.600127572 2 0.5448555556 0.5730144033 2 0.5289398148 0.5727921811 2 0.5289398148 0.6005452675 2 0 0 0 0 0 0
0 0.5194861111 0.5844341564 0.0214722222 0.0380452675 0.5278138889 0.5982489712 2 0.5279537037 0.5711358025 2 0.5102537037 0.5704958848 2 0.5103481481 0.5982489712 2 0 0 0 0 0 0
0 0.4996712963 0.5827674897 0.0214722222 0.0380452675 0.5080009259 0.5965802469 2 0.5081407407 0.5694670782 2 0.4904407407 0.5688271605 1 0.4905351852 0.5965802469 1 0 0 0 0 0 0
0 0.5352592593 0.5891049383 0.0193333333 0.0333539095 0.5264990741 0.5767572016 2 0.5264046296 0.6013786008 2 0.5430861111 0.6022078189 2 0.54265 0.5771728395 2 0 0 0 0 0 0
0 0.5161944444 0.587026749 0.0193333333 0.0333539095 0.507437037 0.5746687243 2 0.5073435185 0.5992921811 2 0.5240240741 0.6001213992 2 0.523587963 0.5750864198 2 0 0 0 0 0 0
0 0.496625 0.585154321 0.0184907407 0.0333539095 0.4882814815 0.5727921811 1 0.488187963 0.5974156379 1 0.5048685185 0.5982427984 2 0.5044324074 0.5732098765 2 0 0 0 0 0 0
0 0.5375509259 0.6189609053 0.0200648148 0.03281893 0.5451787037 0.6324711934 2 0.5453185185 0.6053580247 2 0.5294027778 0.6051358025 2 0.5294027778 0.6328888889 2 0 0 0 0 0 0
0 0.5186851852 0.6177057613 0.0208148148 0.03281893 0.5276259259 0.631218107 2 0.5276259259 0.6043004115 2 0.5101601852 0.603882716 2 0.5101601852 0.6316358025 2 0 0 0 0 0 0
0 0.49925 0.6164506173 0.0208148148 0.03281893 0.508187963 0.6299670782 2 0.508187963 0.6030493827 2 0.4907231481 0.6026316872 1 0.4907231481 0.630382716 1 0 0 0 0 0 0
0 0.5349305556 0.6218930041 0.0200648148 0.0303292181 0.5425555556 0.609627572 2 0.5427435185 0.6341399177 2 0.5267805556 0.6343477366 2 0.5267805556 0.6092119342 2 0 0 0 0 0 0
0 0.5150694444 0.6214609053 0.021287037 0.0303292181 0.5233064815 0.6092119342 2 0.5234944444 0.6337222222 2 0.5064981481 0.6341399177 2 0.5064981481 0.6090987654 2 0 0 0 0 0 0
0 0.496087963 0.6210493827 0.021287037 0.0303292181 0.504325 0.6088004115 2 0.504512963 0.6333106996 2 0.4875166667 0.6337283951 1 0.4875166667 0.6086872428 1 0 0 0 0 0 0
0 0.5344027778 0.6500308642 0.0200648148 0.03281893 0.5420305556 0.6635411523 2 0.5421703704 0.6364279835 2 0.5262555556 0.6362057613 2 0.5262555556 0.6639567901 2 0 0 0 0 0 0
0 0.5160694444 0.6500308642 0.0211759259 0.0319958848 0.5242527778 0.6639526749 2 0.5243925926 0.6368395062 2 0.5067592593 0.6364197531 2 0.5068518519 0.6631687243 2 0 0 0 0 0 0
0 0.4957916667 0.6481790123 0.0211759259 0.0319958848 0.503975 0.662100823 2 0.5041148148 0.6349876543 2 0.4864814815 0.6345679012 1 0.4865740741 0.6613168724 1 0 0 0 0 0 0
0 0.4934490741 0.6502880658 0.0200648148 0.0303292181 0.5010740741 0.6380226337 2 0.501262037 0.6625349794 2 0.4852990741 0.6627427984 1 0.4852990741 0.6376069959 1 0 0 0 0 0 0
0 0.5117824074 0.6515226337 0.0215462963 0.0303292181 0.5207407407 0.6390946502 2 0.5207407407 0.6637860082 2 0.5028916667 0.6639773663 2 0.5028916667 0.6388395062 2 0 0 0 0 0 0
0 0.5313194444 0.652962963 0.0215462963 0.0303292181 0.5402777778 0.6405349794 2 0.5402777778 0.6652263374 2 0.5224287037 0.6654176955 2 0.5224287037 0.6402798354 2 0 0 0 0 0 0
0 0.5335694444 0.6833641975 0.0200648148 0.03281893 0.5411972222 0.6968744856 2 0.541337037 0.6697613169 2 0.5254222222 0.6695390947 2 0.5254222222 0.6972921811 2 0 0 0 0 0 0
0 0.5308101852 0.6871193416 0.0203425926 0.0303292181 0.5391666667 0.674691358 2 0.5391666667 0.699382716 2 0.5223148148 0.699382716 2 0.5223148148 0.6744855967 2 0 0 0 0 0 0
0 0.515375 0.6833641975 0.0218240741 0.03281893 0.5238824074 0.6968744856 2 0.5240222222 0.6697613169 2 0.5061111111 0.6699588477 2 0.5062962963 0.6967078189 2 0 0 0 0 0 0
0 0.4959305556 0.6837757202 0.0218240741 0.03281893 0.504437963 0.6972860082 2 0.5045777778 0.6701728395 2 0.4866666667 0.6703703704 1 0.4868518519 0.6971193416 1 0 0 0 0 0 0
0 0.5115509259 0.6871193416 0.0203425926 0.0303292181 0.5199074074 0.674691358 2 0.5199074074 0.699382716 2 0.5030555556 0.699382716 2 0.5030555556 0.6744855967 2 0 0 0 0 0 0
0 0.491087963 0.6869135802 0.0203425926 0.0303292181 0.4994444444 0.6744855967 2 0.4994444444 0.6991769547 2 0.4825925926 0.6991769547 1 0.4825925926 0.6742798354 1 0 0 0 0 0 0
0 0.5557222222 0.5923971193 0.0193333333 0.0333539095 0.546962037 0.5800493827 2 0.5468675926 0.6046707819 2 0.5635490741 0.6055 2 0.563112963 0.5804650206 2 0 0 0 0 0 0
0 0.5572731481 0.5899485597 0.0200648148 0.03281893 0.5649009259 0.6034588477 2 0.5650407407 0.576345679 2 0.5491259259 0.5761234568 2 0.5491259259 0.6038744856 2 0 0 0 0 0 0
0 0.571375 0.5930144033 0.0160092593 0.0333539095 0.5642768519 0.5806666667 2 0.5641824074 0.6052880658 2 0.5781481481 0.6049382716 2 0.5782407407 0.5814814815 2 0 0 0 0 0 0
0 0.5725509259 0.5912860082 0.0180277778 0.0305555556 0.5796296296 0.6043209877 2 0.5796296296 0.5788065844 2 0.5654212963 0.5785925926 2 0.5653703704 0.6028806584 2 0 0 0 0 0 0
0 0.5860046296 0.5946604938 0.0160092593 0.0333539095 0.5789064815 0.5823127572 2 0.578812037 0.6069341564 2 0.5927777778 0.6065843621 2 0.5928703704 0.583127572 2 0 0 0 0 0 0
0 0.5873657407 0.5949897119 0.0180277778 0.0305555556 0.5944444444 0.604526749 2 0.5944444444 0.5825102881 2 0.5802361111 0.5822962963 2 0.58 0.6053497942 2 0 0 0 0 0 0
0 0.5552592593 0.6240843621 0.0193333333 0.0333539095 0.5464990741 0.6117366255 2 0.5464046296 0.6363580247 2 0.5630861111 0.6371872428 2 0.56265 0.6121522634 2 0 0 0 0 0 0
0 0.5567175926 0.6216358025 0.0200648148 0.03281893 0.564537037 0.6325102881 2 0.5644851852 0.6080329218 2 0.5485703704 0.6078106996 2 0.5484259259 0.6333333333 2 0 0 0 0 0 0
0 0.5894953704 0.6240020576 0.0180277778 0.0305555556 0.5965740741 0.637037037 2 0.5965740741 0.6115226337 2 0.5823666667 0.611308642 2 0.5823148148 0.6355967078 2 0 0 0 0 0 0
0 0.5736157407 0.6225617284 0.0181203704 0.0305555556 0.5806481481 0.6355967078 2 0.5806481481 0.6100823045 2 0.5664398148 0.6098683128 2 0.5663888889 0.6341563786 2 0 0 0 0 0 0
0 0.5713287037 0.62531893 0.0164722222 0.0333539095 0.5639990741 0.6129711934 2 0.5639046296 0.6375925926 2 0.5782407407 0.6372427984 2 0.5781481481 0.6131687243 2 0 0 0 0 0 0
0 0.5547731481 0.6541460905 0.0200648148 0.03281893 0.5625925926 0.6650205761 2 0.5625407407 0.6405432099 2 0.5466259259 0.6403209877 2 0.5464814815 0.6658436214 2 0 0 0 0 0 0
0 0.5536851852 0.6541255144 0.0193333333 0.0333539095 0.544925 0.6417777778 2 0.5448305556 0.666399177 2 0.561512037 0.6672283951 2 0.5610759259 0.6421934156 2 0 0 0 0 0 0
0 0.5544027778 0.6854218107 0.0200648148 0.03281893 0.5622222222 0.6962962963 2 0.5621703704 0.67181893 2 0.5462555556 0.6715967078 2 0.5461111111 0.6971193416 2 0 0 0 0 0 0
0 0.5507175926 0.6877366255 0.0203425926 0.0303292181 0.5590740741 0.675308642 2 0.5590740741 0.7 2 0.5422222222 0.7 2 0.5422222222 0.6751028807 2 0 0 0 0 0 0
0 0.5713472222 0.6547633745 0.0200648148 0.03281893 0.580462963 0.6650205761 2 0.5807407407 0.6417695473 2 0.5631990741 0.6409382716 2 0.5630555556 0.6664609053 2 0 0 0 0 0 0
0 0.5704027778 0.6553600823 0.0183240741 0.0333539095 0.5621472222 0.6430123457 2 0.5620527778 0.6676337449 2 0.5787342593 0.668462963 2 0.5782981481 0.6434279835 2 0 0 0 0 0 0
0 0.5865555556 0.6255246914 0.0156296296 0.0333539095 0.5796472222 0.6131769547 2 0.5795527778 0.6377983539 2 0.5934259259 0.6382716049 2 0.5934259259 0.6139917695 2 0 0 0 0 0 0
0 0.586375 0.6568004115 0.0150833333 0.0333539095 0.5797398148 0.6444526749 2 0.5796453704 0.6690740741 2 0.5932407407 0.6691358025 2 0.5930555556 0.645473251 2 0 0 0 0 0 0
0 0.5881064815 0.6556893004 0.0180277778 0.0305555556 0.5951851852 0.6687242798 2 0.5951851852 0.6432098765 2 0.5809777778 0.6429958848 2 0.5809259259 0.6672839506 2 0 0 0 0 0 0
0 0.571162037 0.6845987654 0.0200648148 0.0307613169 0.5789814815 0.6965020576 2 0.5789296296 0.6720246914 2 0.5630148148 0.6718024691 2 0.5628703704 0.6973251029 2 0 0 0 0 0 0
0 0.5863009259 0.6858333333 0.0173796296 0.0307613169 0.5930555556 0.6971193416 2 0.5931481481 0.6732510288 2 0.5794962963 0.673037037 2 0.5793518519 0.6985596708 2 0 0 0 0 0 0
0 0.568587963 0.6877366255 0.0203425926 0.0303292181 0.5769444444 0.675308642 2 0.5769444444 0.7 2 0.5600925926 0.7 2 0.5600925926 0.6751028807 2 0 0 0 0 0 0
0 0.5841898148 0.6875308642 0.0159907407 0.0303292181 0.590462963 0.674691358 2 0.5905555556 0.6997942387 2 0.5778703704 0.6997942387 2 0.5778703704 0.6748971193 2 0 0 0 0 0 0
0 0.6173194444 0.5970473251 0.0171944444 0.0305555556 0.6237962963 0.6074074074 2 0.6236111111 0.5845679012 2 0.6106074074 0.5843539095 2 0.6103703704 0.6074074074 2 0 0 0 0 0 0
0 0.6312083333 0.598899177 0.0171944444 0.0305555556 0.6368518519 0.6088477366 2 0.6366666667 0.5874485597 2 0.6244962963 0.5862057613 2 0.6242592593 0.6092592593 2 0 0 0 0 0 0
0 0.6448194444 0.6001337449 0.0171944444 0.0305555556 0.6500925926 0.6100823045 2 0.65 0.5893004115 2 0.637962963 0.5878600823 2 0.6378703704 0.6104938272 2 0 0 0 0 0 0
0 0.6422962963 0.5985699588 0.0156296296 0.0333539095 0.635462963 0.5909465021 2 0.6352935185 0.6108436214 2 0.6491666667 0.6113168724 2 0.6488888889 0.5909465021 2 0 0 0 0 0 0
0 0.6281805556 0.600627572 0.0144351852 0.0259465021 0.6222222222 0.5911522634 2 0.6223148148 0.6102880658 2 0.6344444444 0.6111111111 2 0.6341666667 0.5907407407 2 0 0 0 0 0 0
0 0.6154027778 0.6004218107 0.0144351852 0.0259465021 0.6094444444 0.5909465021 2 0.609537037 0.6100823045 2 0.6216666667 0.6109053498 2 0.6213888889 0.5905349794 2 0 0 0 0 0 0
0 0.6427824074 0.6305864198 0.0171944444 0.0305555556 0.6480555556 0.6405349794 2 0.647962963 0.6197530864 2 0.6359259259 0.6183127572 2 0.6358333333 0.6409465021 2 0 0 0 0 0 0
0 0.6288009259 0.6291460905 0.0171944444 0.0305555556 0.6344444444 0.6390946502 2 0.6342592593 0.6176954733 2 0.6220888889 0.6164526749 2 0.6218518519 0.6395061728 2 0 0 0 0 0 0
0 0.6137083333 0.628117284 0.0158981481 0.0305555556 0.62 0.6380658436 2 0.6198148148 0.6166666667 2 0.6076435185 0.6154238683 2 0.6074074074 0.6384773663 2 0 0 0 0 0 0
0 0.6116064815 0.630462963 0.0144351852 0.0259465021 0.6056481481 0.6209876543 2 0.6057407407 0.6401234568 2 0.6178703704 0.6409465021 2 0.6175925926 0.6205761317 2 0 0 0 0 0 0
0 0.6249398148 0.6312860082 0.0144351852 0.0259465021 0.6189814815 0.6218106996 2 0.6190740741 0.6409465021 2 0.6312037037 0.6417695473 2 0.6309259259 0.621399177 2 0 0 0 0 0 0
0 0.6391990741 0.6325205761 0.0144351852 0.0259465021 0.6332407407 0.6230452675 2 0.6333333333 0.64218107 2 0.645462963 0.6430041152 2 0.6451851852 0.6226337449 2 0 0 0 0 0 0
0 0.6120416667 0.6585699588 0.0186759259 0.0305555556 0.6193518519 0.6685185185 2 0.6192601852 0.6458847737 2 0.6049083333 0.6458847737 2 0.6049083333 0.6681069959 2 0 0 0 0 0 0
0 0.6397546296 0.6609156379 0.0144351852 0.0259465021 0.6319453704 0.6512345679 2 0.6318527778 0.6699588477 2 0.6460185185 0.671399177 2 0.6457407407 0.6510288066 2 0 0 0 0 0 0
0 0.6273194444 0.6575411523 0.0158981481 0.0305555556 0.6332407407 0.6674897119 2 0.6331481481 0.6467078189 2 0.621112037 0.6465020576 2 0.6210185185 0.6679012346 2 0 0 0 0 0 0
0 0.6430138889 0.6575411523 0.0167314815 0.0305555556 0.6497231481 0.6691358025 2 0.6492592593 0.6467078189 2 0.6358342593 0.646090535 2 0.6359268519 0.6674917695 2 0 0 0 0 0 0
0 0.6090092593 0.6600925926 0.0157222222 0.0259465021 0.6027787037 0.6495884774 2 0.6029638889 0.6703703704 2 0.6159259259 0.6705761317 2 0.6156481481 0.6502057613 2 0 0 0 0 0 0
0 0.6229907407 0.65968107 0.0166481481 0.0259465021 0.6171305556 0.6491769547 2 0.6172231481 0.6695473251 2 0.6303703704 0.6701646091 2 0.6300925926 0.6497942387 2 0 0 0 0 0 0
0 0.6267175926 0.6861419753 0.0167314815 0.0305555556 0.6334268519 0.6977366255 2 0.632962963 0.675308642 2 0.619537963 0.674691358 2 0.6196305556 0.696090535 2 0 0 0 0 0 0
0 0.6426435185 0.6871707819 0.0167314815 0.0305555556 0.6493527778 0.6987654321 2 0.6488888889 0.6763374486 2 0.6354638889 0.6757201646 2 0.6355564815 0.6971193416 2 0 0 0 0 0 0
0 0.6244027778 0.6894341564 0.0161759259 0.0305555556 0.6303703704 0.6775720165 2 0.6303703704 0.7002716049 2 0.617037037 0.7002057613 2 0.6171296296 0.6769547325 2 0 0 0 0 0 0
0 0.6378055556 0.6893106996 0.0166481481 0.0259465021 0.6319453704 0.6788065844 2 0.632037963 0.6991769547 2 0.6451851852 0.6997942387 2 0.6449074074 0.6794238683 2 0 0 0 0 0 0
0 0.6116712963 0.68531893 0.0173796296 0.0305555556 0.6182416667 0.6969135802 2 0.6182407407 0.6744855967 2 0.6037972222 0.6744855967 2 0.6038898148 0.695473251 2 0 0 0 0 0 0
0 0.6090324074 0.6888168724 0.0161759259 0.0305555556 0.615 0.6769547325 2 0.615 0.699654321 2 0.6016666667 0.6995884774 2 0.6017592593 0.6763374486 2 0 0 0 0 0 0
0 0.4633009259 0.3423559671 0.0204907407 0.0382510288 0.4540740741 0.3273662551 2 0.4541666667 0.3532921811 2 0.4706435185 0.3583621399 2 0.4706435185 0.3345576132 2 0 0 0 0 0 0
0 0.4451527778 0.3349485597 0.0204907407 0.0382510288 0.4359259259 0.3199588477 2 0.4360185185 0.3458847737 2 0.4524953704 0.3509547325 2 0.4524953704 0.3271502058 2 0 0 0 0 0 0
0 0.4251527778 0.3263065844 0.0199351852 0.0382510288 0.4161111111 0.3109053498 2 0.4160185185 0.3366255144 2 0.4339768519 0.3423127572 2 0.4339768519 0.3185082305 2 0 0 0 0 0 0
0 0.4579583333 0.3386419753 0.0198055556 0.035308642 0.4659259259 0.3537037037 2 0.4658333333 0.333127572 2 0.4499074074 0.3242798354 2 0.4498148148 0.3458847737 2 0 0 0 0 0 0
0 0.4405509259 0.3302057613 0.0207314815 0.035308642 0.4489814815 0.3452674897 2 0.4488888889 0.324691358 2 0.4318518519 0.3156378601 2 0.4319444444 0.3374485597 2 0 0 0 0 0 0
0 0.4220324074 0.3213580247 0.0207314815 0.035308642 0.430462963 0.3364197531 2 0.4303703704 0.3158436214 2 0.4150925926 0.308436214 1 0.4150925926 0.3290123457 1 0 0 0 0 0 0
0 0.4650601852 0.3160185185 0.0204907407 0.0378395062 0.4566666667 0.3014403292 2 0.4566666667 0.3248971193 2 0.4724027778 0.33181893 2 0.4724074074 0.3102880658 2 0 0 0 0 0 0
0 0.4480231481 0.3073765432 0.0193796296 0.0378395062 0.439537037 0.2923868313 2 0.439537037 0.3158436214 2 0.4559212963 0.3231769547 2 0.4559259259 0.3016460905 2 0 0 0 0 0 0
0 0.4291805556 0.2979115226 0.0194722222 0.0378395062 0.4208333333 0.2823045267 2 0.4208333333 0.3067901235 2 0.4377731481 0.3137119342 2 0.4377777778 0.29218107 2 0 0 0 0 0 0
0 0.4602731481 0.3114814815 0.0207314815 0.035308642 0.4687037037 0.3265432099 2 0.4686111111 0.3059670782 2 0.4521296296 0.296090535 2 0.4521296296 0.3193415638 2 0 0 0 0 0 0
0 0.442125 0.3018106996 0.0207314815 0.035308642 0.4505555556 0.316872428 2 0.450462963 0.2962962963 2 0.4339814815 0.2864197531 2 0.4339814815 0.3096707819 2 0 0 0 0 0 0
0 0.4254583333 0.2925514403 0.0186944444 0.035308642 0.4328703704 0.3076131687 2 0.4327777778 0.287037037 2 0.4176851852 0.279218107 1 0.4175925926 0.2997942387 1 0 0 0 0 0 0
0 0.4661712963 0.2870061728 0.0204907407 0.0378395062 0.4577777778 0.2724279835 2 0.4577777778 0.2958847737 2 0.4735138889 0.3028065844 2 0.4735185185 0.2812757202 2 0 0 0 0 0 0
0 0.4485324074 0.2769238683 0.0194722222 0.0378395062 0.4396296296 0.2621399177 2 0.4396296296 0.2853909465 2 0.456662037 0.2927242798 2 0.4566666667 0.2711934156 2 0 0 0 0 0 0
0 0.4300138889 0.2678703704 0.0194722222 0.0378395062 0.4211111111 0.2530864198 2 0.4211111111 0.2763374486 2 0.4381435185 0.2836707819 2 0.4381481481 0.2621399177 2 0 0 0 0 0 0
0 0.4619861111 0.2824691358 0.0189722222 0.035308642 0.4700925926 0.2975308642 2 0.47 0.2769547325 2 0.4538888889 0.2676954733 2 0.4539814815 0.2895061728 2 0 0 0 0 0 0
0 0.4440694444 0.2711522634 0.0194351852 0.035308642 0.4524074074 0.2862139918 2 0.4523148148 0.2656378601 2 0.4352777778 0.2565843621 2 0.4352777778 0.2788065844 2 0 0 0 0 0 0
0 0.4269861111 0.2627160494 0.0163796296 0.0336625514 0.4337962963 0.2769547325 2 0.4337037037 0.2563786008 2 0.4198148148 0.2502057613 1 0.4198148148 0.2709876543 1 0 0 0 0 0 0
0 0.4654305556 0.2577880658 0.0204907407 0.0378395062 0.457037037 0.2432098765 2 0.457037037 0.2666666667 2 0.4727731481 0.2735884774 2 0.4727777778 0.2520576132 2 0 0 0 0 0 0
0 0.4486712963 0.2475 0.0204907407 0.0378395062 0.4402777778 0.2329218107 2 0.4402777778 0.2563786008 2 0.4560138889 0.2633004115 2 0.4560185185 0.2417695473 2 0 0 0 0 0 0
0 0.4301064815 0.2372119342 0.020212963 0.0390740741 0.4215740741 0.2226337449 2 0.4215740741 0.2452674897 2 0.4384212963 0.2536296296 2 0.4384259259 0.2320987654 2 0 0 0 0 0 0
0 0.462125 0.2540740741 0.0179537037 0.0369547325 0.4699074074 0.2703703704 2 0.4699074074 0.2491769547 2 0.4541666667 0.2399176955 2 0.4541666667 0.2606995885 2 0 0 0 0 0 0
0 0.4441157407 0.2424485597 0.018787037 0.0367489712 0.4523148148 0.2586419753 2 0.4523148148 0.2374485597 2 0.4363888889 0.2275720165 2 0.4362962963 0.2485596708 2 0 0 0 0 0 0
0 0.4278657407 0.2329835391 0.0179537037 0.0367489712 0.4356481481 0.2491769547 2 0.4356481481 0.2279835391 2 0.4207407407 0.2193415638 1 0.4207407407 0.2413580247 1 0 0 0 0 0 0
0 0.4670972222 0.2300102881 0.0204907407 0.0378395062 0.4587037037 0.2154320988 2 0.4587037037 0.2388888889 2 0.4744398148 0.2458106996 2 0.4744444444 0.2242798354 2 0 0 0 0 0 0
0 0.450337963 0.218899177 0.0204907407 0.0394855967 0.4419444444 0.2034979424 2 0.4419444444 0.2269547325 2 0.4577777778 0.2360082305 2 0.4576851852 0.212345679 2 0 0 0 0 0 0
0 0.4324675926 0.2085082305 0.0216018519 0.0421604938 0.4235185185 0.1917695473 2 0.4235185185 0.2152263374 2 0.4403703704 0.224691358 2 0.4402777778 0.2016460905 2 0 0 0 0 0 0
0 0.4635138889 0.2245473251 0.0188796296 0.0388065844 0.4718518519 0.24218107 2 0.4718518519 0.2211934156 2 0.4559259259 0.2098765432 2 0.4559259259 0.2318930041 2 0 0 0 0 0 0
0 0.446662037 0.21281893 0.0188796296 0.0388065844 0.455 0.2304526749 2 0.455 0.2094650206 2 0.4390740741 0.1981481481 2 0.4390740741 0.2201646091 2 0 0 0 0 0 0
0 0.4299953704 0.2025308642 0.0188796296 0.0388065844 0.4383333333 0.2201646091 2 0.4383333333 0.1991769547 2 0.4224074074 0.1878600823 2 0.4224074074 0.2098765432 2 0 0 0 0 0 0
0 0.404625 0.3152880658 0.0207314815 0.0388065844 0.4132407407 0.3298353909 2 0.4131481481 0.3074074074 2 0.3976851852 0.3022633745 2 0.3976851852 0.324691358 2 0 0 0 0 0 0
0 0.400337963 0.3178703704 0.0199351852 0.0382510288 0.3912962963 0.3024691358 2 0.3912037037 0.3281893004 2 0.409162037 0.3338765432 2 0.409162037 0.3100720165 2 0 0 0 0 0 0
0 0.3805231481 0.3088168724 0.0199351852 0.0382510288 0.3714814815 0.2934156379 1 0.3713888889 0.3191358025 1 0.3893472222 0.3248230453 2 0.3893472222 0.3010185185 2 0 0 0 0 0 0
0 0.3579861111 0.2984259259 0.0240462963 0.0382510288 0.3482546296 0.2817160494 2 0.3480444444 0.3072633745 2 0.3688731481 0.3144238683 2 0.3688731481 0.290617284 2 0 0 0 0 0 0
0 0.3874953704 0.3040329218 0.0225277778 0.0388065844 0.3969990741 0.3185864198 2 0.3969064815 0.2961584362 2 0.3776805556 0.2903888889 2 0.3774694444 0.3140596708 2 0 0 0 0 0 0
0 0.363337963 0.2953703704 0.0225277778 0.0388065844 0.3728472222 0.3099135802 2 0.3727546296 0.2874855967 2 0.3535287037 0.2817160494 2 0.3533175926 0.3053888889 2 0 0 0 0 0 0
0 0.402375 0.2837139918 0.0199351852 0.0382510288 0.3933333333 0.270781893 2 0.3932407407 0.2940329218 2 0.4111990741 0.2997201646 2 0.4112037037 0.2781893004 2 0 0 0 0 0 0
0 0.3829675926 0.2748868313 0.0199351852 0.0382510288 0.3739268519 0.2619465021 2 0.3738342593 0.2851975309 2 0.3917925926 0.2908847737 2 0.3917972222 0.2693539095 2 0 0 0 0 0 0
0 0.3601898148 0.2648045267 0.0199351852 0.0382510288 0.3511490741 0.2518641975 2 0.3510564815 0.2751152263 2 0.3690148148 0.2808024691 2 0.3690194444 0.2592716049 2 0 0 0 0 0 0
0 0.4059212963 0.2832510288 0.0225277778 0.0388065844 0.415425 0.2978045267 2 0.4153324074 0.2753765432 2 0.3964814815 0.2693415638 2 0.3964814815 0.2934156379 2 0 0 0 0 0 0
0 0.3680046296 0.263909465 0.0246574074 0.0441563786 0.3781481481 0.2783950617 2 0.3781481481 0.2559670782 2 0.3575 0.2473251029 2 0.3575 0.271399177 2 0 0 0 0 0 0
0 0.402875 0.253899177 0.0199351852 0.0382510288 0.3938342593 0.2409588477 1 0.3937416667 0.2642098765 1 0.4117 0.2698971193 2 0.4117046296 0.2483662551 2 0 0 0 0 0 0
0 0.3845787037 0.2744032922 0.0246574074 0.0441563786 0.3947222222 0.2888888889 2 0.3947222222 0.2664609053 2 0.3740740741 0.25781893 1 0.3740740741 0.2818930041 1 0 0 0 0 0 0
0 0.3869490741 0.2417592593 0.0216018519 0.0382510288 0.3775 0.2296296296 2 0.3775 0.2518518519 2 0.3966074074 0.2577572016 2 0.396612037 0.2362263374 2 0 0 0 0 0 0
0 0.3657453704 0.2338374486 0.0230833333 0.0421604938 0.355462963 0.2176954733 2 0.3557407407 0.2413580247 2 0.3757407407 0.2479423868 2 0.3755009259 0.2263497942 2 0 0 0 0 0 0
0 0.3684675926 0.2276954733 0.0233611111 0.0404526749 0.3783333333 0.2446502058 2 0.3783333333 0.2211934156 2 0.3586111111 0.212962963 2 0.3586111111 0.237037037 2 0 0 0 0 0 0
0 0.3890231481 0.238600823 0.0233611111 0.0404526749 0.3988888889 0.2555555556 2 0.3988888889 0.2320987654 2 0.3791666667 0.2238683128 2 0.3791666667 0.2479423868 2 0 0 0 0 0 0
0 0.4092546296 0.2495061728 0.0214166667 0.0404526749 0.417962963 0.2666666667 2 0.4178703704 0.2425925926 2 0.4003703704 0.2347736626 2 0.4003703704 0.2588477366 2 0 0 0 0 0 0
0 0.3663935185 0.1984465021 0.0230833333 0.0421604938 0.3561111111 0.1823045267 2 0.3563888889 0.2059670782 2 0.3763888889 0.2125514403 2 0.3761490741 0.1909588477 2 0 0 0 0 0 0
0 0.387412037 0.2112037037 0.0230833333 0.0421604938 0.3775 0.1948559671 2 0.3774074074 0.2187242798 2 0.3972222222 0.2261316872 2 0.3971675926 0.2037160494 2 0 0 0 0 0 0
0 0.4079675926 0.2229320988 0.0230833333 0.0421604938 0.3980555556 0.2065843621 2 0.397962963 0.2304526749 2 0.4177777778 0.2378600823 2 0.4177231481 0.2154444444 2 0 0 0 0 0 0
0 0.3706435185 0.1949794239 0.0234537037 0.0429218107 0.380462963 0.2115226337 2 0.380462963 0.1884773663 2 0.3607407407 0.1790123457 2 0.3607407407 0.2030864198 2 0 0 0 0 0 0
0 0.3911064815 0.2069135802 0.0234537037 0.0429218107 0.3999074074 0.2236625514 2 0.4 0.2008230453 2 0.3812037037 0.1909465021 2 0.3812037037 0.2150205761 2 0 0 0 0 0 0
0 0.4103657407 0.2209053498 0.0234537037 0.0429218107 0.4191666667 0.237654321 2 0.4192592593 0.2148148148 2 0.400462963 0.2049382716 2 0.400462963 0.2290123457 2 0 0 0 0 0 0
0 0.3661157407 0.165936214 0.0230833333 0.0421604938 0.3558333333 0.1497942387 2 0.3561111111 0.1734567901 2 0.3761111111 0.1800411523 2 0.3758712963 0.1584485597 2 0 0 0 0 0 0
0 0.3867638889 0.1801337449 0.0230833333 0.0421604938 0.377037037 0.1619341564 2 0.3769444444 0.1860082305 2 0.3964814815 0.1952674897 2 0.3965194444 0.1726460905 2 0 0 0 0 0 0
0 0.4062083333 0.1924794239 0.0230833333 0.0421604938 0.3975925926 0.1742798354 2 0.3975925926 0.1989711934 2 0.4159259259 0.2076131687 2 0.4159638889 0.1849917695 2 0 0 0 0 0 0
0 0.3691157407 0.1644650206 0.0230462963 0.0474485597 0.3794444444 0.1818930041 2 0.379537037 0.1553497942 2 0.3594444444 0.145473251 2 0.3594444444 0.171399177 2 0 0 0 0 0 0
0 0.3902268519 0.1798971193 0.0230462963 0.0474485597 0.4005555556 0.1973251029 2 0.4006481481 0.170781893 2 0.3805555556 0.1609053498 2 0.3805555556 0.1868312757 2 0 0 0 0 0 0
0 0.4085601852 0.1922427984 0.0230462963 0.0474485597 0.4188888889 0.2096707819 2 0.4189814815 0.183127572 2 0.3988888889 0.1732510288 1 0.3988888889 0.1991769547 2 0 0 0 0 0 0
0 0.5076064815 0.3566563786 0.020212963 0.0392798354 0.4985185185 0.3411522634 2 0.4986111111 0.3670781893 2 0.5161111111 0.3726337449 2 0.5161111111 0.3481481481 2 0 0 0 0 0 0
0 0.5267731481 0.3655041152 0.020212963 0.0405144033 0.5176851852 0.349382716 2 0.5177777778 0.375308642 2 0.5351861111 0.3814814815 2 0.5352777778 0.3563786008 2 0 0 0 0 0 0
0 0.545662037 0.3729115226 0.020212963 0.0380452675 0.5365740741 0.3580246914 2 0.5363888889 0.3833333333 2 0.5542592593 0.3884773663 2 0.5541666667 0.3650205761 2 0 0 0 0 0 0
0 0.510412037 0.3552263374 0.0206018519 0.0358847737 0.5185787037 0.3701769547 2 0.5186601852 0.3452777778 2 0.5015740741 0.3407407407 2 0.5017925926 0.3651028807 2 0 0 0 0 0 0
0 0.5294861111 0.3634567901 0.0206018519 0.0358847737 0.5376527778 0.3784074074 2 0.5374074074 0.3547325103 2 0.5206481481 0.3489711934 2 0.5208666667 0.3733333333 2 0 0 0 0 0 0
0 0.5472638889 0.3708641975 0.0206018519 0.0358847737 0.5554305556 0.3858148148 2 0.555512037 0.3609156379 2 0.5384259259 0.3563786008 2 0.5386444444 0.3807407407 2 0 0 0 0 0 0
0 0.5047361111 0.3214711934 0.020212963 0.0392798354 0.4956481481 0.3059670782 2 0.4957407407 0.3318930041 2 0.5132407407 0.3374485597 2 0.5132407407 0.312962963 2 0 0 0 0 0 0
0 0.5081898148 0.3210699588 0.0206018519 0.0358847737 0.5163564815 0.3360205761 2 0.516437963 0.3111213992 2 0.4993518519 0.3065843621 2 0.4995703704 0.3309465021 2 0 0 0 0 0 0
0 0.524412037 0.3330967078 0.0204907407 0.0411316872 0.5151851852 0.3166666667 2 0.5152777778 0.3425925926 2 0.5328703704 0.3497942387 2 0.5327777778 0.3236625514 2 0 0 0 0 0 0
0 0.5435787037 0.3415329218 0.0204907407 0.0411316872 0.5343518519 0.3251028807 2 0.5344444444 0.3510288066 2 0.5500925926 0.3563786008 2 0.55 0.3318930041 2 0 0 0 0 0 0
0 0.5273564815 0.3299176955 0.0215277778 0.0358847737 0.5359259259 0.346090535 2 0.5357407407 0.3218106996 2 0.5180555556 0.3154320988 2 0.5182740741 0.3397942387 2 0 0 0 0 0 0
0 0.5451342593 0.3395884774 0.0200462963 0.0358847737 0.552962963 0.3551440329 2 0.552962963 0.3318930041 2 0.5365740741 0.3251028807 2 0.5367925926 0.3494650206 2 0 0 0 0 0 0
0 0.5051064815 0.2906069959 0.020212963 0.0392798354 0.4960185185 0.2751028807 2 0.4961111111 0.3010288066 2 0.5136111111 0.3065843621 2 0.5136111111 0.2820987654 2 0 0 0 0 0 0
0 0.5077268519 0.2891769547 0.0206018519 0.0358847737 0.5158935185 0.304127572 2 0.515975 0.2792283951 2 0.4988888889 0.274691358 2 0.4991074074 0.2990534979 2 0 0 0 0 0 0
0 0.5239027778 0.2992489712 0.020212963 0.0392798354 0.5148148148 0.283744856 2 0.5149074074 0.3096707819 2 0.5324074074 0.3152263374 2 0.5324074074 0.2907407407 2 0 0 0 0 0 0
0 0.5265787037 0.2982510288 0.0206018519 0.0358847737 0.5347490741 0.3131954733 2 0.5348296296 0.2882962963 2 0.5177435185 0.2837592593 2 0.517962037 0.3081213992 2 0 0 0 0 0 0
0 0.5405277778 0.3079938272 0.0215 0.0392798354 0.5341703704 0.2929609053 2 0.5339722222 0.3193950617 2 0.5493361111 0.3244609053 2 0.5494351852 0.2997901235 2 0 0 0 0 0 0
0 0.5442268519 0.3050823045 0.0206018519 0.0358847737 0.5523925926 0.3200246914 2 0.5524740741 0.2951234568 2 0.535387963 0.2905884774 2 0.5356064815 0.3149506173 2 0 0 0 0 0 0
0 0.5061990741 0.2577880658 0.020212963 0.0392798354 0.4971092593 0.242281893 2 0.4972018519 0.2682078189 2 0.5147018519 0.2737633745 2 0.5147018519 0.2492777778 2 0 0 0 0 0 0
0 0.5246342593 0.2672530864 0.020212963 0.0392798354 0.5155453704 0.2517530864 2 0.515637963 0.2776790123 2 0.533137963 0.2832345679 2 0.533137963 0.2587489712 2 0 0 0 0 0 0
0 0.5406898148 0.2762860082 0.020212963 0.0392798354 0.533675 0.2623436214 2 0.533675 0.2870144033 2 0.5491962963 0.2922674897 2 0.5491962963 0.267781893 2 0 0 0 0 0 0
0 0.5426342593 0.2773251029 0.0184166667 0.0358847737 0.5501287037 0.2918600823 2 0.5499305556 0.2682901235 2 0.5355583333 0.2627839506 2 0.5355583333 0.2874547325 2 0 0 0 0 0 0
0 0.5257824074 0.2664197531 0.0211944444 0.0358847737 0.5346657407 0.2809547325 2 0.5344675926 0.2573847737 2 0.5174074074 0.2502057613 2 0.5175 0.2759259259 2 0 0 0 0 0 0
0 0.5077268519 0.2571604938 0.0211944444 0.0358847737 0.5166101852 0.2716954733 2 0.516412037 0.2481255144 2 0.4993518519 0.2409465021 2 0.4994444444 0.2666666667 2 0 0 0 0 0 0
0 0.5996435185 0.393899177 0.0163240741 0.0380452675 0.5930555556 0.379218107 2 0.5931481481 0.4049382716 2 0.6062962963 0.4094650206 2 0.6062037037 0.3860082305 2 0 0 0 0 0 0
0 0.5846435185 0.3883436214 0.0163240741 0.0380452675 0.5780555556 0.3736625514 2 0.5781481481 0.399382716 2 0.5912962963 0.403909465 2 0.5912037037 0.3804526749 2 0 0 0 0 0 0
0 0.569087963 0.3829938272 0.01725 0.0380452675 0.5616666667 0.3681069959 2 0.5616666667 0.3936213992 2 0.5762037037 0.3985596708 2 0.5761111111 0.3751028807 2 0 0 0 0 0 0
0 0.5665694444 0.3795061728 0.0190277778 0.0358847737 0.5740740741 0.3944444444 2 0.5738888889 0.3722222222 2 0.5587037037 0.3648148148 2 0.558737037 0.389382716 2 0 0 0 0 0 0
0 0.582587963 0.385473251 0.0190277778 0.0358847737 0.5887962963 0.3989711934 2 0.5887962963 0.3777777778 2 0.5747222222 0.370781893 2 0.5747555556 0.3953497942 2 0 0 0 0 0 0
0 0.5972175926 0.3916460905 0.0190277778 0.0358847737 0.6034259259 0.4051440329 2 0.6034259259 0.3839506173 2 0.5893518519 0.3769547325 2 0.5893851852 0.4015226337 2 0 0 0 0 0 0
0 0.5842731481 0.3583024691 0.0176203704 0.0380452675 0.5773148148 0.3432098765 2 0.5772222222 0.3693415638 2 0.5915740741 0.3738683128 2 0.5914814815 0.3504115226 2 0 0 0 0 0 0
0 0.5993657407 0.3644753086 0.0163240741 0.0380452675 0.5927777778 0.3497942387 2 0.5928703704 0.3755144033 2 0.6060185185 0.3800411523 2 0.6059259259 0.3565843621 2 0 0 0 0 0 0
0 0.568162037 0.351718107 0.0179907407 0.0380452675 0.5613888889 0.3366255144 2 0.5612962963 0.3627572016 2 0.5756481481 0.3672839506 2 0.5755555556 0.3438271605 2 0 0 0 0 0 0
0 0.5661990741 0.3476131687 0.0190277778 0.0358847737 0.5737037037 0.3625514403 2 0.5735185185 0.3403292181 2 0.5583333333 0.3329218107 2 0.5583666667 0.3574897119 2 0 0 0 0 0 0
0 0.5824953704 0.3554320988 0.0190277778 0.0358847737 0.59 0.3703703704 2 0.5898148148 0.3481481481 2 0.5746296296 0.3407407407 2 0.574662963 0.365308642 2 0 0 0 0 0 0
0 0.596662037 0.3624279835 0.0153240741 0.0358847737 0.6031481481 0.3765432099 2 0.6030555556 0.353909465 2 0.5906481481 0.3477366255 2 0.5906814815 0.3723045267 2 0 0 0 0 0 0
0 0.598625 0.3346399177 0.0163240741 0.0380452675 0.592037037 0.3199588477 2 0.5921296296 0.3456790123 2 0.6052777778 0.3502057613 2 0.6051851852 0.3267489712 2 0 0 0 0 0 0
0 0.596212963 0.3318312757 0.0164074074 0.0358847737 0.6032462963 0.345936214 2 0.6031537037 0.3233024691 2 0.5897824074 0.317654321 2 0.5899796296 0.3417037037 2 0 0 0 0 0 0
0 0.5838240741 0.3287345679 0.0170185185 0.0380452675 0.5765009259 0.3135020576 2 0.5766 0.3368930041 2 0.5908157407 0.3443024691 2 0.5907231481 0.320845679 2 0 0 0 0 0 0
0 0.5688703704 0.3213065844 0.0170185185 0.0380452675 0.5615481481 0.3060679012 2 0.5616462963 0.3294609053 2 0.575862037 0.3368703704 2 0.5757694444 0.3134135802 2 0 0 0 0 0 0
0 0.5820925926 0.3250617284 0.0165 0.0358847737 0.5890935185 0.3410473251 2 0.5890851852 0.3165246914 2 0.5750259259 0.3108786008 2 0.5751240741 0.3338333333 2 0 0 0 0 0 0
0 0.5674351852 0.3167489712 0.0165 0.0358847737 0.5744351852 0.3327407407 2 0.5744268519 0.308218107 2 0.5603675926 0.3025699588 2 0.5604657407 0.3255246914 2 0 0 0 0 0 0
0 0.5989953704 0.3058333333 0.015212963 0.0380452675 0.592962963 0.2917695473 2 0.592962963 0.3170781893 2 0.6050925926 0.321399177 2 0.605 0.2979423868 2 0 0 0 0 0 0
0 0.585662037 0.297808642 0.015212963 0.0380452675 0.5796296296 0.283744856 2 0.5796296296 0.3090534979 2 0.5917592593 0.3133744856 2 0.5916666667 0.2899176955 2 0 0 0 0 0 0
0 0.5709398148 0.2910185185 0.0163240741 0.0380452675 0.5633333333 0.2767489712 2 0.5635185185 0.3016460905 2 0.5775925926 0.3065843621 2 0.5775 0.283127572 2 0 0 0 0 0 0
0 0.5975740741 0.3015226337 0.0158518519 0.0358847737 0.602962963 0.3156378601 2 0.602962963 0.2932098765 2 0.5911111111 0.2882716049 2 0.5913888889 0.3106995885 2 0 0 0 0 0 0
0 0.5844259259 0.2953497942 0.0171481481 0.0358847737 0.590462963 0.3094650206 2 0.590462963 0.287037037 2 0.5766666667 0.2798353909 2 0.5765740741 0.3037037037 2 0 0 0 0 0 0
0 0.5697037037 0.2879423868 0.0171481481 0.0358847737 0.5757407407 0.3020576132 2 0.5757407407 0.2796296296 2 0.5626851852 0.2730452675 2 0.5626851852 0.296090535 2 0 0 0 0 0 0
0 0.6193657407 0.3152983539 0.015212963 0.0331069959 0.6133333333 0.3 2 0.6133333333 0.325308642 2 0.625462963 0.3296296296 2 0.6253703704 0.3061728395 2 0 0 0 0 0 0
0 0.6325138889 0.3236316872 0.015212963 0.0345473251 0.6264814815 0.30781893 2 0.6264814815 0.333127572 2 0.6386111111 0.3374485597 2 0.6385185185 0.3139917695 2 0 0 0 0 0 0
0 0.6459398148 0.3297016461 0.015212963 0.0380452675 0.6399074074 0.3156378601 2 0.6399074074 0.3409465021 2 0.652037037 0.3452674897 2 0.6519444444 0.3218106996 2 0 0 0 0 0 0
0 0.6351666667 0.3219958848 0.0165925926 0.0327983539 0.6409259259 0.3362139918 2 0.6409259259 0.3137860082 2 0.6283333333 0.3080246914 2 0.6283333333 0.3302469136 2 0 0 0 0 0 0
0 0.6475277778 0.3295061728 0.013537037 0.0313580247 0.6535185185 0.3430041152 2 0.6535185185 0.3205761317 2 0.6416666667 0.3156378601 2 0.6419444444 0.3380658436 2 0 0 0 0 0 0
0 0.6215555556 0.3147942387 0.0165925926 0.0327983539 0.6273148148 0.3290123457 2 0.6273148148 0.3065843621 2 0.6147222222 0.3008230453 2 0.6147222222 0.3230452675 2 0 0 0 0 0 0
0 0.6202592593 0.3419547325 0.0147407407 0.0327983539 0.6265740741 0.3555555556 2 0.6265740741 0.333744856 2 0.6143518519 0.3279835391 2 0.6143518519 0.3502057613 2 0 0 0 0 0 0
0 0.6187175926 0.3434876543 0.0148425926 0.0331069959 0.6125 0.3281893004 2 0.6125 0.3534979424 2 0.6246296296 0.35781893 2 0.624537037 0.3343621399 2 0 0 0 0 0 0
0 0.6334074074 0.3499794239 0.0147407407 0.0327983539 0.6397222222 0.3635802469 2 0.6397222222 0.3417695473 2 0.6275 0.3360082305 2 0.6275 0.3582304527 2 0 0 0 0 0 0
0 0.6322361111 0.3500720165 0.0148425926 0.0331069959 0.6260185185 0.3347736626 2 0.6260185185 0.3600823045 2 0.6381481481 0.3644032922 2 0.6380555556 0.3409465021 2 0 0 0 0 0 0
0 0.6447824074 0.3585082305 0.0145648148 0.0326954733 0.6387037037 0.3434156379 2 0.6387037037 0.3687242798 2 0.649537037 0.3716049383 2 0.649537037 0.3504115226 2 0 0 0 0 0 0
0 0.6471111111 0.3577983539 0.0147407407 0.031563786 0.6534259259 0.3720164609 2 0.6534259259 0.3502057613 2 0.6412037037 0.3444444444 2 0.6412037037 0.3666666667 2 0 0 0 0 0 0
0 0.6476666667 0.3839300412 0.0147407407 0.031563786 0.6539814815 0.3981481481 2 0.6539814815 0.3763374486 2 0.6417592593 0.3705761317 2 0.6417592593 0.3927983539 2 0 0 0 0 0 0
0 0.6338703704 0.3771399177 0.0147407407 0.031563786 0.6401851852 0.3913580247 2 0.6401851852 0.3695473251 2 0.627962963 0.3637860082 2 0.627962963 0.3860082305 2 0 0 0 0 0 0
0 0.6208148148 0.3705555556 0.0147407407 0.031563786 0.6271296296 0.3847736626 2 0.6271296296 0.362962963 2 0.6149074074 0.3572016461 2 0.6149074074 0.3794238683 2 0 0 0 0 0 0
0 0.6197361111 0.3741460905 0.0148425926 0.0331069959 0.6135185185 0.3588477366 2 0.6135185185 0.3841563786 2 0.6256481481 0.3884773663 2 0.6255555556 0.3650205761 2 0 0 0 0 0 0
0 0.6327916667 0.3794958848 0.0148425926 0.0331069959 0.6265740741 0.3641975309 2 0.6265740741 0.3895061728 2 0.6387037037 0.3938271605 2 0.6386111111 0.3703703704 2 0 0 0 0 0 0
0 0.645662037 0.3850514403 0.0148425926 0.0331069959 0.6394444444 0.3697530864 2 0.6394444444 0.3950617284 2 0.6515740741 0.399382716 2 0.6514814815 0.3759259259 2 0 0 0 0 0 0
0 0.6472962963 0.4115020576 0.0147407407 0.031563786 0.6536111111 0.4257201646 2 0.6536111111 0.403909465 2 0.6413888889 0.3981481481 2 0.6413888889 0.4203703704 2 0 0 0 0 0 0
0 0.6335 0.4063580247 0.0147407407 0.031563786 0.6398148148 0.4205761317 2 0.6398148148 0.3987654321 2 0.6275925926 0.3930041152 2 0.6275925926 0.4152263374 2 0 0 0 0 0 0
0 0.6202592593 0.3991563786 0.0147407407 0.031563786 0.6265740741 0.4133744856 2 0.6265740741 0.391563786 2 0.6143518519 0.3858024691 2 0.6143518519 0.4080246914 2 0 0 0 0 0 0
0 0.6185324074 0.4006893004 0.0148425926 0.0331069959 0.6123148148 0.3853909465 2 0.6123148148 0.4106995885 2 0.6244444444 0.4150205761 2 0.6243518519 0.391563786 2 0 0 0 0 0 0
0 0.6317731481 0.4074794239 0.0148425926 0.0331069959 0.6255555556 0.39218107 2 0.6255555556 0.4174897119 2 0.6376851852 0.4218106996 2 0.6375925926 0.3983539095 2 0 0 0 0 0 0
0 0.6449212963 0.4115946502 0.0148425926 0.0331069959 0.6387037037 0.3962962963 2 0.6387037037 0.4216049383 2 0.6508333333 0.4259259259 2 0.6507407407 0.4024691358 2 0 0 0 0 0 0
