2 0.2956995885 0.3410138889 0.0958847737 0.0507685185 0.2968312757 0.3178009259 2 0.337973251 0.317237963 2 0.2510823045 0.3182953704 2 0.3000082305 0.3639333333 2 0.3430617284 0.3634046296 2 0.2549979424 0.364637963 2
2 0.3442798354 0.3427916667 0.0958847737 0.0507685185 0.3454197531 0.3195796296 2 0.386563786 0.3190166667 2 0.2996728395 0.3200740741 2 0.3485967078 0.365712037 2 0.3916502058 0.3651833333 2 0.3035864198 0.3664166667 2
2 0.3967901235 0.3394583333 0.0958847737 0.0507685185 0.3979238683 0.3162490741 2 0.4390658436 0.3156861111 2 0.3521748971 0.3167435185 2 0.401100823 0.3623805556 2 0.444154321 0.3618518519 2 0.3560884774 0.3630851852 2
2 0.4493106996 0.3412361111 0.0990329218 0.0507685185 0.4479567901 0.3177666667 2 0.4898374486 0.3168861111 2 0.4013806584 0.3188240741 2 0.4546111111 0.3635805556 2 0.4960987654 0.3627 2 0.4101584362 0.3648648148 2
2 0.527808642 0.3337037037 0.0610493827 0.0532407407 0.5285226337 0.3093648148 2 0.5573580247 0.3091851852 2 0.4981460905 0.3093648148 2 0.5282139918 0.3580407407 2 0.5575617284 0.3581305556 2 0.4980432099 0.3580407407 2
2 0.6255555556 0.3137546296 0.1168312757 0.0291944444 0.6816234568 0.3137231481 2 0.6820144033 0.3262333333 2 0.6812325103 0.2996268519 2 0.5696831276 0.3147805556 2 0.5692921811 0.3278194444 2 0.5696831276 0.3010361111 2
2 0.6369547325 0.3289212963 0.1168312757 0.0291944444 0.6930288066 0.3288935185 2 0.6934197531 0.3414046296 2 0.6926378601 0.3147972222 2 0.5810884774 0.3299509259 2 0.5806975309 0.3429898148 2 0.5810884774 0.3162064815 2
2 0.6154938272 0.3439212963 0.1168312757 0.0291944444 0.6715576132 0.343887963 2 0.6719485597 0.3563990741 2 0.6711666667 0.3297916667 2 0.559617284 0.3449453704 2 0.5592263374 0.3579842593 2 0.559617284 0.3312009259 2
2 0.7325720165 0.3432268519 0.1168312757 0.0291944444 0.7886419753 0.3432 2 0.7890329218 0.3557111111 2 0.7882489712 0.3291037037 2 0.6767016461 0.3442574074 2 0.676308642 0.3572962963 2 0.6767016461 0.330512963 2
2 0.7580658436 0.3265046296 0.1168312757 0.0291944444 0.8141378601 0.3264768519 2 0.8145288066 0.338987963 2 0.8137469136 0.3123805556 2 0.7021975309 0.3275342593 2 0.7018065844 0.3405740741 2 0.7021975309 0.3137907407 2
2 0.7436419753 0.3120787037 0.1168312757 0.0291944444 0.7997098765 0.3120453704 2 0.8001028807 0.3245555556 2 0.79931893 0.2979481481 2 0.6877716049 0.3131027778 2 0.6873786008 0.3261416667 2 0.6877716049 0.2993583333 2
2 0.7280349794 0.4133194444 0.0990329218 0.0507685185 0.7266893004 0.3898518519 1 0.7685699588 0.3889712963 1 0.6801131687 0.3909092593 2 0.7333436214 0.4356657407 2 0.7748312757 0.4347851852 2 0.6888888889 0.43695 2
2 0.7788374486 0.4130694444 0.0990329218 0.0507685185 0.7824423868 0.3891824074 2 0.8256646091 0.3889537037 2 0.7308292181 0.389412037 2 0.7829506173 0.4364546296 2 0.8282057613 0.4361111111 2 0.7397037037 0.4366972222 2
2 0.8335493827 0.4092592593 0.0966049383 0.0502592593 0.8310041152 0.3862064815 2 0.8765144033 0.3858638889 2 0.7866193416 0.386287963 2 0.8338004115 0.43325 2 0.8780390947 0.4329064815 2 0.7887983539 0.4333648148 2
2 0.8833539095 0.4115277778 0.0981481481 0.0502592593 0.8828703704 0.3884962963 2 0.9309218107 0.388037963 2 0.8356748971 0.3885527778 2 0.8856666667 0.4353101852 2 0.9316851852 0.4348527778 2 0.8388497942 0.4356296296 2
2 0.2782921811 0.4095509259 0.0958847737 0.0507685185 0.2794156379 0.3863398148 2 0.3205576132 0.3857777778 2 0.2336666667 0.3868342593 2 0.2825925926 0.4324722222 2 0.3256460905 0.4319435185 2 0.2375802469 0.4331768519 2
2 0.2265020576 0.4066712963 0.0958847737 0.0507685185 0.2281255144 0.3844611111 2 0.2737304527 0.3840009259 2 0.1821111111 0.3842768519 2 0.2289423868 0.4304944444 2 0.2739341564 0.4304944444 2 0.1839526749 0.4304944444 2
2 0.1709259259 0.4094490741 0.0958847737 0.0507685185 0.1725473251 0.3872361111 2 0.2181522634 0.3867759259 2 0.1265329218 0.3870518519 2 0.1733641975 0.4332694444 2 0.2183559671 0.4332694444 2 0.1283744856 0.4332694444 2
2 0.115781893 0.4080046296 0.0983539095 0.0512314815 0.1169423868 0.3845824074 2 0.159308642 0.3838175926 2 0.0683045267 0.3857509259 2 0.1201460905 0.4314157407 2 0.1647283951 0.4302185185 2 0.0743374486 0.4327962963 2
2 0.5497633745 0.4105509259 0.0907613169 0.0580277778 0.5489691358 0.3840148148 2 0.5922386831 0.3835722222 2 0.5052098765 0.3840148148 2 0.5510473251 0.4374925926 2 0.5944753086 0.4374925926 2 0.50618107 0.4378805556 2
2 0.4926028807 0.4088240741 0.0905967078 0.0575185185 0.4936769547 0.3825333333 2 0.5364609053 0.3823398148 2 0.4486069959 0.3825333333 2 0.4932201646 0.4351185185 2 0.5367654321 0.4352148148 2 0.4484547325 0.4351185185 2
2 0.4399279835 0.4133055556 0.0892386831 0.0571851852 0.4409876543 0.3871657407 2 0.4831337449 0.3869731481 2 0.3965925926 0.3871657407 2 0.4405390947 0.4394490741 2 0.4834341564 0.4395444444 2 0.3964423868 0.4394490741 2
2 0.3901028807 0.411125 0.0957613169 0.0584537037 0.3870802469 0.3844583333 2 0.4298580247 0.3830194444 2 0.3438127572 0.3852333333 2 0.3932263374 0.4374731481 2 0.4369876543 0.4364768519 2 0.3487304527 0.4385796296 2
2 0.703899177 0.4806342593 0.058744856 0.0543796296 0.704590535 0.4557722222 2 0.7323292181 0.4555888889 2 0.6753683128 0.4557722222 2 0.7042942387 0.5054907407 2 0.732526749 0.5055824074 2 0.6752695473 0.5054907407 2
2 0.7015534979 0.5323240741 0.058744856 0.0551111111 0.7022325103 0.5071314815 2 0.729973251 0.5069462963 2 0.6730123457 0.5071314815 2 0.7019382716 0.5575222222 2 0.7301707819 0.5576148148 2 0.6729135802 0.5575222222 2
2 0.7369341564 0.4777407407 0.0568312757 0.0544814815 0.7376069959 0.4528388889 2 0.7644485597 0.4526564815 2 0.7093333333 0.4528388889 2 0.7373209877 0.5026546296 2 0.7646399177 0.5027462963 2 0.7092386831 0.5026546296 2
2 0.7353703704 0.5292175926 0.0577777778 0.0551203704 0.7360555556 0.5040175926 2 0.763345679 0.5038314815 2 0.707308642 0.5040175926 2 0.7357633745 0.554412963 2 0.7635390947 0.5545055556 2 0.7072098765 0.554412963 2
2 0.7696296296 0.4820046296 0.0577777778 0.0530833333 0.77031893 0.4577361111 2 0.7976090535 0.4575574074 2 0.7415720165 0.4577361111 2 0.7700288066 0.5062657407 2 0.7978024691 0.5063546296 2 0.7414753086 0.5062657407 2
2 0.7671296296 0.5334398148 0.0552057613 0.0542685185 0.7677736626 0.5086305556 2 0.7938436214 0.5084481481 2 0.7403106996 0.5086305556 2 0.7674958848 0.5582444444 2 0.7940288066 0.5583351852 2 0.740218107 0.5582444444 2
2 0.8342798354 0.4826481481 0.0568312757 0.0549814815 0.8349609053 0.4575111111 2 0.8618004115 0.4573259259 2 0.8066851852 0.4575111111 2 0.8346728395 0.5077759259 2 0.8619917695 0.5078675926 2 0.806590535 0.5077759259 2
2 0.8316358025 0.5351851852 0.0610493827 0.0529814815 0.8323580247 0.510962037 2 0.8611893004 0.5107842593 2 0.8019876543 0.510962037 2 0.8320514403 0.5594009259 2 0.8613950617 0.5594898148 2 0.8018847737 0.5594009259 2
2 0.8701748971 0.4798240741 0.0606378601 0.0542407407 0.870899177 0.4550324074 2 0.8995390947 0.45485 2 0.8407325103 0.4550324074 2 0.8705946502 0.5046240741 2 0.8997427984 0.5047148148 2 0.8406296296 0.5046240741 2
2 0.8663168724 0.5316296296 0.0613168724 0.0551851852 0.8676028807 0.5059694444 2 0.8961563786 0.5059694444 2 0.8385061728 0.5059694444 2 0.8667242798 0.5568583333 2 0.8961995885 0.5569509259 2 0.8364238683 0.5568583333 2
2 0.9040534979 0.4834074074 0.0598353909 0.0554074074 0.9047469136 0.4580796296 2 0.933 0.4578935185 2 0.8749835391 0.4580796296 2 0.9044444444 0.5087361111 2 0.9331995885 0.5088296296 2 0.874882716 0.5087361111 2
2 0.8975205761 0.5370833333 0.056563786 0.0523703704 0.89818107 0.5131388889 2 0.9248930041 0.512962963 2 0.8700432099 0.5131388889 2 0.8978971193 0.5610185185 2 0.9250843621 0.5611074074 2 0.8699465021 0.5610185185 2
2 0.6282304527 0.4821203704 0.0621399177 0.0519814815 0.6289650206 0.4583611111 2 0.6583106996 0.4581861111 2 0.5980534979 0.4583611111 2 0.6286522634 0.5058833333 2 0.6585185185 0.5059703704 2 0.5979485597 0.5058833333 2
2 0.5957304527 0.4794259259 0.0575102881 0.052462963 0.5964156379 0.4554453704 2 0.6235761317 0.4552685185 2 0.5678024691 0.4554453704 2 0.5961255144 0.5034138889 2 0.6237695473 0.5035018519 2 0.5677057613 0.5034138889 2
2 0.5641975309 0.4826111111 0.0564197531 0.0522222222 0.5648580247 0.4587388889 2 0.5915061728 0.458562963 2 0.5367860082 0.4587388889 2 0.5645740741 0.5064842593 2 0.5916954733 0.5065722222 2 0.536691358 0.5064842593 2
2 0.6303395062 0.5321527778 0.0606378601 0.0525462963 0.6274855967 0.5082333333 2 0.6596934156 0.5079518519 2 0.6008868313 0.5081287037 2 0.6302057613 0.5562231481 2 0.6598971193 0.556262963 2 0.6007839506 0.5561740741 2
2 0.5984567901 0.5289444444 0.0580658436 0.0535925926 0.5991399177 0.5044407407 2 0.6265596708 0.5042611111 2 0.5702572016 0.5044407407 2 0.5988477366 0.5534361111 2 0.6267530864 0.5535268519 2 0.5701604938 0.5534361111 2
2 0.5655555556 0.5324537037 0.058600823 0.0524259259 0.5662427984 0.5084907407 2 0.5939176955 0.5083148148 2 0.5370884774 0.5084907407 2 0.5659485597 0.5564240741 2 0.5941152263 0.556512963 2 0.5369917695 0.5564240741 2
2 0.4976337449 0.483037037 0.0617283951 0.0522222222 0.4955987654 0.458962037 2 0.525781893 0.4583490741 2 0.467654321 0.4591675926 2 0.4996769547 0.5071962963 2 0.5277242798 0.5070046296 2 0.4694917695 0.5071962963 2
2 0.5009876543 0.5331481481 0.0617283951 0.0522222222 0.4989506173 0.5090657407 2 0.5268703704 0.508787963 2 0.4710082305 0.5092712963 2 0.5030308642 0.5573 2 0.5310781893 0.5571083333 2 0.472845679 0.5573 2
2 0.4333744856 0.4835925926 0.0617283951 0.0522222222 0.432781893 0.4597574074 2 0.4602469136 0.4598796296 2 0.4033868313 0.4597222222 2 0.4325102881 0.5077472222 2 0.4634567901 0.5075592593 2 0.4052242798 0.5077509259 2
2 0.4367283951 0.533212963 0.0617283951 0.0522222222 0.4361358025 0.5093712963 2 0.463600823 0.5094935185 2 0.4067407407 0.5093361111 2 0.4358621399 0.5573611111 2 0.4668106996 0.5571740741 2 0.4085781893 0.5573657407 2
2 0.4640534979 0.4803518519 0.0598353909 0.0523518519 0.4647592593 0.4564194444 2 0.4930123457 0.4562435185 2 0.4349958848 0.4564194444 2 0.4644567901 0.5042796296 2 0.4932119342 0.5043675926 2 0.4348950617 0.5042796296 2
2 0.4678600823 0.5295555556 0.0603703704 0.0535925926 0.4665020576 0.5052990741 2 0.4939670782 0.5051768519 2 0.4384917695 0.5052990741 2 0.4682674897 0.5540527778 2 0.4972839506 0.5541425926 2 0.4384382716 0.5540527778 2
2 0.3109567901 0.4828564815 0.0584567901 0.05075 0.3116440329 0.4596546296 2 0.339255144 0.4594842593 2 0.2825576132 0.4596546296 2 0.3113497942 0.5060564815 2 0.3394506173 0.5061425926 2 0.2824588477 0.5060564815 2
2 0.3074279835 0.5325138889 0.0519341564 0.0513240741 0.3080308642 0.5090555556 2 0.3325617284 0.5088833333 2 0.2821934156 0.5090555556 2 0.3077695473 0.5559805556 2 0.3327345679 0.5560675926 2 0.2821049383 0.5559805556 2
2 0.2739814815 0.4780231481 0.0573868313 0.0523425926 0.2746481481 0.4540935185 2 0.301744856 0.4539175926 2 0.2461028807 0.4540935185 2 0.2743580247 0.5019490741 2 0.3019382716 0.502037037 2 0.2460061728 0.5019490741 2
2 0.2752572016 0.5280185185 0.0569753086 0.0526111111 0.2759341564 0.5039712963 2 0.3028395062 0.5037944444 2 0.2475925926 0.5039712963 2 0.2756481481 0.5520694444 2 0.3030308642 0.5521583333 2 0.2474979424 0.5520694444 2
2 0.2367283951 0.4823703704 0.0541152263 0.0516111111 0.2373559671 0.4587740741 2 0.2629115226 0.4586009259 2 0.2104341564 0.4587740741 2 0.2370823045 0.5059592593 2 0.2630925926 0.5060453704 2 0.2103436214 0.5059592593 2
2 0.2348045267 0.5327037037 0.0579218107 0.0527962963 0.2354958848 0.5085675926 2 0.2628497942 0.5083898148 2 0.20668107 0.5085675926 2 0.2352037037 0.5568361111 2 0.2630452675 0.556925 2 0.2065843621 0.5568361111 2
2 0.1622736626 0.4829490741 0.0610493827 0.0525277778 0.1607119342 0.459262963 2 0.1906255144 0.4590175926 2 0.1316152263 0.4591398148 2 0.1626872428 0.5069601852 2 0.1920308642 0.5070481481 2 0.1325205761 0.5069601852 2
2 0.1643106996 0.5327962963 0.0678395062 0.0522407407 0.1651152263 0.5089111111 2 0.1971563786 0.5087351852 2 0.1313621399 0.5089111111 2 0.1647716049 0.5566759259 2 0.1973847737 0.5567638889 2 0.1312469136 0.5566759259 2
2 0.1273353909 0.4803101852 0.059691358 0.0511759259 0.1280349794 0.4569203704 2 0.1562242798 0.4567481481 2 0.0983415638 0.4569203704 2 0.1277345679 0.5037111111 2 0.1564259259 0.5037972222 2 0.0982407407 0.5037111111 2
2 0.1281378601 0.5296990741 0.0629423868 0.0537685185 0.1288888889 0.5051222222 2 0.1586193416 0.5049416667 2 0.0975720165 0.5051222222 2 0.1285720165 0.5542833333 2 0.1588312757 0.5543740741 2 0.0974650206 0.5542833333 2
2 0.0945061728 0.4836527778 0.0617283951 0.0535648148 0.0952242798 0.4591638889 2 0.1243765432 0.4589833333 2 0.0645144033 0.4591638889 2 0.0949115226 0.5081388889 2 0.1245823045 0.5082287037 2 0.064409465 0.5081388889 2
2 0.0940226337 0.5337361111 0.0615843621 0.0537685185 0.0947469136 0.5091611111 2 0.1238333333 0.5089805556 2 0.0641049383 0.5091611111 2 0.094436214 0.5583231481 2 0.1240411523 0.5584138889 2 0.064 0.5583231481 2
