3 0.44140625 0.2701796875 0.6953125 0.420578125 0.390625 0.1041671875 2 0.1184890625 0.4661453125 2 0.74609375 0.4322921875 2 0 0 0 0 0 0 0 0 0
3 0.4537734375 0.3977890625 0.709640625 0.430984375 0.41015625 0.2265625 2 0.1223953125 0.5859375 2 0.7565109375 0.5559890625 2 0 0 0 0 0 0 0 0 0
3 0.4576796875 0.516921875 0.678390625 0.421875 0.4348953125 0.3502609375 2 0.1328125 0.6953125 2 0.78125 0.6966140625 2 0 0 0 0 0 0 0 0 0
3 0.4628984375 0.614578125 0.678390625 0.421875 0.4401046875 0.4479171875 2 0.1380203125 0.79296875 2 0.7825515625 0.8059890625 2 0 0 0 0 0 0 0 0 0
3 0.4609375 0.7304765625 0.703125 0.447921875 0.4518234375 0.55078125 2 0.1341140625 0.89453125 2 0.7955734375 0.9348953125 2 0 0 0 0 0 0 0 0 0
3 0.0553359375 0.3632890625 0.110671875 0.166671875 0 0 0 0 0 0 0.0885421875 0.421875 2 0 0 0 0 0 0 0 0 0
3 0.0546875 0.46796875 0.109375 0.1671875 0 0 0 0 0 0 0.0885421875 0.52734375 2 0 0 0 0 0 0 0 0 0
3 0.0638046875 0.576828125 0.127609375 0.203125 0 0 0 0 0 0 0.10546875 0.6497390625 2 0 0 0 0 0 0 0 0 0
3 0.0638046875 0.6836015625 0.127609375 0.197921875 0 0 0 0 0 0 0.1041671875 0.7513015625 2 0 0 0 0 0 0 0 0 0
3 0.0638046875 0.786453125 0.127609375 0.203125 0 0 0 0 0 0 0.0950515625 0.8541671875 2 0 0 0 0 0 0 0 0 0
