1 0.2295979021 0.2468630573 0.4032517483 0.3799681529 0.2307692308 0.4275159236 2 0.027972028 0.433888535 2 0.4277377622 0.4243312102 2 0.2296048951 0.0632388535 2 0 0 0 0 0 0
1 0.256993007 0.231544586 0.4090909091 0.3792038217 0.2540804196 0.049433121 2 0.0559440559 0.049433121 2 0.4568776224 0.0515573248 2 0.2564090909 0.4126464968 2 0 0 0 0 0 0
1 0.4699825175 0.2139171975 0.405 0.3821019108 0.4708636364 0.3967165605 2 0.2703951049 0.3967165605 2 0.6713286713 0.3945923567 2 0.4676748252 0.0276974522 2 0 0 0 0 0 0
1 0.6800699301 0.2142993631 0.4090909091 0.3733757962 0.6806538462 0.0345636943 2 0.4806818182 0.0323057325 2 0.8811188811 0.0356273885 2 0.6777342657 0.3962611465 2 0 0 0 0 0 0
1 0.7051223776 0.2325 0.3892657343 0.3767834395 0.7051293706 0.4126464968 2 0.5186468531 0.4147707006 2 0.8974370629 0.4115859873 2 0.7086258741 0.0473089172 2 0 0 0 0 0 0
1 0.2887587413 0.7197133758 0.3991958042 0.4606369427 0.2867132867 0.5007961783 2 0.0909090909 0.5071687898 2 0.4848496503 0.497611465 2 0.292541958 0.9457898089 2 0 0 0 0 0 0
1 0.2674825175 0.7506528662 0.3951048951 0.467866242 0.2680664336 0.9744617834 2 0.0734265734 0.9776496815 2 0.4592062937 0.9680923567 2 0.2575769231 0.5209745223 2 0 0 0 0 0 0
1 0.5034965035 0.7288853503 0.3916083916 0.4604458599 0.4988356643 0.9383535032 2 0.3088566434 0.9457898089 2 0.6946398601 0.9341050955 2 0.4965034965 0.5061082803 2 0 0 0 0 0 0
1 0.708041958 0.7112101911 0.4020979021 0.4542675159 0.7027972028 0.4933630573 2 0.506993007 0.4944235669 2 0.8962692308 0.4922993631 2 0.7039615385 0.9298566879 2 0 0 0 0 0 0
1 0.7342657343 0.7421815287 0.3846153846 0.446656051 0.7342657343 0.9500382166 2 0.5431223776 0.9574713376 2 0.9219125874 0.9415414013 2 0.7435909091 0.5199140127 2 0 0 0 0 0 0
