3 0.149984375 0.21275 0.24603125 0.18453125 0.1550359375 0.1440828125 2 0.03623125 0.273840625 2 0.2628875 0.2940625 2 0 0 0 0 0 0 0 0 0
3 0.149984375 0.252359375 0.24603125 0.18453125 0.1550359375 0.183684375 2 0.03623125 0.3134421875 2 0.2628875 0.3336640625 2 0 0 0 0 0 0 0 0 0
3 0.144921875 0.291953125 0.24603125 0.18453125 0.1499796875 0.2232859375 2 0.0311765625 0.35304375 2 0.25361875 0.3631546875 2 0 0 0 0 0 0 0 0 0
3 0.148296875 0.33071875 0.24603125 0.18453125 0.1482953125 0.260359375 2 0.034546875 0.391803125 2 0.2586734375 0.396015625 2 0 0 0 0 0 0 0 0 0
3 0.147453125 0.366953125 0.24603125 0.18453125 0.147453125 0.296590625 2 0.033703125 0.428034375 2 0.25783125 0.432246875 2 0 0 0 0 0 0 0 0 0
3 0.145765625 0.404859375 0.24603125 0.18453125 0.1457671875 0.33450625 2 0.0353890625 0.4718484375 2 0.2561453125 0.4701625 2 0 0 0 0 0 0 0 0 0
3 0.38253125 0.3964375 0.24603125 0.18453125 0.382534375 0.32608125 2 0.2721546875 0.463421875 2 0.4929125 0.4617375 2 0 0 0 0 0 0 0 0 0
3 0.38253125 0.35684375 0.24603125 0.18453125 0.382534375 0.2864796875 2 0.2721546875 0.4238203125 2 0.4929125 0.4221359375 2 0 0 0 0 0 0 0 0 0
3 0.383375 0.320609375 0.24603125 0.18453125 0.3833765625 0.2502484375 2 0.2729984375 0.3875890625 2 0.4937546875 0.3859046875 2 0 0 0 0 0 0 0 0 0
3 0.390109375 0.2826875 0.24603125 0.18453125 0.3901171875 0.21233125 2 0.273840625 0.3420890625 2 0.495440625 0.3522015625 2 0 0 0 0 0 0 0 0 0
3 0.394328125 0.249828125 0.24603125 0.18453125 0.3943296875 0.1794703125 2 0.278053125 0.309228125 2 0.499653125 0.319340625 2 0 0 0 0 0 0 0 0 0
3 0.396015625 0.205171875 0.24603125 0.18453125 0.396015625 0.1348140625 2 0.2797390625 0.264571875 2 0.5013390625 0.2746828125 2 0 0 0 0 0 0 0 0 0
3 0.6319375 0.19675 0.24603125 0.18453125 0.6319390625 0.1263875 2 0.5156625 0.256146875 2 0.7313640625 0.2671 2 0 0 0 0 0 0 0 0 0
3 0.63109375 0.232140625 0.24603125 0.18453125 0.631096875 0.1617765625 2 0.5148203125 0.291534375 2 0.730521875 0.3024875 2 0 0 0 0 0 0 0 0 0
3 0.625203125 0.274265625 0.24603125 0.18453125 0.6251984375 0.20390625 2 0.508921875 0.3336640625 2 0.7246234375 0.3446171875 2 0 0 0 0 0 0 0 0 0
3 0.621828125 0.313015625 0.24603125 0.18453125 0.621828125 0.2426640625 2 0.5055515625 0.3724234375 2 0.7246234375 0.37495 2 0 0 0 0 0 0 0 0 0
3 0.620140625 0.35009375 0.24603125 0.18453125 0.6201421875 0.2797390625 2 0.5055515625 0.4145515625 2 0.7229375 0.4120234375 2 0 0 0 0 0 0 0 0 0
3 0.620984375 0.39221875 0.24603125 0.18453125 0.617615625 0.3176546875 2 0.50639375 0.45668125 2 0.7229375 0.4474125 2 0 0 0 0 0 0 0 0 0
3 0.854375 0.19 0.24603125 0.18453125 0.8510109375 0.115434375 2 0.739790625 0.2544609375 2 0.956334375 0.2451921875 2 0 0 0 0 0 0 0 0 0
3 0.85521875 0.229609375 0.24603125 0.18453125 0.8518546875 0.1550359375 2 0.7406328125 0.2940625 2 0.9571765625 0.28479375 2 0 0 0 0 0 0 0 0 0
3 0.85521875 0.26415625 0.24603125 0.18453125 0.8518546875 0.18958125 2 0.7406328125 0.3286078125 2 0.9571765625 0.3193390625 2 0 0 0 0 0 0 0 0 0
3 0.8560625 0.3054375 0.24603125 0.18453125 0.852696875 0.23086875 2 0.741475 0.3698953125 2 0.95380625 0.3673671875 2 0 0 0 0 0 0 0 0 0
3 0.85521875 0.342515625 0.24603125 0.18453125 0.8518546875 0.2679421875 2 0.7406328125 0.40696875 2 0.9529640625 0.404440625 2 0 0 0 0 0 0 0 0 0
3 0.85353125 0.37875 0.24603125 0.18453125 0.85016875 0.3041734375 2 0.738946875 0.4432 2 0.951278125 0.440671875 2 0 0 0 0 0 0 0 0 0
3 0.97978125 0.2321328125 0.0404375 0.096890625 0 0 0 0.96798125 0.252775 2 0 0 0 0 0 0 0 0 0 0 0 0
3 0.97978125 0.2649921875 0.0404375 0.096890625 0 0 0 0.96798125 0.2856359375 2 0 0 0 0 0 0 0 0 0 0 0 0
3 0.97978125 0.3028984375 0.0404375 0.096890625 0 0 0 0.96798125 0.323553125 2 0 0 0 0 0 0 0 0 0 0 0 0
3 0.97978125 0.3433515625 0.0404375 0.096890625 0 0 0 0.96798125 0.363996875 2 0 0 0 0 0 0 0 0 0 0 0 0
3 0.97978125 0.3770546875 0.0404375 0.096890625 0 0 0 0.96798125 0.3977 2 0 0 0 0 0 0 0 0 0 0 0 0
3 0.97978125 0.4082265625 0.0404375 0.096890625 0 0 0 0.96798125 0.4288765625 2 0 0 0 0 0 0 0 0 0 0 0 0
