0 0.1618564815 0.5619382716 0.0251944444 0.0736296296 0.1504740741 0.5961888889 2 0.1705944444 0.5950469136 1 0.1714509259 0.5282654321 2 0.1509027778 0.5282654321 2 0 0 0 0 0 0
0 0.1592546296 0.6378641975 0.0269722222 0.0770617284 0.1489759259 0.6735308642 2 0.1671694444 0.673245679 2 0.1695240741 0.602182716 2 0.1504740741 0.6016111111 2 0 0 0 0 0 0
0 0.1557175926 0.648845679 0.0254722222 0.0739135802 0.1658851852 0.6832345679 2 0.1457648148 0.6820925926 2 0.1483342593 0.6147395062 2 0.1663138889 0.6141691358 2 0 0 0 0 0 0
0 0.1580601852 0.5727901235 0.0236759259 0.0776296296 0.1667416667 0.6090320988 2 0.1479055556 0.6081753086 2 0.1496185185 0.5388246914 2 0.1675981481 0.538254321 2 0 0 0 0 0 0
0 0.1833611111 0.5709691358 0.0265 0.0793703704 0.1906009259 0.6074506173 2 0.1715509259 0.6069135802 2 0.1735064815 0.536137037 2 0.1939277778 0.5360888889 2 0 0 0 0 0 0
0 0.1876018519 0.5607283951 0.0269074074 0.0736296296 0.1766916667 0.5950864198 2 0.1969509259 0.5942802469 2 0.1991694444 0.5270555556 2 0.1786203704 0.5270555556 2 0 0 0 0 0 0
0 0.1828703704 0.6377345679 0.0269074074 0.0776666667 0.1708453704 0.6724962963 2 0.1918111111 0.6724962963 2 0.1944314815 0.602045679 2 0.1738833333 0.602045679 2 0 0 0 0 0 0
0 0.1804351852 0.6477098765 0.0265 0.0793703704 0.1876777778 0.6841888889 2 0.1686277778 0.6836518519 2 0.1705833333 0.6128740741 2 0.1910046296 0.6128271605 2 0 0 0 0 0 0
0 0.2121851852 0.5709691358 0.0265 0.0793703704 0.2194277778 0.6074506173 2 0.2003777778 0.6069135802 2 0.2023333333 0.536137037 2 0.2227546296 0.5360888889 2 0 0 0 0 0 0
0 0.2096111111 0.6472345679 0.0237777778 0.0746666667 0.2189240741 0.6827098765 2 0.1991685185 0.6823074074 2 0.2009222222 0.6128740741 2 0.2195287037 0.6128271605 2 0 0 0 0 0 0
0 0.2126018519 0.6388209877 0.0269074074 0.0776666667 0.2005796296 0.6735716049 2 0.2215444444 0.6735716049 2 0.2241657407 0.6031209877 2 0.2036175926 0.6031209877 2 0 0 0 0 0 0
0 0.214212963 0.5614012346 0.0269074074 0.0776666667 0.2021925926 0.5961617284 2 0.2231574074 0.5961617284 2 0.2257787037 0.5257123457 2 0.2052305556 0.5257123457 2 0 0 0 0 0 0
0 0.2382916667 0.5706975309 0.0240833333 0.0769506173 0.245937037 0.6065098765 2 0.226887037 0.6059728395 2 0.2288416667 0.5351962963 2 0.249262963 0.5351481481 2 0 0 0 0 0 0
0 0.2404259259 0.561808642 0.0269074074 0.0776666667 0.2283990741 0.5965654321 2 0.2493638889 0.5965654321 2 0.2519851852 0.5261148148 2 0.231437037 0.5261148148 2 0 0 0 0 0 0
0 0.2373842593 0.6481049383 0.0240833333 0.0769506173 0.2450296296 0.6839197531 2 0.2259796296 0.683382716 2 0.2279351852 0.6126061728 2 0.2483564815 0.6125580247 2 0 0 0 0 0 0
0 0.239212963 0.6382777778 0.0269074074 0.0776666667 0.2271888889 0.6730345679 2 0.2481546296 0.6730345679 2 0.250775 0.6025839506 2 0.2302268519 0.6025839506 2 0 0 0 0 0 0
0 0.557087963 0.5651419753 0.0242685185 0.0775432099 0.5463222222 0.6005123457 2 0.5656027778 0.6001012346 2 0.5671472222 0.5295049383 2 0.5465981481 0.5295049383 2 0 0 0 0 0 0
0 0.5550972222 0.6428024691 0.0269722222 0.0770617284 0.5448259259 0.6784716049 2 0.5630203704 0.6781864198 2 0.565375 0.6071234568 2 0.5480185185 0.6058592593 2 0 0 0 0 0 0
0 0.5501805556 0.6514197531 0.0254722222 0.0790617284 0.560975 0.6868876543 2 0.5413861111 0.6860641975 2 0.5427962963 0.6147444444 2 0.5607759259 0.6141740741 2 0 0 0 0 0 0
0 0.5535972222 0.573 0.0236759259 0.0796790123 0.5612833333 0.6105888889 2 0.5438546296 0.6093555556 2 0.5451601852 0.5380074074 2 0.5631398148 0.537437037 2 0 0 0 0 0 0
0 0.5799814815 0.5742654321 0.0268148148 0.0793703704 0.5873768519 0.6107469136 2 0.5683268519 0.610208642 2 0.5693037037 0.5394320988 2 0.5908981481 0.5390209877 2 0 0 0 0 0 0
0 0.5806805556 0.5651666667 0.0256759259 0.0775432099 0.5710009259 0.6009234568 2 0.5910518519 0.6001012346 2 0.5928601852 0.5295283951 2 0.5723111111 0.5295283951 2 0 0 0 0 0 0
0 0.5802638889 0.6437098765 0.0256759259 0.0776666667 0.568687037 0.6784555556 2 0.5890472222 0.6784555556 2 0.5912074074 0.6080160494 2 0.5706592593 0.6080160494 2 0 0 0 0 0 0
0 0.5780555556 0.6518209877 0.0251111111 0.0793703704 0.5859962963 0.6883074074 2 0.5669462963 0.6877691358 2 0.5680703704 0.6153197531 2 0.5893555556 0.6155246914 2 0 0 0 0 0 0
0 0.6040277778 0.5740679012 0.0268148148 0.0810246914 0.614187963 0.6122345679 2 0.5927490741 0.6110012346 2 0.5940185185 0.5384049383 2 0.6144398148 0.5383567901 2 0 0 0 0 0 0
0 0.6026851852 0.6536234568 0.0237777778 0.0787777778 0.6124916667 0.6895604938 2 0.5927490741 0.6885320988 2 0.5939962963 0.6171987654 2 0.6126027778 0.6171506173 2 0 0 0 0 0 0
0 0.6041342593 0.6431419753 0.026287037 0.0821851852 0.5925944444 0.6798950617 2 0.6152675926 0.6809234568 2 0.6160055556 0.605182716 2 0.5954574074 0.605182716 2 0 0 0 0 0 0
0 0.6076018519 0.563882716 0.0269074074 0.0776666667 0.5958333333 0.5998950617 2 0.6177361111 0.6003061728 2 0.6191611111 0.5281851852 2 0.598612963 0.5281851852 2 0 0 0 0 0 0
0 0.6299768519 0.5729691358 0.0240833333 0.0769506173 0.6376231481 0.6087777778 2 0.6185722222 0.6082407407 2 0.6205277778 0.5374641975 2 0.6409490741 0.5374160494 2 0 0 0 0 0 0
0 0.6348796296 0.564691358 0.0269074074 0.079308642 0.6228259259 0.6011296296 2 0.6439564815 0.6005123457 2 0.6464472222 0.5281765432 2 0.6258990741 0.5281765432 2 0 0 0 0 0 0
0 0.630125 0.6541111111 0.0240833333 0.0796790123 0.6377685185 0.6912765432 2 0.6187185185 0.6907382716 2 0.620475 0.6173728395 2 0.641 0.6177123457 2 0 0 0 0 0 0
0 0.633212963 0.6473271605 0.0269074074 0.0776666667 0.6211888889 0.6820888889 2 0.6421537037 0.6820888889 2 0.644775 0.6116382716 2 0.6242268519 0.6116382716 2 0 0 0 0 0 0
0 0.2793101852 0.559037037 0.0236759259 0.0776296296 0.2879944444 0.595282716 2 0.2691583333 0.5944271605 2 0.2708703704 0.5250753086 2 0.28885 0.5245049383 2 0 0 0 0 0 0
0 0.2819768519 0.5693765432 0.024712963 0.0785555556 0.272012963 0.6073876543 2 0.2913314815 0.6072283951 2 0.2918138889 0.5332432099 2 0.2712657407 0.5332432099 2 0 0 0 0 0 0
0 0.2773194444 0.6373271605 0.0236759259 0.0796666667 0.2862277778 0.6737419753 2 0.2679842593 0.6737419753 2 0.2688777778 0.6023432099 2 0.2868574074 0.6017728395 2 0 0 0 0 0 0
0 0.2807453704 0.6454197531 0.0253240741 0.0810123457 0.2704796296 0.6822024691 2 0.2897981481 0.6820432099 2 0.2902138889 0.6093518519 2 0.2713564815 0.6099654321 2 0 0 0 0 0 0
0 0.3062916667 0.559654321 0.0236759259 0.0776296296 0.3139768519 0.5954518519 2 0.2961407407 0.5950395062 2 0.2978527778 0.5256888889 2 0.3139768519 0.5255432099 2 0 0 0 0 0 0
0 0.3056805556 0.6367098765 0.0236759259 0.0817160494 0.3129037037 0.6723111111 2 0.297112963 0.6723111111 2 0.2972398148 0.600708642 2 0.3133638889 0.600562963 2 0 0 0 0 0 0
0 0.3088009259 0.6462469136 0.0253240741 0.0810123457 0.2985351852 0.6830197531 2 0.3178537037 0.6828604938 1 0.3182694444 0.6101703704 1 0.299412037 0.610782716 2 0 0 0 0 0 0
0 0.310337963 0.5683580247 0.0253240741 0.0810123457 0.3000685185 0.6051395062 2 0.319387037 0.6049802469 1 0.3198027778 0.5322888889 1 0.3009453704 0.5329024691 2 0 0 0 0 0 0
0 0.3257638889 0.5580123457 0.0236759259 0.0776296296 0.3334472222 0.593817284 2 0.3156111111 0.5934049383 2 0.3173231481 0.5240530864 2 0.3334472222 0.5239074074 2 0 0 0 0 0 0
0 0.3291990741 0.5691604938 0.0253240741 0.0810123457 0.3189333333 0.6059345679 2 0.3382518519 0.6057753086 2 0.3386675926 0.5330839506 2 0.3198111111 0.5336975309 2 0 0 0 0 0 0
0 0.3251712963 0.6368950617 0.0236759259 0.0802098765 0.3346509259 0.6739777778 2 0.3155537037 0.6739777778 2 0.3167268519 0.601637037 2 0.3345018519 0.6011691358 2 0 0 0 0 0 0
0 0.3295046296 0.6461481481 0.0253240741 0.0810123457 0.3192842593 0.6835259259 2 0.3383814815 0.6833271605 2 0.3389657407 0.6100703704 2 0.3201092593 0.6106839506 2 0 0 0 0 0 0
0 0.3505324074 0.5583148148 0.0236759259 0.0798148148 0.360612037 0.5952012346 2 0.3410666667 0.5954 2 0.3420898148 0.5232580247 2 0.3600148148 0.5229888889 2 0 0 0 0 0 0
0 0.3539583333 0.567462963 0.0236759259 0.0798148148 0.3438842593 0.6043518519 2 0.3634296296 0.6045506173 2 0.3624064815 0.532408642 2 0.3444814815 0.5321395062 2 0 0 0 0 0 0
0 0.3503842593 0.6364876543 0.0236759259 0.0798148148 0.360462963 0.6733802469 2 0.3409175926 0.6735790123 2 0.3419407407 0.601437037 2 0.3598657407 0.6011691358 2 0 0 0 0 0 0
0 0.3539583333 0.6467345679 0.0236759259 0.0828024691 0.3438842593 0.685117284 2 0.3634296296 0.6853160494 2 0.3627 0.6099209877 2 0.3436027778 0.6101209877 2 0 0 0 0 0 0
0 0.3746990741 0.5583148148 0.0236759259 0.0798148148 0.3847814815 0.5952012346 2 0.365237037 0.5954 2 0.3662601852 0.5232580247 2 0.3841851852 0.5229888889 2 0 0 0 0 0 0
0 0.3753287037 0.6375555556 0.0236759259 0.0785925926 0.3854138889 0.6738358025 2 0.3658685185 0.6740345679 2 0.3668916667 0.6018925926 2 0.3848166667 0.6016234568 2 0 0 0 0 0 0
0 0.3793287037 0.6475987654 0.0236759259 0.0818888889 0.3692481481 0.6855160494 2 0.3887935185 0.6857148148 2 0.3880638889 0.6103197531 2 0.3689666667 0.6105185185 2 0 0 0 0 0 0
0 0.3788657407 0.5682777778 0.0236759259 0.0818888889 0.3687916667 0.6061975309 2 0.3883361111 0.6063975309 2 0.3876074074 0.5310024691 2 0.3685101852 0.5312012346 2 0 0 0 0 0 0
0 0.4073518519 0.5583950617 0.0276111111 0.0822962963 0.4171638889 0.5958234568 2 0.3966333333 0.5959691358 2 0.3969462963 0.5220925926 2 0.4170546296 0.5214185185 2 0 0 0 0 0 0
0 0.4111435185 0.5688580247 0.0248796296 0.0818888889 0.4005648148 0.6060160494 2 0.4207675926 0.6055790123 2 0.4204777778 0.5315851852 2 0.4013805556 0.5317839506 2 0 0 0 0 0 0
0 0.4081203704 0.6381851852 0.0276111111 0.0822962963 0.4179277778 0.6756160494 2 0.3973972222 0.6757617284 2 0.3977111111 0.6018851852 2 0.4178185185 0.6012111111 2 0 0 0 0 0 0
0 0.4103194444 0.6476358025 0.0236759259 0.0818888889 0.4003462963 0.6847888889 2 0.4205490741 0.6843518519 2 0.4202592593 0.6103580247 2 0.401162037 0.6105567901 2 0 0 0 0 0 0
0 0.4346574074 0.5604320988 0.0276111111 0.0822962963 0.4444648148 0.5978617284 2 0.4239342593 0.5980074074 2 0.4242481481 0.5241320988 2 0.4443555556 0.5234567901 2 0 0 0 0 0 0
0 0.4346574074 0.6397777778 0.0276111111 0.0822962963 0.4444648148 0.677217284 2 0.4239342593 0.677362963 2 0.4242481481 0.6034876543 2 0.4443555556 0.6028123457 2 0 0 0 0 0 0
0 0.4370787037 0.6508333333 0.0236759259 0.0818888889 0.4271009259 0.6879925926 2 0.4473046296 0.6875555556 2 0.4470148148 0.6135617284 2 0.4279175926 0.6137604938 2 0 0 0 0 0 0
0 0.4369675926 0.5706111111 0.0236759259 0.0818888889 0.4269916667 0.607762963 2 0.4471953704 0.6073259259 1 0.4469055556 0.5333320988 1 0.4278083333 0.5335308642 2 0 0 0 0 0 0
0 0.458787037 0.5595555556 0.0276111111 0.0822962963 0.4685990741 0.5969876543 2 0.4480685185 0.5971333333 2 0.4483824074 0.5232580247 2 0.4684898148 0.522582716 2 0 0 0 0 0 0
0 0.4590092593 0.6399259259 0.0276111111 0.0822962963 0.4688175926 0.677362963 2 0.448287037 0.677508642 2 0.4486009259 0.6036333333 2 0.4687083333 0.6029580247 2 0 0 0 0 0 0
0 0.4623009259 0.6504012346 0.0236759259 0.0818888889 0.4523277778 0.6875555556 2 0.4725305556 0.6871185185 2 0.4722416667 0.6131246914 2 0.4531444444 0.6133234568 2 0 0 0 0 0 0
0 0.4618657407 0.5703148148 0.0236759259 0.0818888889 0.4518907407 0.6074716049 2 0.4720935185 0.6070345679 2 0.4718046296 0.5330407407 2 0.4527074074 0.5332395062 2 0 0 0 0 0 0
0 0.4941388889 0.4212283951 0.0298888889 0.1068518519 0.5051416667 0.4703617284 2 0.4831972222 0.4700851852 2 0.482587963 0.372654321 2 0.5074194444 0.3720938272 2 0 0 0 0 0 0
0 0.4873888889 0.6412345679 0.0276111111 0.0822962963 0.4971962963 0.6786666667 2 0.4766657407 0.6788123457 2 0.4769796296 0.604937037 2 0.497087037 0.6042617284 2 0 0 0 0 0 0
0 0.4888657407 0.5714259259 0.0236759259 0.0818888889 0.4788925926 0.6085864198 2 0.4990953704 0.6081493827 2 0.4988064815 0.5341555556 2 0.4797092593 0.534354321 2 0 0 0 0 0 0
0 0.4888657407 0.6502037037 0.0236759259 0.0818888889 0.4788925926 0.6873617284 2 0.4990953704 0.6869246914 2 0.4988064815 0.6129308642 2 0.4797092593 0.6131296296 2 0 0 0 0 0 0
0 0.5146759259 0.6418148148 0.0276111111 0.0822962963 0.524487037 0.6792481481 2 0.5039564815 0.6793925926 2 0.5042703704 0.605517284 2 0.5243777778 0.6048432099 2 0 0 0 0 0 0
0 0.5171712963 0.6515617284 0.0236759259 0.0818888889 0.5072 0.688717284 2 0.5274027778 0.6882802469 2 0.527112963 0.6142851852 2 0.5080157407 0.6144851852 2 0 0 0 0 0 0
0 0.5132222222 0.5603333333 0.0276111111 0.0822962963 0.5241861111 0.5980740741 2 0.503137963 0.5988493827 2 0.5028185185 0.5240320988 2 0.5229259259 0.5233567901 2 0 0 0 0 0 0
0 0.5165972222 0.570845679 0.0236759259 0.0818888889 0.5066194444 0.6080061728 2 0.5268222222 0.6075691358 2 0.5265324074 0.5335740741 2 0.5074351852 0.5337740741 2 0 0 0 0 0 0
0 0.6587175926 0.5751851852 0.0240833333 0.0810617284 0.6684472222 0.6127024691 2 0.6482212963 0.6118802469 2 0.6492638889 0.5376283951 2 0.6696851852 0.5375802469 2 0 0 0 0 0 0
0 0.6576712963 0.6555185185 0.0266759259 0.0815555556 0.6672138889 0.6939358025 2 0.6471111111 0.6924555556 2 0.6474814815 0.6178 2 0.668575 0.6181555556 2 0 0 0 0 0 0
0 0.6611388889 0.6461851852 0.0267777778 0.0832592593 0.6506648148 0.6837333333 2 0.6716296296 0.6837333333 2 0.6730111111 0.6080987654 2 0.6514277778 0.6062888889 2 0 0 0 0 0 0
0 0.6618888889 0.5643580247 0.0269074074 0.079308642 0.6504416667 0.6015209877 2 0.6726407407 0.6018493827 2 0.6734564815 0.5278481481 2 0.6529083333 0.5278481481 2 0 0 0 0 0 0
0 0.6953703704 0.5627716049 0.033 0.0851975309 0.7090444444 0.6019888889 2 0.6826685185 0.6009555556 2 0.6814574074 0.5231469136 2 0.7072990741 0.5231209877 2 0 0 0 0 0 0
0 0.6969166667 0.6470802469 0.033 0.0857160494 0.7105962963 0.6865469136 2 0.6842203704 0.6855123457 2 0.682087037 0.6074197531 2 0.70885 0.6076777778 2 0 0 0 0 0 0
0 0.6984768519 0.5700308642 0.0351203704 0.0912716049 0.6890648148 0.6115876543 2 0.7133111111 0.6128506173 2 0.7107898148 0.5344987654 2 0.6851898148 0.5339814815 2 0 0 0 0 0 0
0 0.7019722222 0.6572962963 0.0331851852 0.0894567901 0.6898444444 0.6979246914 2 0.7156537037 0.6979555556 2 0.7142805556 0.6167283951 2 0.6873231481 0.6164703704 2 0 0 0 0 0 0
0 0.7281481481 0.5627716049 0.033 0.0851975309 0.7418277778 0.6019888889 2 0.7154518519 0.6009555556 2 0.7142407407 0.5231469136 2 0.7400824074 0.5231209877 2 0 0 0 0 0 0
0 0.7315185185 0.649345679 0.033 0.0852098765 0.7451972222 0.6885481481 2 0.7188212963 0.6875135802 2 0.7176101852 0.6097049383 2 0.7434509259 0.6096790123 2 0 0 0 0 0 0
0 0.7363055556 0.6609259259 0.0331851852 0.0894567901 0.7241824074 0.7015530864 2 0.7499925926 0.701582716 2 0.7486185185 0.6203567901 2 0.7216611111 0.6200987654 2 0 0 0 0 0 0
0 0.7320925926 0.5748024691 0.0322777778 0.0872098765 0.7200648148 0.6161 2 0.7459805556 0.614891358 2 0.7448611111 0.535354321 2 0.7179037037 0.5350950617 2 0 0 0 0 0 0
0 0.762037037 0.5634506173 0.0342592593 0.0851975309 0.777325 0.6024802469 2 0.7487138889 0.6016246914 2 0.7475027778 0.5238160494 2 0.7733444444 0.5237901235 2 0 0 0 0 0 0
0 0.7669953704 0.6496358025 0.0356388889 0.0875432099 0.7829731481 0.6898395062 2 0.754362037 0.6889839506 2 0.7508407407 0.6098444444 2 0.7782037037 0.610345679 2 0 0 0 0 0 0
0 0.7700046296 0.6614259259 0.0368240741 0.0897901235 0.7597037037 0.7022222222 2 0.7855138889 0.7022530864 2 0.7830990741 0.620554321 2 0.7539787037 0.6198851852 2 0 0 0 0 0 0
0 0.7649861111 0.5759074074 0.0368240741 0.0897901235 0.7546833333 0.6167037037 2 0.7804925926 0.6167333333 2 0.7780777778 0.5350358025 2 0.7503388889 0.5355382716 2 0 0 0 0 0 0
0 0.7959351852 0.5621049383 0.0342592593 0.0851975309 0.8112148148 0.6011419753 2 0.7826037037 0.6002851852 2 0.7813925926 0.5224777778 2 0.8072333333 0.5224506173 2 0 0 0 0 0 0
0 0.8014537037 0.6498888889 0.0337592593 0.0863703704 0.8162351852 0.6896728395 2 0.7889981481 0.6896728395 2 0.7866638889 0.6096703704 2 0.8125055556 0.6096432099 2 0 0 0 0 0 0
0 0.804712963 0.6612530864 0.0359444444 0.0897901235 0.792512963 0.7018888889 2 0.8206583333 0.7020851852 2 0.8171138889 0.6198851852 2 0.7891240741 0.619717284 2 0 0 0 0 0 0
0 0.8003240741 0.5750679012 0.0359444444 0.0897901235 0.7881194444 0.6157012346 2 0.8162648148 0.6158975309 2 0.8127212963 0.5336975309 2 0.7847305556 0.5335296296 2 0 0 0 0 0 0
0 0.138962963 0.4327962963 0.0338518519 0.1005555556 0.1480138889 0.4759851852 2 0.1259740741 0.4772765432 2 0.1254342593 0.3873753086 2 0.1455916667 0.3849209877 2 0 0 0 0 0 0
0 0.496 0.424537037 0.0298888889 0.1068518519 0.4846296296 0.475308642 2 0.5078703704 0.4741975309 2 0.5075444444 0.3759666667 2 0.4840740741 0.3756790123 2 0 0 0 0 0 0
0 0.5270185185 0.4191049383 0.0298888889 0.1068518519 0.5398768519 0.4683839506 2 0.5165638889 0.4683839506 2 0.5144787037 0.3710432099 2 0.540612963 0.3690790123 2 0 0 0 0 0 0
0 0.5310277778 0.4245432099 0.0302592593 0.1081728395 0.5182824074 0.4759098765 2 0.5449074074 0.4747641975 2 0.5423916667 0.3753123457 2 0.5189203704 0.3750246914 2 0 0 0 0 0 0
0 0.5611296296 0.4184567901 0.0298888889 0.1081728395 0.5738648148 0.4685481481 2 0.5509203704 0.4688753086 2 0.5485888889 0.3697345679 2 0.5747240741 0.3677703704 2 0 0 0 0 0 0
0 0.5655092593 0.4245432099 0.0302592593 0.1081728395 0.5527601852 0.4759098765 2 0.5793861111 0.4747641975 2 0.5774231481 0.3754604938 2 0.5516564815 0.3749691358 2 0 0 0 0 0 0
0 0.5949305556 0.4145987654 0.0336944444 0.1112716049 0.6094472222 0.4654395062 2 0.5829444444 0.4659308642 2 0.5804907407 0.3643358025 2 0.606625 0.3623716049 2 0 0 0 0 0 0
0 0.601337963 0.4255308642 0.0309907407 0.1098024691 0.5878527778 0.4760740741 2 0.6144787037 0.4749283951 2 0.6125148148 0.3756234568 2 0.5867481481 0.3751333333 2 0 0 0 0 0 0
0 0.6297824074 0.4180432099 0.0336944444 0.1112716049 0.6442944444 0.4688753086 2 0.6177907407 0.4693654321 2 0.615337037 0.3677703704 2 0.6414722222 0.3658074074 2 0 0 0 0 0 0
0 0.6356898148 0.4245432099 0.0309907407 0.1098024691 0.6222083333 0.475091358 2 0.6488342593 0.4739469136 2 0.6468712963 0.3746419753 2 0.6211037037 0.3741506173 2 0 0 0 0 0 0
0 0.6661990741 0.4023518519 0.0369537037 0.1166049383 0.681762037 0.4555938272 2 0.6530407407 0.4561864198 2 0.6501287037 0.3494123457 2 0.6788009259 0.3466308642 2 0 0 0 0 0 0
0 0.6707824074 0.4109259259 0.0348425926 0.1180987654 0.6568898148 0.4672407407 2 0.6854638889 0.4646740741 2 0.6828462963 0.3568765432 2 0.6548175926 0.3572901235 2 0 0 0 0 0 0
0 0.7038009259 0.4009691358 0.0369537037 0.1166049383 0.7198111111 0.4555938272 2 0.6913851852 0.455791358 2 0.6877324074 0.3480308642 2 0.7164055556 0.3452481481 2 0 0 0 0 0 0
0 0.7083842593 0.4113209877 0.0363240741 0.1180987654 0.6939018519 0.4678320988 2 0.7238083333 0.4650691358 2 0.7211907407 0.3572703704 2 0.693162037 0.3576851852 2 0 0 0 0 0 0
0 0.7400787037 0.4072777778 0.0369537037 0.1166049383 0.7560824074 0.4619098765 2 0.7276574074 0.4621074074 2 0.7240046296 0.3543481481 2 0.7526777778 0.3515654321 2 0 0 0 0 0 0
0 0.7451712963 0.4154691358 0.0376574074 0.1180987654 0.7309148148 0.4703987654 2 0.7620046296 0.4686222222 2 0.7573148148 0.3614160494 2 0.7292861111 0.3618296296 2 0 0 0 0 0 0
0 0.7801203704 0.4043271605 0.0403518519 0.1166049383 0.7978324074 0.4587518519 2 0.7676305556 0.4589493827 2 0.7623490741 0.3513864198 2 0.7910222222 0.3486049383 2 0 0 0 0 0 0
0 0.7846990741 0.4140864198 0.0376574074 0.1180987654 0.7704435185 0.469017284 2 0.8015333333 0.4672407407 2 0.7968435185 0.3600345679 2 0.7688148148 0.3604481481 2 0 0 0 0 0 0
0 0.8178703704 0.4066851852 0.0403518519 0.1166049383 0.8355842593 0.4611209877 2 0.8053824074 0.4613185185 2 0.8001018519 0.3537555556 2 0.8287740741 0.3509728395 2 0 0 0 0 0 0
0 0.8231990741 0.4146790123 0.0376574074 0.1180987654 0.8089361111 0.4696098765 2 0.8400259259 0.4678320988 2 0.8353361111 0.3606271605 2 0.8073074074 0.3610407407 2 0 0 0 0 0 0
0 0.7599027778 0.2761049383 0.0395833333 0.1275679012 0.7486796296 0.3375506173 2 0.7769574074 0.3322209877 2 0.7710833333 0.2173160494 2 0.7430546296 0.2177296296 2 0 0 0 0 0 0
0 0.7577685185 0.2703888889 0.0403518519 0.1250987654 0.7742925926 0.3262987654 2 0.7449787037 0.3276802469 2 0.7399935185 0.213208642 2 0.7664462963 0.2094395062 2 0 0 0 0 0 0
0 0.7265231481 0.2745246914 0.0367685185 0.1275679012 0.7138888889 0.3359716049 2 0.7423138889 0.3318259259 2 0.7362925926 0.215737037 2 0.7110759259 0.2175320988 2 0 0 0 0 0 0
0 0.7229722222 0.2680185185 0.0403518519 0.1250987654 0.7395009259 0.3239296296 2 0.710187963 0.3253111111 1 0.7052027778 0.2108395062 1 0.7316546296 0.2070703704 2 0 0 0 0 0 0
0 0.6884074074 0.2547962963 0.0372407407 0.1250987654 0.7039694444 0.3156382716 2 0.6776166667 0.3168234568 1 0.672187963 0.1976135802 1 0.6986398148 0.1938444444 2 0 0 0 0 0 0
0 0.6932824074 0.2599197531 0.0395833333 0.1307283951 0.681762037 0.3223506173 2 0.7095953704 0.3207716049 2 0.704462037 0.1995506173 2 0.6764324074 0.1999641975 2 0 0 0 0 0 0
0 0.6581990741 0.2761049383 0.03425 0.1275679012 0.6462305556 0.3375506173 2 0.6730277778 0.3336024691 2 0.6686342593 0.2173160494 2 0.6434175926 0.2191111111 2 0 0 0 0 0 0
0 0.6542824074 0.2703888889 0.0344351852 0.1250987654 0.6694740741 0.3266938272 2 0.6417888889 0.3288641975 2 0.6394694444 0.213208642 2 0.6659212963 0.2094395062 2 0 0 0 0 0 0
0 0.6577546296 0.2763024691 0.03425 0.1275679012 0.6463787037 0.3377469136 2 0.6728796296 0.3332074074 2 0.6687824074 0.2175135802 2 0.6435657407 0.219308642 2 0 0 0 0 0 0
0 0.6249583333 0.2797469136 0.0320277778 0.1234197531 0.6121796296 0.338537037 2 0.6388287037 0.3357728395 2 0.6356194444 0.2216592593 2 0.6104027778 0.223454321 2 0 0 0 0 0 0
0 0.6209675926 0.2743395062 0.0317685185 0.1250987654 0.6351268519 0.3288641975 2 0.6093666667 0.3304432099 2 0.6074907407 0.2171567901 2 0.6323138889 0.2131901235 2 0 0 0 0 0 0
0 0.5815787037 0.2835987654 0.0314351852 0.1204567901 0.5677648148 0.3409061728 2 0.5929333333 0.340708642 2 0.5941657407 0.2269888889 2 0.5704296296 0.228191358 2 0 0 0 0 0 0
0 0.5501898148 0.2847839506 0.0314351852 0.1204567901 0.5363787037 0.3420901235 2 0.560362963 0.3414975309 2 0.5627796296 0.2281728395 2 0.5390435185 0.2293765432 2 0 0 0 0 0 0
0 0.5769305556 0.2905246914 0.0310277778 0.1223333333 0.5890842593 0.3464333333 2 0.564212037 0.3464333333 2 0.5654453704 0.2347246914 2 0.5898240741 0.2319419753 2 0 0 0 0 0 0
0 0.5449490741 0.2915123457 0.0310277778 0.1207530864 0.5571055556 0.3482098765 2 0.5322333333 0.3482098765 2 0.5334666667 0.2365012346 2 0.5578462963 0.2337185185 2 0 0 0 0 0 0
0 0.5185138889 0.2879444444 0.0305462963 0.1192716049 0.5042527778 0.3450506173 2 0.5283842593 0.3430765432 2 0.5315416667 0.2319234568 2 0.5078055556 0.2331271605 2 0 0 0 0 0 0
0 0.5145972222 0.2958580247 0.0310277778 0.1207530864 0.525275 0.3523555556 2 0.5018833333 0.3525518519 2 0.5031166667 0.2408444444 2 0.5276444444 0.2394432099 2 0 0 0 0 0 0
0 0.4887546296 0.2911111111 0.0317314815 0.117308642 0.4747907407 0.3474197531 2 0.4974425926 0.3462358025 2 0.5023759259 0.2360691358 2 0.4786398148 0.2372716049 2 0 0 0 0 0 0
0 0.484837963 0.2976234568 0.0313240741 0.1168024691 0.4943333333 0.3521580247 2 0.4709416667 0.352354321 2 0.4749388889 0.2429962963 2 0.497737963 0.2416148148 2 0 0 0 0 0 0
0 0.4593657407 0.2928765432 0.0303981481 0.1180987654 0.4450333333 0.347617284 2 0.467387963 0.3464333333 2 0.4736546296 0.2374506173 2 0.4499185185 0.238654321 2 0 0 0 0 0 0
0 0.4565601852 0.2998950617 0.0313240741 0.1150246914 0.4659074074 0.3547234568 2 0.4422203704 0.3539345679 2 0.446662037 0.2461555556 2 0.4694611111 0.2447728395 2 0 0 0 0 0 0
0 0.3870509259 0.2463024691 0.0548611111 0.0390246914 0.3622740741 0.2595777778 2 0.3639027778 0.2307580247 2 0.4109824074 0.2305604938 2 0.4103898148 0.2609592593 2 0 0 0 0 0 0
0 0.3371666667 0.2480864198 0.0489444444 0.0335061728 0.3134185185 0.2625395062 2 0.3150462963 0.2337185185 2 0.36035 0.2335209877 2 0.36035 0.2625382716 2 0 0 0 0 0 0
0 0.4025972222 0.2557839506 0.0548611111 0.0390246914 0.4273787037 0.242508642 2 0.42575 0.2713283951 2 0.3786703704 0.2715259259 1 0.379262963 0.2411259259 2 0 0 0 0 0 0
0 0.3465601852 0.251345679 0.0520462963 0.0325185185 0.3708240741 0.2363888889 2 0.3691953704 0.265208642 2 0.3221166667 0.2654061728 2 0.3227453704 0.236482716 2 0 0 0 0 0 0
0 0.3383518519 0.2848024691 0.0489444444 0.0335061728 0.3146027778 0.2992555556 2 0.3162314815 0.2704345679 2 0.3615342593 0.270237037 2 0.3615342593 0.299254321 2 0 0 0 0 0 0
0 0.3877175926 0.2828271605 0.0523425926 0.0335061728 0.3622740741 0.2972814815 2 0.3639027778 0.2684604938 2 0.4109824074 0.2686580247 2 0.4111305556 0.2970839506 2 0 0 0 0 0 0
0 0.3455231481 0.2875679012 0.0514537037 0.0335061728 0.3705287037 0.2731049383 2 0.3689 0.3019246914 2 0.3221527778 0.3012283951 2 0.323337037 0.2728037037 2 0 0 0 0 0 0
0 0.4008935185 0.2913209877 0.0514537037 0.0335061728 0.4258981481 0.2768555556 2 0.4242694444 0.3056753086 2 0.3775231481 0.3049790123 1 0.3787074074 0.276554321 2 0 0 0 0 0 0
0 0.3857916667 0.3197407407 0.0523425926 0.0335061728 0.36035 0.3341938272 2 0.3619777778 0.3053740741 2 0.4090574074 0.3055716049 2 0.4092055556 0.3339975309 2 0 0 0 0 0 0
0 0.3465601852 0.3296049383 0.0523425926 0.0335061728 0.3211166667 0.3440641975 2 0.3227453704 0.3152444444 2 0.369825 0.3154419753 1 0.3699722222 0.3438666667 1 0 0 0 0 0 0
0 0.2662546296 0.2652777778 0.0472314815 0.0270246914 0.243475 0.2760271605 2 0.2439509259 0.2538185185 2 0.28725 0.253445679 2 0.2873537037 0.2775493827 2 0 0 0 0 0 0
0 0.2205694444 0.2652160494 0.0472314815 0.0289259259 0.1976925926 0.2762814815 2 0.1982638889 0.2528024691 2 0.241562963 0.2524308642 2 0.2414759259 0.2766617284 2 0 0 0 0 0 0
0 0.2724398148 0.2675679012 0.0485648148 0.0265185185 0.2505185185 0.2557222222 2 0.2502333333 0.2799617284 2 0.2931601852 0.2803419753 2 0.2956342593 0.2558481481 2 0 0 0 0 0 0
0 0.2249861111 0.2661604938 0.0475092593 0.0265185185 0.203212963 0.2543259259 2 0.202737037 0.2770419753 2 0.2467111111 0.2770419753 2 0.247187037 0.2553407407 2 0 0 0 0 0 0
0 0.218375 0.292882716 0.0472314815 0.0289259259 0.1955037037 0.3039469136 2 0.196075 0.2804691358 2 0.2393731481 0.2800975309 2 0.239287037 0.3043283951 2 0 0 0 0 0 0
0 0.2652037037 0.2941419753 0.0476111111 0.0307037037 0.2421425926 0.3043283951 2 0.2427138889 0.2808493827 2 0.2868777778 0.2821185185 2 0.2871638889 0.3072469136 2 0 0 0 0 0 0
0 0.2732037037 0.2980864198 0.0476111111 0.0281728395 0.2508990741 0.2865604938 2 0.2507092593 0.3089740741 2 0.2940166667 0.3109271605 2 0.2961101852 0.2863074074 2 0 0 0 0 0 0
0 0.225037037 0.2941481481 0.0476111111 0.0281728395 0.2030222222 0.2833876543 2 0.2026416667 0.3066123457 2 0.2458546296 0.3069925926 2 0.2477583333 0.2840222222 2 0 0 0 0 0 0
0 0.2708703704 0.3291790123 0.0517037037 0.0307037037 0.2477583333 0.3361814815 1 0.2481388889 0.3161308642 1 0.294587963 0.317145679 2 0.2948731481 0.3422740741 2 0 0 0 0 0 0
0 0.2297962963 0.3268888889 0.0476111111 0.0281728395 0.2077814815 0.3161308642 2 0.2074009259 0.339354321 2 0.2506138889 0.3397358025 2 0.2525175926 0.3167654321 2 0 0 0 0 0 0
0 0.2175231481 0.3219444444 0.0472314815 0.0289259259 0.1946472222 0.3330098765 2 0.1952175926 0.3095308642 2 0.2385166667 0.3091592593 2 0.2384305556 0.3333901235 2 0 0 0 0 0 0
0 0.3717037037 0.4321481481 0.0278703704 0.099308642 0.3819185185 0.4786012346 2 0.359087963 0.4783271605 2 0.3591537037 0.3875419753 2 0.3825287037 0.3856444444 2 0 0 0 0 0 0
0 0.3759722222 0.4419135802 0.0278703704 0.099308642 0.3657564815 0.4883567901 2 0.3885861111 0.488082716 2 0.3885203704 0.3972987654 2 0.3654546296 0.3959432099 2 0 0 0 0 0 0
0 0.3440648148 0.4397407407 0.0278703704 0.099308642 0.3338444444 0.4861888889 2 0.356675 0.4859148148 2 0.3566092593 0.3951296296 2 0.3335435185 0.3937753086 2 0 0 0 0 0 0
0 0.341212963 0.4313333333 0.0278703704 0.099308642 0.3496009259 0.477245679 2 0.3286 0.4775135802 2 0.3286657407 0.3867283951 2 0.3520398148 0.3848320988 2 0 0 0 0 0 0
0 0.3440648148 0.4397407407 0.0278703704 0.099308642 0.3338444444 0.4861888889 2 0.356675 0.4859148148 2 0.3566092593 0.3951296296 2 0.3335435185 0.3937753086 2 0 0 0 0 0 0
0 0.311537037 0.4394691358 0.0278703704 0.099308642 0.3013240741 0.4859185185 2 0.3241537037 0.4856444444 2 0.3240888889 0.3948592593 2 0.3010222222 0.3935037037 2 0 0 0 0 0 0
0 0.3088981481 0.4310617284 0.0278703704 0.099308642 0.3172833333 0.4769740741 2 0.2962824074 0.4772432099 2 0.2963472222 0.3864580247 2 0.3197222222 0.3845604938 2 0 0 0 0 0 0
0 0.2815185185 0.4401975309 0.0272222222 0.099308642 0.2698694444 0.4870493827 2 0.2925259259 0.4863691358 2 0.2938037037 0.3955938272 2 0.2716361111 0.394737037 2 0 0 0 0 0 0
0 0.2778981481 0.4308518519 0.0278703704 0.099308642 0.2862805556 0.4767604938 2 0.2652796296 0.4770283951 2 0.2653444444 0.3862432099 2 0.2887194444 0.3843469136 2 0 0 0 0 0 0
0 0.253087963 0.4395555556 0.0256203704 0.099308642 0.2414361111 0.4864074074 2 0.2632898148 0.4857271605 2 0.2645685185 0.3949518519 2 0.2441675926 0.3949518519 2 0 0 0 0 0 0
0 0.2525185185 0.4327777778 0.0278703704 0.099308642 0.2609 0.4786876543 2 0.2398990741 0.4789567901 2 0.2412759259 0.3895962963 2 0.2621583333 0.388954321 2 0 0 0 0 0 0
0 0.1491527778 0.4382716049 0.0256203704 0.099308642 0.1375046296 0.4851222222 2 0.1582268519 0.4844790123 2 0.1606361111 0.3936666667 2 0.1402351852 0.3936666667 2 0 0 0 0 0 0
0 0.174462963 0.4322654321 0.0274259259 0.0977654321 0.1860166667 0.4767691358 2 0.1633675926 0.4782679012 2 0.1641472222 0.3882320988 2 0.1843046296 0.3857777778 2 0 0 0 0 0 0
0 0.1808009259 0.4384814815 0.0256203704 0.099308642 0.16915 0.4853358025 2 0.1898722222 0.4846938272 2 0.1911574074 0.3938802469 1 0.1718805556 0.3938802469 2 0 0 0 0 0 0
0 0.2001666667 0.4272345679 0.0274259259 0.1001234568 0.2104333333 0.4733419753 2 0.1882657407 0.4731271605 2 0.1898490741 0.3820209877 2 0.2100064815 0.3795666667 2 0 0 0 0 0 0
0 0.2070694444 0.4378271605 0.028712963 0.1020493827 0.1961611111 0.4849074074 2 0.2183287037 0.4846938272 2 0.2184657407 0.3895962963 2 0.1974222222 0.3900246914 2 0 0 0 0 0 0
