3 0.1529086538 0.2116826923 0.2390384615 0.1696153846 0.15625 0.1415600962 2 0.0360576923 0.2724350962 2 0.2604158654 0.2951394231 2 0 0 0 0 0 0 0 0 0
3 0.1502403846 0.2510817308 0.2417307692 0.1629326923 0.1522427885 0.1829591346 2 0.0360576923 0.3138365385 2 0.2590817308 0.3298605769 2 0 0 0 0 0 0 0 0 0
3 0.1482451923 0.2891346154 0.2350480769 0.1669230769 0.1455673077 0.2243581731 2 0.0333870192 0.3525649038 2 0.2627956731 0.3702115385 2 0 0 0 0 0 0 0 0 0
3 0.1475600962 0.3278605769 0.2363701923 0.1615865385 0.1442307692 0.2617524038 2 0.0320504808 0.3899567308 2 0.2524038462 0.3926274038 2 0 0 0 0 0 0 0 0 0
3 0.1515745192 0.3645793269 0.2363701923 0.1602644231 0.1482379808 0.2964735577 2 0.0360576923 0.4313557692 2 0.2564110577 0.4300216346 2 0 0 0 0 0 0 0 0 0
3 0.1462259615 0.4013100962 0.2390384615 0.1642548077 0.1455673077 0.3338677885 2 0.0373942308 0.4714206731 2 0.2577451923 0.4714206731 2 0 0 0 0 0 0 0 0 0
3 0.390625 0.205 0.2390384615 0.1696153846 0.3939639423 0.1348822115 2 0.2737716346 0.2657572115 2 0.4981298077 0.2884615385 2 0 0 0 0 0 0 0 0 0
3 0.3879567308 0.2443990385 0.2417307692 0.1629326923 0.3899567308 0.17628125 2 0.2737716346 0.3071586538 2 0.4967956731 0.3231826923 2 0 0 0 0 0 0 0 0 0
3 0.3859615385 0.2824519231 0.2350480769 0.1669230769 0.38328125 0.2176802885 2 0.2711009615 0.3458870192 2 0.5005096154 0.3635336538 2 0 0 0 0 0 0 0 0 0
3 0.3852764423 0.3211778846 0.2363701923 0.1615865385 0.3819447115 0.2550745192 2 0.2697644231 0.3832788462 2 0.4901177885 0.3859495192 2 0 0 0 0 0 0 0 0 0
3 0.3892908654 0.3579206731 0.2363701923 0.1602644231 0.3859519231 0.2897956731 2 0.2737716346 0.4246802885 2 0.494125 0.42334375 2 0 0 0 0 0 0 0 0 0
3 0.3839423077 0.3946274038 0.2390384615 0.1642548077 0.38328125 0.3271899038 2 0.2751081731 0.4647427885 2 0.4954591346 0.4647427885 2 0 0 0 0 0 0 0 0 0
3 0.6269951923 0.1929807692 0.2390384615 0.1696153846 0.6303413462 0.1228629808 2 0.5101490385 0.2537379808 2 0.7345072115 0.2764423077 2 0 0 0 0 0 0 0 0 0
3 0.6243269231 0.2323798077 0.2417307692 0.1629326923 0.6263341346 0.1642620192 2 0.5101490385 0.2951394231 2 0.7331730769 0.3111634615 2 0 0 0 0 0 0 0 0 0
3 0.6223317308 0.2704326923 0.2350480769 0.1669230769 0.6196586538 0.2056610577 2 0.5074783654 0.3338677885 2 0.7368870192 0.3515144231 2 0 0 0 0 0 0 0 0 0
3 0.6216466346 0.3091586538 0.2363701923 0.1615865385 0.6183221154 0.2430552885 2 0.5061418269 0.3712596154 2 0.7264951923 0.3739302885 2 0 0 0 0 0 0 0 0 0
3 0.6256610577 0.3459014423 0.2363701923 0.1602644231 0.6223293269 0.2777764423 2 0.5101490385 0.4126610577 2 0.7305024038 0.4113245192 2 0 0 0 0 0 0 0 0 0
3 0.6203125 0.3826081731 0.2390384615 0.1642548077 0.6196586538 0.3151706731 2 0.5114855769 0.4527235577 2 0.7318365385 0.4527235577 2 0 0 0 0 0 0 0 0 0
3 0.8500240385 0.1823076923 0.2390384615 0.1696153846 0.8533653846 0.1121802885 2 0.7331730769 0.2430552885 2 0.95753125 0.2657596154 2 0 0 0 0 0 0 0 0 0
3 0.8473557692 0.2216826923 0.2417307692 0.1629326923 0.8493581731 0.1535793269 2 0.7331730769 0.2844543269 2 0.9561971154 0.3004807692 2 0 0 0 0 0 0 0 0 0
3 0.8453605769 0.2597355769 0.2350480769 0.1669230769 0.8426826923 0.1949783654 2 0.7305024038 0.3231850962 2 0.9599110577 0.3408317308 2 0 0 0 0 0 0 0 0 0
3 0.8446754808 0.2984855769 0.2363701923 0.1615865385 0.8413461538 0.2323725962 2 0.7291658654 0.3605769231 2 0.9495192308 0.3632475962 2 0 0 0 0 0 0 0 0 0
3 0.8486899038 0.3352043269 0.2363701923 0.1602644231 0.8453533654 0.26709375 2 0.7331730769 0.4019759615 2 0.9535264423 0.4006418269 2 0 0 0 0 0 0 0 0 0
3 0.8433413462 0.3719350962 0.2390384615 0.1642548077 0.8426826923 0.3044879808 2 0.7345096154 0.4420408654 2 0.9548605769 0.4420408654 2 0 0 0 0 0 0 0 0 0
