2 0.2656435185 0.7554218107 0.0683611111 0.2838888889 0.2643416667 0.6223353909 2 0.2968953704 0.6187139918 2 0.2327638889 0.6274012346 2 0.2669453704 0.8879465021 2 0.2991740741 0.8828806584 2 0.2340657407 0.8930144033 2
2 0.3012083333 0.7347839506 0.0701574074 0.2903909465 0.2978722222 0.6020699588 2 0.3304268519 0.5955555556 2 0.2669453704 0.6078600823 2 0.3030805556 0.8655123457 2 0.3356351852 0.8597222222 2 0.2692240741 0.8727510288 2
2 0.3393842593 0.7360699588 0.0771574074 0.2951028807 0.3330305556 0.6035185185 2 0.3649342593 0.5948333333 2 0.3021046296 0.6114794239 2 0.3431231481 0.8691316872 2 0.3763287037 0.8604465021 2 0.3099175926 0.8785411523 2
2 0.3808842593 0.7442078189 0.0761759259 0.2788271605 0.3756768519 0.6172695473 2 0.3447509259 0.623781893 2 0.4066037037 0.6093065844 2 0.3867453704 0.8684074074 2 0.3541916667 0.8785411523 2 0.4179981481 0.8611707819 2
2 0.2646666667 0.4797119342 0.0527407407 0.1404938272 0.2659694444 0.4175144033 2 0.2907101852 0.4160679012 2 0.2409018519 0.418962963 2 0.2650222222 0.5439382716 2 0.2903851852 0.5448950617 2 0.2392740741 0.5470658436 2
2 0.2959166667 0.4751851852 0.0527407407 0.1336213992 0.2962444444 0.4124485597 2 0.321962037 0.4124485597 2 0.2757351852 0.4117263374 2 0.2962740741 0.5362716049 2 0.3200092593 0.5391049383 2 0.2718287037 0.5383806584 2
2 0.3261944444 0.4811625514 0.0527407407 0.1347119342 0.3265203704 0.4196872428 2 0.3512611111 0.4182386831 2 0.3021046296 0.420409465 2 0.32655 0.5427386831 2 0.3496333333 0.5448950617 2 0.3014537037 0.5463415638 2
2 0.3553333333 0.4759053498 0.050462963 0.1350617284 0.3558194444 0.4131728395 2 0.3799092593 0.4131728395 2 0.3323796296 0.4131728395 2 0.3545166667 0.5383806584 2 0.3795833333 0.5391049383 2 0.3310777778 0.5391049383 2
2 0.283712963 0.2999074074 0.0556666667 0.1368106996 0.2819203704 0.2409218107 2 0.3056851852 0.2358559671 2 0.2578305556 0.2452633745 2 0.2858268519 0.3574444444 2 0.3102425926 0.3523786008 2 0.2607601852 0.36468107 2
2 0.3121944444 0.3046090535 0.0501296296 0.1288477366 0.3128472222 0.2438168724 2 0.336937037 0.2438168724 2 0.2897333333 0.2445411523 2 0.3128472222 0.3639588477 2 0.336937037 0.3625102881 2 0.2884314815 0.3661296296 2
2 0.3401944444 0.2933744856 0.0494814815 0.1281069959 0.3395416667 0.2351316872 2 0.3636324074 0.2329609053 2 0.3170796296 0.2351316872 2 0.3395416667 0.353100823 2 0.3639574074 0.3523786008 2 0.3180555556 0.3545493827 2
2 0.3659953704 0.3024279835 0.0493240741 0.1288477366 0.3649342593 0.2438168724 2 0.3886990741 0.2423683128 2 0.3421462963 0.2445411523 2 0.3652601852 0.3625102881 2 0.3900009259 0.361063786 2 0.3431231481 0.3632345679 2
2 0.4416018519 0.743117284 0.0667407407 0.2766460905 0.4381814815 0.6129259259 2 0.4700851852 0.6085843621 2 0.4082314815 0.6143744856 2 0.4420490741 0.8695781893 2 0.4743166667 0.8698559671 2 0.4105101852 0.8763683128 2
2 0.4731759259 0.7257407407 0.0673888889 0.2723045267 0.4707361111 0.5984506173 2 0.5010111111 0.5962798354 2 0.4401351852 0.6006234568 2 0.4749675926 0.8524855967 2 0.5062203704 0.8503148148 2 0.4443666667 0.8575514403 2
2 0.4623518519 0.485308642 0.0486666667 0.13218107 0.4629231481 0.4247530864 2 0.486362037 0.4240288066 2 0.4398092593 0.4240288066 2 0.4619462963 0.545617284 2 0.4873388889 0.5477901235 2 0.4394833333 0.545617284 2
2 0.4888055556 0.475 0.0488333333 0.1310699588 0.4891296296 0.4160473251 2 0.5132194444 0.4160473251 2 0.4656898148 0.414600823 2 0.4888037037 0.5354650206 2 0.5119166667 0.5376378601 2 0.4653648148 0.5354650206 2
2 0.5163101852 0.4849382716 0.0491574074 0.1314403292 0.5151722222 0.4247325103 2 0.5399138889 0.42618107 2 0.4927101852 0.4247325103 2 0.5158240741 0.5470452675 2 0.538937037 0.5477695473 2 0.4920592593 0.5463209877 2
2 0.5441435185 0.4759053498 0.0520833333 0.139382716 0.5453648148 0.4134300412 2 0.5698 0.4154855967 2 0.5218546296 0.4101995885 2 0.5431194444 0.5347037037 2 0.5671583333 0.5399897119 2 0.5181564815 0.5326481481 2
2 0.5820462963 0.4872736626 0.0383703704 0.121872428 0.5787814815 0.429872428 2 0.6001787037 0.429872428 2 0.5631953704 0.4301666667 2 0.5799703704 0.5452736626 2 0.6013675926 0.5455679012 2 0.5634601852 0.5461563786 2
2 0.6067824074 0.4949485597 0.0474166667 0.1251646091 0.6064527778 0.5524691358 2 0.6303592593 0.5515884774 2 0.5845268519 0.5536440329 2 0.6053962963 0.4353045267 2 0.6274537037 0.4350123457 2 0.5834703704 0.4355987654 2
2 0.632212963 0.4883024691 0.0467592593 0.1212962963 0.6291703704 0.4300205761 2 0.6090944444 0.4291378601 2 0.6516240741 0.4300205761 2 0.631812037 0.5457139918 2 0.6094907407 0.5468888889 2 0.6551907407 0.545127572 2
2 0.6583333333 0.4952674897 0.0511851852 0.1264197531 0.6574361111 0.4372078189 2 0.6340574074 0.4377942387 2 0.6831916667 0.4366193416 2 0.6595490741 0.5526090535 2 0.6381518519 0.5543703704 2 0.6837203704 0.5505534979 2
2 0.5824861111 0.7265020576 0.0701388889 0.2816049383 0.5838009259 0.5924876543 2 0.6153675926 0.5942510288 2 0.551837037 0.589845679 2 0.5839990741 0.8605617284 2 0.6175472222 0.8608559671 2 0.5499212963 0.8602695473 2
2 0.5079074074 0.7355452675 0.0698518519 0.2731893004 0.5046416667 0.6062572016 2 0.535487037 0.603718107 2 0.4736314815 0.607345679 2 0.5105166667 0.8648909465 2 0.5421787037 0.8627139918 2 0.4785277778 0.8674300412 2
2 0.6326944444 0.7159465021 0.077462963 0.2781893004 0.6276666667 0.5851090535 2 0.6665981481 0.5825205761 2 0.5945583333 0.586218107 2 0.6368166667 0.8483909465 2 0.6707574074 0.8458024691 2 0.606537037 0.8509794239 2
2 0.6709768519 0.7235185185 0.0759722222 0.2800411523 0.6646009259 0.5917633745 2 0.6336555556 0.5943518519 2 0.6968777778 0.5899156379 2 0.6752490741 0.8557860082 2 0.6429731481 0.8580041152 2 0.7083574074 0.8554156379 2
2 0.4123611111 0.1770884774 0.0380740741 0.1248353909 0.4098435185 0.1174403292 2 0.4254305556 0.1164691358 2 0.3941101852 0.1184115226 2 0.4131935185 0.2369115226 2 0.4293638889 0.2369115226 2 0.3973157407 0.2369115226 2
2 0.4154490741 0.3018415638 0.0365648148 0.1284567901 0.4149416667 0.240781893 2 0.4292175926 0.2401358025 2 0.3984805556 0.2411069959 2 0.4174185185 0.3615493827 2 0.4331509259 0.3609012346 2 0.4009574074 0.3625205761 2
2 0.4277361111 0.1669753086 0.0356018519 0.1249382716 0.42645 0.1093312757 2 0.4404351852 0.1083600823 2 0.4110083333 0.1093312757 2 0.4292175926 0.2258888889 2 0.4446592593 0.2262119342 2 0.4146509259 0.226537037 2
2 0.4329305556 0.2931687243 0.0365648148 0.127037037 0.4309657407 0.2320411523 2 0.4448055556 0.2320411523 2 0.4152333333 0.2326893004 2 0.4341712963 0.352808642 2 0.4507777778 0.3515123457 2 0.418875 0.3541028807 2
2 0.4498194444 0.3047633745 0.0339722222 0.1284567901 0.4478638889 0.2449917695 2 0.4622861111 0.2440205761 2 0.433587963 0.245962963 2 0.4512148148 0.3641399177 2 0.4663648148 0.3631687243 2 0.4350453704 0.3651111111 2
2 0.4460555556 0.1802880658 0.0362407407 0.1242386831 0.4432027778 0.1232530864 2 0.4561675926 0.1216337449 2 0.4284898148 0.1235781893 2 0.4469907407 0.2381934156 2 0.4625777778 0.2372222222 2 0.4330055556 0.2391646091 2
2 0.4769166667 0.1956995885 0.0329259259 0.1146502058 0.4757462963 0.1416440329 2 0.4888574074 0.14131893 2 0.4610333333 0.1419670782 2 0.4776407407 0.2520493827 2 0.4927907407 0.2514012346 2 0.464675 0.2520493827 2
2 0.4809861111 0.3124588477 0.0340833333 0.1213374486 0.4795342593 0.2533436214 2 0.4945388889 0.2533436214 2 0.464675 0.2536687243 2 0.4824472222 0.3705493827 2 0.4971611111 0.3699032922 2 0.4668601852 0.3708744856 2
2 0.4916805556 0.1845987654 0.0348425926 0.1180864198 0.4904601852 0.1293395062 2 0.5044444444 0.128691358 2 0.4748722222 0.1296646091 2 0.4941018519 0.2410411523 2 0.5083777778 0.240718107 2 0.4796796296 0.2420123457 2
2 0.4966342593 0.304537037 0.0325092593 0.1210082305 0.4942472222 0.2462222222 2 0.5083777778 0.2458971193 2 0.4808453704 0.2468683128 2 0.4977435185 0.3611604938 2 0.5127481481 0.3601893004 2 0.4841962963 0.3621316872 2
2 0.5091944444 0.1918312757 0.0342037037 0.11781893 0.5066296296 0.1374341564 2 0.5207601852 0.136462963 2 0.4922083333 0.1380823045 2 0.5101259259 0.2478395062 2 0.5260046296 0.2471934156 2 0.4968694444 0.2484876543 2
2 0.5124583333 0.3127674897 0.0323425926 0.1226954733 0.5108537037 0.2536687243 2 0.5258583333 0.2533436214 2 0.4967240741 0.2533436214 2 0.5140592593 0.3682839506 2 0.5284805556 0.3679588477 2 0.4992 0.3695781893 2
2 0.547625 0.3082613169 0.0515092593 0.1292386831 0.5459037037 0.2527572016 2 0.5223046296 0.2543765432 2 0.5673175926 0.2508148148 2 0.5507111111 0.3664012346 2 0.5268203704 0.369962963 2 0.5728537037 0.3638106996 2
2 0.5741851852 0.3205349794 0.0466481481 0.1195884774 0.572125 0.2647366255 2 0.5514388889 0.2647366255 2 0.5942675926 0.2650617284 2 0.5738657407 0.3751975309 2 0.5514388889 0.3767613169 2 0.5973268519 0.377409465 2
2 0.5987407407 0.311100823 0.047462963 0.1232716049 0.5968314815 0.2555329218 2 0.6217416667 0.2545617284 2 0.5760009259 0.2565061728 2 0.5994537037 0.3682057613 2 0.6221787037 0.3672345679 2 0.5770203704 0.3695020576 2
2 0.624287037 0.3171193416 0.0511296296 0.1228806584 0.6220333333 0.2597427984 2 0.6441759259 0.2590946502 2 0.5993083333 0.2597427984 2 0.6248009259 0.3733868313 2 0.6492740741 0.3714444444 2 0.60295 0.3750061728 2
