1 0.3090855107 0.7880728051 0.3879572447 0.3752462527 0.3081805226 0.9629743041 2 0.1181567696 0.9629743041 2 0.4994204276 0.9651734475 2 0.3106152019 0.6026359743 2 0 0 0 0 0 0
1 0.3565914489 0.7661777302 0.4025890736 0.3848179872 0.3581211401 0.5850578158 2 0.1644441805 0.5839593148 2 0.5578907363 0.5883554604 2 0.3447220903 0.9530877944 2 0 0 0 0 0 0
1 0.5579334917 0.7642719486 0.3883135392 0.3723982869 0.5604845606 0.941235546 2 0.3660973872 0.9429057816 2 0.7511710214 0.9420706638 2 0.5660380048 0.5772441113 2 0 0 0 0 0 0
1 0.7731472684 0.7614453961 0.3855344418 0.3779657388 0.7733871734 0.5839229122 2 0.5836270784 0.5814197002 2 0.9631448931 0.5889314775 2 0.7622779097 0.9445738758 2 0 0 0 0 0 0
1 0.7960688836 0.7861884368 0.3841567696 0.3711349036 0.7983800475 0.9621070664 2 0.6076935867 0.9629421842 2 0.9844346793 0.9637773019 2 0.8094869359 0.6039593148 2 0 0 0 0 0 0
1 0.2607482185 0.3966488223 0.2516152019 0.2499571734 0.2607410926 0.5138479657 2 0.1369643705 0.5150685225 2 0.3818099762 0.5138479657 2 0.259304038 0.2748244111 2 0 0 0 0 0 0
1 0.2813657957 0.3765738758 0.252280285 0.2440256959 0.2796793349 0.2619143469 2 0.1592850356 0.2588650964 2 0.4081876485 0.2643554604 2 0.2769738717 0.4943297645 2 0 0 0 0 0 0
1 0.4098693587 0.3882762313 0.2495724466 0.2344111349 0.4122470309 0.4998201285 2 0.2871187648 0.4992098501 2 0.5353467933 0.5010385439 2 0.4115700713 0.2710663812 2 0 0 0 0 0 0
1 0.5419239905 0.3816059957 0.2397624703 0.2412847966 0.5461662708 0.2661841542 2 0.4250973872 0.2649657388 2 0.6597980998 0.2680149893 2 0.5421092637 0.4992098501 2 0 0 0 0 0 0
1 0.5613776722 0.3974197002 0.2482185273 0.2466167024 0.5590190024 0.5150685225 2 0.4393016627 0.5144582441 2 0.6821163895 0.5162890792 2 0.5637529691 0.2747259101 2 0 0 0 0 0 0
