1 0.1813913043 0.745546875 0.2988405797 0.4296875 0.1792 0.5361289062 2 0.0357507246 0.5361289062 2 0.3270666667 0.5361289062 2 0.1709130435 0.9523164063 2 0 0 0 0 0 0
1 0.1494202899 0.755 0.2988405797 0.4296875 0.1472173913 0.9644101563 2 0.0037681159 0.9644101563 2 0.295084058 0.9644101563 2 0.1529246377 0.553609375 2 0 0 0 0 0 0
1 0.3443188406 0.723984375 0.2988405797 0.4296875 0.3421188406 0.5145742187 2 0.1986695652 0.5145742187 2 0.4899855072 0.5145742187 2 0.3338318841 0.930765625 2 0 0 0 0 0 0
1 0.3283188406 0.7523046875 0.2988405797 0.4296875 0.3261275362 0.96171875 2 0.1826782609 0.96171875 2 0.4739942029 0.96171875 2 0.3318347826 0.5509140625 2 0 0 0 0 0 0
1 0.4862608696 0.763046875 0.2988405797 0.4296875 0.4840492754 0.9724921875 2 0.3406 0.9724921875 2 0.631915942 0.9724921875 2 0.4807594203 0.5563046875 2 0 0 0 0 0 0
1 0.5062318841 0.7516015625 0.2988405797 0.4296875 0.5040376812 0.542171875 2 0.3605884058 0.542171875 2 0.6519043478 0.542171875 2 0.4977623188 0.9583046875 2 0 0 0 0 0 0
1 0.6746956522 0.7357421875 0.2988405797 0.4296875 0.6725043478 0.5263320313 2 0.5290550725 0.5263320313 2 0.8203710145 0.5263320313 2 0.6662289855 0.9424648437 2 0 0 0 0 0 0
1 0.6596231884 0.7577734375 0.2988405797 0.4296875 0.6574115942 0.9672148437 2 0.5139623188 0.9672148437 2 0.8052782609 0.9672148437 2 0.6541217391 0.5510234375 2 0 0 0 0 0 0
1 0.8182898551 0.768359375 0.2988405797 0.4296875 0.8160811594 0.9777734375 2 0.6726318841 0.9777734375 2 0.9639478261 0.9777734375 2 0.8127942029 0.5615859375 2 0 0 0 0 0 0
1 0.8324057971 0.746328125 0.2988405797 0.4296875 0.8301942029 0.536890625 2 0.6867449275 0.536890625 2 0.9780637681 0.536890625 2 0.8374318841 0.9464140625 2 0 0 0 0 0 0
1 0.798115942 0.2988671875 0.2988405797 0.4296875 0.795915942 0.089421875 2 0.6524666667 0.089421875 2 0.9437826087 0.089421875 2 0.7904173913 0.4923476562 2 0 0 0 0 0 0
1 0.6443478261 0.25265625 0.2988405797 0.4296875 0.641542029 0.0488398438 2 0.4986927536 0.0432226562 2 0.7904173913 0.052796875 2 0.6307681159 0.4461484375 2 0 0 0 0 0 0
1 0.4846956522 0.261875 0.2988405797 0.4296875 0.4824898551 0.0524648437 2 0.3390405797 0.0524648437 2 0.6303565217 0.0524648437 2 0.4769942029 0.4567070313 2 0 0 0 0 0 0
1 0.3328695652 0.2473828125 0.2988405797 0.4296875 0.3242 0.0369570313 2 0.187226087 0.0379453125 2 0.478542029 0.0379453125 2 0.3251768116 0.4421875 2 0 0 0 0 0 0
1 0.1678405797 0.2757421875 0.3037391304 0.4415625 0.1616086957 0.0712773437 2 0.0254666667 0.0686367188 2 0.3026521739 0.0739179687 2 0.1488753623 0.4712265625 2 0 0 0 0 0 0
1 0.1366956522 0.2811328125 0.2733913043 0.4296875 0.1346724638 0.4905429687 2 0.0034463768 0.4905429687 2 0.2699391304 0.4905429687 2 0.132226087 0.085796875 2 0 0 0 0 0 0
1 0.6215217391 0.2692578125 0.2694782609 0.442890625 0.6101971014 0.4765078125 2 0.4907043478 0.46990625 2 0.752857971 0.4850976563 2 0.6190144928 0.0765585938 2 0 0 0 0 0 0
1 0.3026956522 0.2534179688 0.2724057971 0.4376171875 0.3006956522 0.4666835938 2 0.169942029 0.4666835938 2 0.4354782609 0.4666835938 2 0.3065681159 0.0620390625 2 0 0 0 0 0 0
1 0.7712753623 0.29578125 0.2988405797 0.4296875 0.7718086957 0.50290625 2 0.6258695652 0.5015859375 2 0.9187246377 0.50290625 2 0.7678898551 0.0989960937 2 0 0 0 0 0 0
