0 0.4507684426 0.4652884615 0.061045082 0.0139807692 0.4233155738 0.4706153846 2 0.4241004098 0.4588519231 2 0.4781331967 0.4590548077 2 0.4773831967 0.4709836538 2 0 0 0 0 0 0
0 0.4562295082 0.4654711538 0.0587295082 0.0127115385 0.4311516393 0.4610932692 2 0.4314118852 0.4710971154 2 0.4837520492 0.4712721154 2 0.4839385246 0.4610471154 2 0 0 0 0 0 0
0 0.4525922131 0.4781586538 0.0585040984 0.0144134615 0.4272336066 0.4845855769 2 0.4274836066 0.4724086538 2 0.4793401639 0.4728211538 2 0.4793401639 0.4834826923 2 0 0 0 0 0 0
0 0.4599487705 0.4802980769 0.0606352459 0.0128461538 0.4352540984 0.4762067308 2 0.4357479508 0.4851692308 2 0.4863811475 0.4852346154 2 0.4864098361 0.4748711538 2 0 0 0 0 0 0
0 0.0707069672 0.4616586538 0.0666598361 0.0152019231 0.0407479508 0.4562326923 2 0.0403032787 0.4680067308 2 0.095602459 0.4677980769 2 0.095602459 0.4560240385 2 0 0 0 0 0 0
0 0.0735245902 0.4606057692 0.059795082 0.0143653846 0.1020430328 0.4665480769 2 0.1024877049 0.4545653846 2 0.0469651639 0.4544615385 2 0.0467438525 0.4667567308 2 0 0 0 0 0 0
0 0.1330532787 0.4603942308 0.059795082 0.0143653846 0.1615614754 0.4663394231 2 0.1620061475 0.4543576923 2 0.1064856557 0.4542528846 2 0.1062622951 0.4665480769 2 0 0 0 0 0 0
0 0.1261168033 0.4611298077 0.0602254098 0.0152019231 0.0993770492 0.4557115385 2 0.0989344262 0.4674855769 2 0.1542336066 0.4672778846 2 0.1542336066 0.4555038462 2 0 0 0 0 0 0
0 0.1858709016 0.4615528846 0.0602254098 0.0152019231 0.1591188525 0.4561288462 2 0.1586741803 0.4679028846 2 0.2139733607 0.4676942308 2 0.2139733607 0.4559201923 2 0 0 0 0 0 0
0 0.1932377049 0.4610192308 0.059795082 0.0143653846 0.2217459016 0.4669653846 2 0.2221905738 0.4549826923 2 0.166670082 0.4548778846 2 0.1664487705 0.4671730769 2 0 0 0 0 0 0
0 0.0772540984 0.4755961538 0.059795082 0.0143653846 0.105772541 0.4815451923 2 0.1062172131 0.4695625 2 0.0506967213 0.4694586538 2 0.0504754098 0.4817538462 2 0 0 0 0 0 0
0 0.1367827869 0.4753942308 0.059795082 0.0143653846 0.1652930328 0.4813365385 2 0.1657356557 0.4693538462 2 0.1102151639 0.46925 2 0.1099938525 0.4815451923 2 0 0 0 0 0 0
0 0.1298668033 0.4761298077 0.0602254098 0.0152019231 0.1031086066 0.4707086538 2 0.1026639344 0.4824826923 2 0.1579631148 0.4822740385 2 0.1579631148 0.4705 2 0 0 0 0 0 0
0 0.1896004098 0.4765528846 0.0602254098 0.0152019231 0.1628504098 0.4711259615 2 0.1624057377 0.4829 2 0.217704918 0.4826913462 2 0.217704918 0.4709173077 2 0 0 0 0 0 0
0 0.1969672131 0.4760192308 0.059795082 0.0143653846 0.225477459 0.4819615385 2 0.2259221311 0.4699798077 2 0.1703995902 0.469875 2 0.1701782787 0.4821701923 2 0 0 0 0 0 0
0 0.0715471311 0.4766490385 0.0608811475 0.0152019231 0.044477459 0.4712298077 2 0.0440348361 0.4830038462 2 0.0993340164 0.4827951923 2 0.0993340164 0.4710211538 2 0 0 0 0 0 0
0 0.0828483607 0.4934230769 0.059795082 0.0143653846 0.1113545082 0.4993644231 2 0.1117991803 0.4873817308 2 0.0562786885 0.4872778846 2 0.0560553279 0.4995730769 2 0 0 0 0 0 0
0 0.1412090164 0.492125 0.059795082 0.0143653846 0.1697172131 0.4980711538 2 0.1701618852 0.4860884615 2 0.1146393443 0.4859836538 2 0.1144180328 0.4982788462 2 0 0 0 0 0 0
0 0.1326536885 0.4943894231 0.0602254098 0.0152019231 0.1059139344 0.4889625 2 0.1054692623 0.5007365385 2 0.1607684426 0.5005278846 2 0.1607684426 0.4887538462 2 0 0 0 0 0 0
0 0.1928586066 0.4937163462 0.0602254098 0.0152019231 0.1661168033 0.4882932692 2 0.1656721311 0.5000682692 2 0.2209713115 0.4998596154 2 0.2209713115 0.4880855769 2 0 0 0 0 0 0
0 0.2002254098 0.4919903846 0.059795082 0.0143653846 0.2287459016 0.4979355769 2 0.2291885246 0.4859538462 2 0.1736680328 0.4858490385 2 0.1734467213 0.4981442308 2 0 0 0 0 0 0
0 0.0784118852 0.4954471154 0.0666598361 0.0152019231 0.0484405738 0.4900259615 2 0.0479959016 0.5018 2 0.103295082 0.5015923077 2 0.103295082 0.4898182692 2 0 0 0 0 0 0
0 0.0880327869 0.5093269231 0.059795082 0.0143653846 0.1165368852 0.5152730769 1 0.1169815574 0.5032903846 2 0.0614610656 0.5031865385 2 0.0612397541 0.5154817308 2 0 0 0 0 0 0
0 0.1468237705 0.5087788462 0.059795082 0.0143653846 0.1753401639 0.5147288462 1 0.1757827869 0.5027461538 2 0.1202622951 0.5026413462 2 0.1200409836 0.5149365385 1 0 0 0 0 0 0
0 0.1394159836 0.5110913462 0.0602254098 0.0152019231 0.1126782787 0.5056711538 2 0.1122336066 0.5174451923 1 0.1675327869 0.5172365385 1 0.1675327869 0.5054625 2 0 0 0 0 0 0
0 0.1974897541 0.5099375 0.0602254098 0.0152019231 0.1707438525 0.5045173077 2 0.1703012295 0.5162913462 1 0.2256004098 0.5160826923 1 0.2256004098 0.5043086538 2 0 0 0 0 0 0
0 0.2043852459 0.5071634615 0.059795082 0.0143653846 0.2328954918 0.5131105769 1 0.2333401639 0.5011278846 2 0.177817623 0.5010230769 2 0.1775963115 0.5133182692 1 0 0 0 0 0 0
0 0.0804303279 0.5109375 0.0613934426 0.0152019231 0.0530901639 0.5055192308 2 0.052647541 0.5172932692 1 0.1079467213 0.5170846154 1 0.1079467213 0.5053105769 2 0 0 0 0 0 0
0 0.2676434426 0.4614951923 0.0602868852 0.0154711538 0.2417192623 0.4678365385 2 0.2417192623 0.4549894231 2 0.2948032787 0.4552519231 2 0.2948032787 0.4684480769 2 0 0 0 0 0 0
0 0.2760245902 0.4632451923 0.0602868852 0.0154711538 0.2501004098 0.4569076923 2 0.2501004098 0.4697538462 2 0.3031864754 0.4694913462 2 0.3031864754 0.4562961538 2 0 0 0 0 0 0
0 0.325204918 0.4618509615 0.0602868852 0.0154711538 0.2992745902 0.4681855769 2 0.2992745902 0.4553394231 2 0.3523606557 0.4556019231 2 0.3523606557 0.4687971154 2 0 0 0 0 0 0
0 0.3323770492 0.4631586538 0.0582377049 0.0154711538 0.3074713115 0.4568201923 2 0.3074713115 0.4696663462 2 0.3592520492 0.4695836538 2 0.358692623 0.4567375 2 0 0 0 0 0 0
0 0.3794057377 0.4618509615 0.057295082 0.0154711538 0.3549672131 0.4681855769 2 0.3549672131 0.4553394231 2 0.4056311475 0.4555144231 2 0.4056311475 0.4687096154 2 0 0 0 0 0 0
0 0.3867622951 0.4633317308 0.0582377049 0.0154711538 0.3618586066 0.4569951923 2 0.3618586066 0.4698413462 2 0.4136393443 0.4697586538 2 0.4130819672 0.4569125 2 0 0 0 0 0 0
0 0.2674385246 0.4764230769 0.059795082 0.0143653846 0.2959528689 0.4823730769 2 0.296397541 0.4703903846 2 0.2408770492 0.4702865385 2 0.2406557377 0.4825817308 2 0 0 0 0 0 0
0 0.3248155738 0.4924711538 0.0573770492 0.0143653846 0.3509221311 0.4985201923 2 0.3509221311 0.4860240385 2 0.2994651639 0.4863326923 2 0.2992418033 0.4986278846 2 0 0 0 0 0 0
0 0.2766290984 0.4934759615 0.0602254098 0.0152019231 0.2498893443 0.4880528846 2 0.2494446721 0.4998278846 2 0.3028668033 0.4996567308 2 0.3026803279 0.4879461538 2 0 0 0 0 0 0
0 0.331352459 0.4932836538 0.0583606557 0.0152019231 0.3055327869 0.4878586538 2 0.3050881148 0.4996326923 2 0.3574405738 0.4993942308 2 0.3578135246 0.4875096154 2 0 0 0 0 0 0
0 0.3804508197 0.4924903846 0.059795082 0.0143653846 0.4089528689 0.4984326923 2 0.409397541 0.48645 2 0.353875 0.4863461538 2 0.3536536885 0.4986413462 2 0 0 0 0 0 0
0 0.275522541 0.4775673077 0.0597745902 0.0143269231 0.249 0.4717086538 2 0.248557377 0.4834826923 2 0.3038565574 0.4832740385 2 0.3038565574 0.4715 2 0 0 0 0 0 0
0 0.3255532787 0.4764230769 0.059795082 0.0143653846 0.354067623 0.4823730769 2 0.3545122951 0.4703903846 2 0.2989918033 0.4702865385 2 0.2987684426 0.4825817308 2 0 0 0 0 0 0
0 0.3330840164 0.4776538462 0.0597745902 0.0143269231 0.3065553279 0.4717951923 2 0.3061127049 0.4835701923 2 0.3588504098 0.4830807692 2 0.3594077869 0.4717201923 2 0 0 0 0 0 0
0 0.3832991803 0.4769519231 0.059795082 0.0143653846 0.4118094262 0.4828971154 2 0.4122540984 0.4709153846 2 0.3567336066 0.4708105769 2 0.3565102459 0.4831057692 2 0 0 0 0 0 0
0 0.2679098361 0.4923846154 0.059795082 0.0143653846 0.2964282787 0.4983317308 2 0.2968709016 0.4863490385 2 0.2413504098 0.4862451923 2 0.2411290984 0.4985403846 2 0 0 0 0 0 0
0 0.3874180328 0.4932836538 0.0583606557 0.0152019231 0.3615983607 0.4878586538 2 0.3611536885 0.4996326923 2 0.4135061475 0.4993942308 2 0.4138790984 0.4875096154 2 0 0 0 0 0 0
0 0.3890983607 0.4776394231 0.0583606557 0.0152019231 0.3632745902 0.4722153846 2 0.362829918 0.4839894231 2 0.415182377 0.4837519231 2 0.4155553279 0.4718663462 2 0 0 0 0 0 0
0 0.3794159836 0.5067307692 0.0555122951 0.0143653846 0.4057868852 0.5126769231 2 0.4062295082 0.5006942308 2 0.3545204918 0.5006384615 2 0.3548934426 0.5124355769 2 0 0 0 0 0 0
0 0.3237192623 0.5068173077 0.0555122951 0.0143653846 0.3500922131 0.5127644231 2 0.3505368852 0.5007817308 2 0.2988278689 0.5007259615 2 0.2992008197 0.5125230769 2 0 0 0 0 0 0
0 0.2691495902 0.5069903846 0.0555122951 0.0143653846 0.2955184426 0.5129394231 2 0.2959631148 0.5009567308 2 0.2442520492 0.5009009615 2 0.244625 0.5126980769 2 0 0 0 0 0 0
0 0.3861065574 0.5073509615 0.0583606557 0.0152019231 0.3602930328 0.5019278846 2 0.3598504098 0.5137019231 2 0.4122028689 0.5134644231 2 0.4125758197 0.5015788462 2 0 0 0 0 0 0
0 0.3311680328 0.5071778846 0.0583606557 0.0152019231 0.3053463115 0.5017528846 2 0.3049016393 0.5135278846 2 0.3572540984 0.5132894231 2 0.3576270492 0.5014048077 2 0 0 0 0 0 0
0 0.2758401639 0.5076105769 0.0583606557 0.0152019231 0.2500266393 0.5021903846 2 0.2495819672 0.5139644231 2 0.3019344262 0.5137259615 2 0.302307377 0.5018413462 2 0 0 0 0 0 0
0 0.508329918 0.4620576923 0.061045082 0.0139807692 0.4808709016 0.4673826923 2 0.4816557377 0.4556182692 2 0.5356885246 0.4558211538 2 0.5349385246 0.46775 2 0 0 0 0 0 0
0 0.5139754098 0.4625865385 0.0587295082 0.0127115385 0.4888934426 0.4582096154 2 0.4891536885 0.4682134615 2 0.5414938525 0.4683884615 2 0.5416782787 0.4581634615 2 0 0 0 0 0 0
0 0.5112397541 0.4760096154 0.061045082 0.0139807692 0.4837807377 0.4813346154 2 0.4837766393 0.4697682692 2 0.5385983607 0.4697730769 2 0.5378463115 0.4817019231 2 0 0 0 0 0 0
0 0.5186270492 0.4777836538 0.0581967213 0.0126634615 0.4929221311 0.4721701923 2 0.4932336066 0.4827519231 2 0.5438668033 0.4828173077 2 0.5438954918 0.4724548077 2 0 0 0 0 0 0
0 0.5636577869 0.4629759615 0.0558401639 0.0124903846 0.5389282787 0.4672769231 2 0.5383709016 0.4573144231 2 0.5884016393 0.4574817308 2 0.5875430328 0.4675384615 2 0 0 0 0 0 0
0 0.5682684426 0.4639038462 0.0562909836 0.0127115385 0.5443995902 0.4595201923 2 0.5446598361 0.4695240385 2 0.5940635246 0.4693740385 2 0.5936905738 0.4595865385 2 0 0 0 0 0 0
0 0.565727459 0.4770576923 0.0575204918 0.0139807692 0.5400307377 0.4823826923 2 0.5400286885 0.4708173077 2 0.5927581967 0.4709471154 2 0.5927581967 0.4826576923 2 0 0 0 0 0 0
0 0.5737704918 0.4791875 0.0581967213 0.0126634615 0.5480553279 0.4735692308 2 0.5483688525 0.48415 2 0.599 0.4842153846 2 0.5990286885 0.4738528846 2 0 0 0 0 0 0
0 0.4462602459 0.4937067308 0.0585040984 0.0144134615 0.4209651639 0.4995 2 0.4217090164 0.4883134615 2 0.4730081967 0.4883769231 2 0.4730081967 0.4990384615 2 0 0 0 0 0 0
0 0.5012192623 0.4947548077 0.0585040984 0.0144134615 0.4759118852 0.5005480769 2 0.4766577869 0.4893625 2 0.527954918 0.489425 2 0.527954918 0.5000865385 2 0 0 0 0 0 0
0 0.4517520492 0.4962019231 0.0606352459 0.0128461538 0.4270594262 0.4921115385 2 0.4275532787 0.5010740385 2 0.4781844262 0.5011394231 2 0.4782131148 0.4907769231 2 0 0 0 0 0 0
0 0.5571004098 0.4944086538 0.0585040984 0.0144134615 0.5317909836 0.5001990385 2 0.5325368852 0.4890125 2 0.5838340164 0.4890759615 2 0.5838340164 0.4997375 2 0 0 0 0 0 0
0 0.5076127049 0.4965480769 0.0606352459 0.0128461538 0.4829364754 0.4924615385 2 0.483432377 0.5014240385 2 0.5340635246 0.5014884615 2 0.5340922131 0.4911259615 2 0 0 0 0 0 0
0 0.5634938525 0.4965480769 0.0606352459 0.0128461538 0.5388155738 0.4924615385 2 0.5393114754 0.5014240385 2 0.589942623 0.5014884615 2 0.5899713115 0.4911259615 2 0 0 0 0 0 0
0 0.4494364754 0.5073413462 0.0596106557 0.0144134615 0.4235717213 0.5131326923 2 0.424317623 0.5019461538 2 0.4772151639 0.5022019231 2 0.4770307377 0.5130384615 2 0 0 0 0 0 0
0 0.5055020492 0.5078701923 0.0596106557 0.0144134615 0.4796372951 0.5136567308 2 0.4803831967 0.5024711538 2 0.5332807377 0.5027269231 2 0.5330942623 0.5135625 2 0 0 0 0 0 0
0 0.5617520492 0.5085625 0.0596106557 0.0144134615 0.5358893443 0.5143557692 2 0.5366331967 0.5031701923 2 0.5895327869 0.5034259615 2 0.5893463115 0.5142615385 2 0 0 0 0 0 0
0 0.4558504098 0.5098365385 0.0606352459 0.0128461538 0.4313954918 0.5042990385 2 0.4316516393 0.5147067308 2 0.4822827869 0.5147721154 2 0.4823114754 0.5044096154 2 0 0 0 0 0 0
0 0.5126331967 0.5110576923 0.0583811475 0.0128461538 0.4870881148 0.5055230769 2 0.4873442623 0.5159298077 2 0.5379754098 0.5159951923 2 0.5380040984 0.5056326923 2 0 0 0 0 0 0
0 0.5685143443 0.5125384615 0.0583811475 0.0128461538 0.5429672131 0.5070086538 2 0.5432213115 0.5174153846 2 0.5938545082 0.5174807692 2 0.5938831967 0.5071182692 2 0 0 0 0 0 0
0 0.6432581967 0.467375 0.0610655738 0.0141538462 0.6164590164 0.4732432692 2 0.6168913934 0.4615134615 2 0.6709897541 0.4612105769 2 0.6709897541 0.4722326923 2 0 0 0 0 0 0
0 0.6487397541 0.4683653846 0.0587090164 0.0125 0.6222786885 0.4632932692 2 0.6224938525 0.4738105769 2 0.6759487705 0.4737096154 2 0.6763790984 0.4629903846 2 0 0 0 0 0 0
0 0.7035963115 0.4677596154 0.0559221311 0.0125 0.6785348361 0.4626865385 2 0.67875 0.4732038462 2 0.7294016393 0.4732038462 2 0.7289692623 0.4621807692 2 0 0 0 0 0 0
0 0.6976741803 0.4666730769 0.0565368852 0.0141538462 0.6731454918 0.4725355769 2 0.6735758197 0.4608057692 2 0.7233647541 0.4606644231 2 0.7233647541 0.4715855769 2 0 0 0 0 0 0
0 0.7574897541 0.4677596154 0.0559221311 0.0125 0.7324180328 0.4626865385 2 0.7326331967 0.4732038462 2 0.7832848361 0.4732038462 2 0.7828545082 0.4621807692 2 0 0 0 0 0 0
0 0.7504815574 0.4667692308 0.0565368852 0.0141538462 0.7259508197 0.4726375 2 0.7263831967 0.4609067308 2 0.7761721311 0.4607653846 2 0.7761721311 0.4716865385 2 0 0 0 0 0 0
0 0.6464959016 0.4809230769 0.0610655738 0.0141538462 0.619692623 0.4867942308 2 0.6201229508 0.4750644231 2 0.6742233607 0.4747605769 2 0.6742233607 0.4857826923 2 0 0 0 0 0 0
0 0.6544569672 0.4817211538 0.0559221311 0.0125 0.6293913934 0.4766413462 2 0.6296065574 0.4871586538 2 0.6802581967 0.4871586538 2 0.6798278689 0.4761365385 2 0 0 0 0 0 0
0 0.7077663934 0.4816153846 0.0534836066 0.0125 0.6839221311 0.4765403846 2 0.6841393443 0.4870576923 2 0.7320983607 0.4870115385 2 0.7322848361 0.4760884615 2 0 0 0 0 0 0
0 0.7012602459 0.4804230769 0.0547336066 0.0141538462 0.6776311475 0.4862884615 2 0.6780635246 0.4745586538 2 0.7259528689 0.4742528846 2 0.7248340164 0.4848269231 2 0 0 0 0 0 0
0 0.7521209016 0.4804230769 0.0547336066 0.0141538462 0.7284815574 0.4862884615 2 0.7289118852 0.4745586538 2 0.7768012295 0.4742528846 2 0.7756844262 0.4848269231 2 0 0 0 0 0 0
0 0.7621721311 0.4840673077 0.0534836066 0.0125 0.7383114754 0.4789875 2 0.7385266393 0.4895038462 2 0.7864877049 0.4894586538 2 0.7866741803 0.4785346154 2 0 0 0 0 0 0
0 0.626557377 0.4966346154 0.058852459 0.0145961538 0.5999303279 0.5018336538 2 0.6008606557 0.4902115385 2 0.6520840164 0.4904730769 2 0.652454918 0.5016586538 2 0 0 0 0 0 0
0 0.6822745902 0.4968942308 0.0547131148 0.0131923077 0.6571127049 0.5009596154 2 0.6571127049 0.4910846154 2 0.7068442623 0.4913471154 2 0.7070307377 0.5004355769 2 0 0 0 0 0 0
0 0.633647541 0.4977932692 0.0562295082 0.0119134615 0.6079385246 0.4929201923 2 0.6077520492 0.5033192308 2 0.6595348361 0.5032317308 2 0.6595348361 0.4925701923 2 0 0 0 0 0 0
0 0.7368442623 0.4968942308 0.0547131148 0.0131923077 0.7116864754 0.5009596154 2 0.7116864754 0.4910846154 2 0.761420082 0.4913471154 2 0.7616065574 0.5004355769 2 0 0 0 0 0 0
0 0.6882172131 0.4983221154 0.0562295082 0.0119134615 0.6625143443 0.4934442308 2 0.6623278689 0.5038432692 2 0.7141086066 0.5037567308 2 0.7141086066 0.4930951923 2 0 0 0 0 0 0
0 0.7429918033 0.4983221154 0.0562295082 0.0119134615 0.7172745902 0.4934442308 2 0.7170881148 0.5038432692 2 0.7688709016 0.5037567308 2 0.7688709016 0.4930951923 2 0 0 0 0 0 0
0 0.6312090164 0.5105288462 0.058852459 0.0145961538 0.6045860656 0.5157288462 2 0.6055184426 0.5041057692 2 0.6567397541 0.5043682692 2 0.6571127049 0.5155538462 2 0 0 0 0 0 0
0 0.6377459016 0.5118605769 0.0562295082 0.0119134615 0.6120368852 0.5069894231 2 0.6118504098 0.5173894231 2 0.6636311475 0.5173019231 2 0.6636311475 0.5066403846 2 0 0 0 0 0 0
0 0.6856147541 0.510875 0.0581147541 0.0133653846 0.6593483607 0.5166903846 2 0.6602786885 0.5050673077 2 0.7115 0.5053298077 2 0.7118729508 0.5165153846 2 0 0 0 0 0 0
0 0.6925 0.5119567308 0.0562295082 0.0119134615 0.6667971311 0.5070769231 2 0.6666127049 0.5174769231 2 0.7183934426 0.5173894231 2 0.7183934426 0.5067278846 2 0 0 0 0 0 0
0 0.74 0.510875 0.0581147541 0.0133653846 0.7150409836 0.5165153846 2 0.7146680328 0.5050673077 2 0.7658893443 0.5053298077 2 0.7662622951 0.5165153846 2 0 0 0 0 0 0
0 0.74875 0.5121298077 0.0562295082 0.0119134615 0.7230491803 0.5072519231 2 0.7228627049 0.5176509615 2 0.7746434426 0.5175644231 2 0.7746434426 0.5069028846 2 0 0 0 0 0 0
0 0.8383606557 0.468 0.0594672131 0.014 0.812125 0.4624 2 0.8118995902 0.4740461538 2 0.8660594262 0.4738346154 2 0.8656086066 0.4625057692 2 0 0 0 0 0 0
0 0.8469877049 0.4668125 0.0593442623 0.014125 0.8218278689 0.4724576923 2 0.8213770492 0.4609173077 2 0.8737336066 0.4610230769 2 0.8735081967 0.4719288462 2 0 0 0 0 0 0
0 0.8959221311 0.4685288462 0.0594672131 0.014 0.869670082 0.4629288462 2 0.8694446721 0.4745759615 2 0.9236065574 0.4743644231 2 0.9231557377 0.4630346154 2 0 0 0 0 0 0
0 0.9034221311 0.4666009615 0.0593442623 0.014125 0.8782459016 0.4722461538 2 0.877795082 0.4607057692 2 0.9301516393 0.4608115385 2 0.9299262295 0.4717173077 2 0 0 0 0 0 0
0 0.9522745902 0.4687211538 0.0594672131 0.014 0.9260389344 0.4631230769 2 0.9258135246 0.4747701923 2 0.9799733607 0.4745586538 2 0.979522541 0.4632288462 2 0 0 0 0 0 0
0 0.9578278689 0.4680913462 0.0593442623 0.014125 0.9326680328 0.4737307692 2 0.9322172131 0.4621903846 2 0.9845737705 0.4622961538 2 0.9843483607 0.4732019231 2 0 0 0 0 0 0
0 0.8382172131 0.4820144231 0.0593442623 0.014125 0.8130491803 0.4876567308 2 0.8125963115 0.4761163462 2 0.8649528689 0.4762221154 2 0.864727459 0.4871269231 2 0 0 0 0 0 0
0 0.8314959016 0.4829807692 0.0594672131 0.014 0.8052643443 0.4773875 2 0.8050389344 0.4890336538 2 0.8592008197 0.4888221154 2 0.85875 0.4774932692 2 0 0 0 0 0 0
0 0.8931557377 0.4822740385 0.0593442623 0.014125 0.8679877049 0.4879134615 2 0.8675368852 0.4763730769 2 0.9198934426 0.4764788462 2 0.9196659836 0.4873846154 2 0 0 0 0 0 0
0 0.8881967213 0.4829711538 0.0594672131 0.014 0.8619487705 0.4773711538 2 0.8617233607 0.4890182692 2 0.9158852459 0.4888057692 2 0.915432377 0.4774769231 2 0 0 0 0 0 0
0 0.9483811475 0.4821201923 0.0593442623 0.014125 0.9232172131 0.4877615385 2 0.9227663934 0.4762201923 2 0.9751229508 0.4763259615 2 0.974897541 0.4872317308 2 0 0 0 0 0 0
0 0.9439959016 0.4828173077 0.0594672131 0.014 0.9177602459 0.4772192308 2 0.9175348361 0.4888653846 2 0.9716967213 0.4886538462 2 0.9712438525 0.477325 2 0 0 0 0 0 0
0 0.8259836066 0.4969471154 0.0593442623 0.014125 0.8008258197 0.5025875 2 0.800375 0.4910471154 2 0.8527295082 0.4911528846 2 0.8525040984 0.5020586538 2 0 0 0 0 0 0
0 0.817397541 0.4983942308 0.0594672131 0.014 0.7911516393 0.4927961538 2 0.7909262295 0.5044423077 2 0.8450881148 0.5042307692 2 0.8446372951 0.4929019231 2 0 0 0 0 0 0
0 0.8816598361 0.4967932692 0.0593442623 0.014125 0.8564918033 0.5024355769 2 0.8560409836 0.4908942308 2 0.908397541 0.491 2 0.908170082 0.5019057692 2 0 0 0 0 0 0
0 0.8755327869 0.4981730769 0.0594672131 0.014 0.8492909836 0.492575 2 0.8490635246 0.5042221154 2 0.9032254098 0.5040105769 2 0.9027745902 0.4926817308 2 0 0 0 0 0 0
0 0.9375204918 0.4968701923 0.0593442623 0.014125 0.9123504098 0.5025144231 2 0.9118995902 0.4909740385 2 0.9642561475 0.4910798077 2 0.9640307377 0.5019846154 2 0 0 0 0 0 0
0 0.9329303279 0.4981826923 0.0594672131 0.014 0.906682377 0.4925826923 2 0.9064569672 0.5042298077 2 0.9606188525 0.5040173077 2 0.9601659836 0.4926884615 2 0 0 0 0 0 0
0 0.8177459016 0.5117163462 0.0593442623 0.014125 0.7925840164 0.5173548077 2 0.7921311475 0.5058134615 2 0.8444877049 0.5059201923 2 0.8442622951 0.516825 2 0 0 0 0 0 0
0 0.8094672131 0.5131634615 0.0594672131 0.014 0.7832172131 0.5075634615 2 0.7829897541 0.5192096154 2 0.8371516393 0.5189980769 2 0.8367008197 0.5076692308 2 0 0 0 0 0 0
0 0.8729918033 0.5120048077 0.0593442623 0.014125 0.8478278689 0.51765 2 0.8473770492 0.5061096154 2 0.8997336066 0.5062153846 2 0.8995081967 0.5171201923 2 0 0 0 0 0 0
0 0.8648155738 0.5132403846 0.0560245902 0.014 0.8403012295 0.5076423077 2 0.8400758197 0.5192894231 2 0.8897151639 0.5192375 2 0.8897151639 0.5082096154 2 0 0 0 0 0 0
0 0.920307377 0.5134134615 0.0594672131 0.014 0.8940614754 0.5078153846 2 0.8938360656 0.5194615385 2 0.9479979508 0.51925 2 0.9475471311 0.5079211538 2 0 0 0 0 0 0
0 0.9281147541 0.5121201923 0.0593442623 0.014125 0.9029405738 0.5177605769 2 0.9024897541 0.5062192308 2 0.9548463115 0.506325 2 0.9546209016 0.5172307692 2 0 0 0 0 0 0
0 0.8502254098 0.4404855769 0.0593442623 0.014125 0.8250512295 0.4461298077 2 0.8246004098 0.4345894231 2 0.8769569672 0.4346951923 2 0.8767295082 0.4456009615 2 0 0 0 0 0 0
0 0.8601434426 0.441375 0.0594672131 0.014 0.8339118852 0.435775 2 0.8336864754 0.4474211538 2 0.8878463115 0.4472096154 2 0.8873954918 0.4358807692 2 0 0 0 0 0 0
0 0.9169672131 0.4421826923 0.0594672131 0.014 0.8907172131 0.4365836538 2 0.8904918033 0.4482307692 2 0.9446516393 0.4480192308 2 0.9442008197 0.4366894231 2 0 0 0 0 0 0
0 0.9720594262 0.442 0.0558811475 0.014 0.9476188525 0.4364028846 2 0.9473934426 0.4480490385 2 0 0 0 0 0 0 0 0 0 0 0 0
0 0.9072336066 0.4406009615 0.0593442623 0.014125 0.882067623 0.4462461538 2 0.8816168033 0.4347057692 2 0.9339713115 0.4348115385 2 0.9337459016 0.4457163462 2 0 0 0 0 0 0
0 0.9646721311 0.4406201923 0.0593442623 0.014125 0.9395061475 0.4462625 2 0.9390532787 0.4347221154 2 0.9914098361 0.4348278846 2 0.9911844262 0.4457336538 2 0 0 0 0 0 0
0 0.8568442623 0.4279230769 0.0594672131 0.014 0.8305942623 0.4223221154 2 0.8303688525 0.4339682692 2 0.8845307377 0.4337567308 2 0.884079918 0.4224278846 2 0 0 0 0 0 0
0 0.9134221311 0.4273461538 0.0594672131 0.014 0.8871885246 0.4217442308 2 0.8869631148 0.4333913462 2 0.941125 0.4331798077 2 0.9406741803 0.42185 2 0 0 0 0 0 0
0 0.8471106557 0.4263413462 0.0593442623 0.014125 0.8219467213 0.4319846154 2 0.8214938525 0.4204432692 2 0.8738504098 0.4205490385 2 0.873625 0.4314548077 2 0 0 0 0 0 0
0 0.9696311475 0.4275961538 0.0594672131 0.014 0.9433954918 0.422 2 0.9431680328 0.4336471154 2 0.997329918 0.4334346154 2 0.9968790984 0.4221057692 2 0 0 0 0 0 0
0 0.9033196721 0.4263509615 0.0593442623 0.014125 0.8781516393 0.4319932692 2 0.8776987705 0.4204528846 2 0.9300553279 0.4205586538 2 0.929829918 0.4314644231 2 0 0 0 0 0 0
0 0.9624180328 0.4268509615 0.0593442623 0.014125 0.9372438525 0.4324951923 2 0.9367909836 0.4209548077 2 0.989147541 0.4210605769 2 0.9889221311 0.4319663462 2 0 0 0 0 0 0
0 0.6718442623 0.4222836538 0.0593442623 0.014125 0.6466762295 0.4279269231 2 0.6462233607 0.4163865385 2 0.698579918 0.4164923077 2 0.6983545082 0.4273980769 2 0 0 0 0 0 0
0 0.6812090164 0.4230192308 0.0594672131 0.014 0.6549672131 0.417425 2 0.6547418033 0.4290711538 2 0.7089016393 0.4288596154 2 0.7084508197 0.4175307692 2 0 0 0 0 0 0
0 0.7285655738 0.4219278846 0.0593442623 0.014125 0.7034057377 0.4275673077 2 0.702954918 0.4160259615 2 0.7553094262 0.4161317308 2 0.7550840164 0.4270375 2 0 0 0 0 0 0
0 0.7855737705 0.4230432692 0.0593442623 0.014125 0.760397541 0.4286846154 2 0.7599467213 0.4171442308 2 0.8123032787 0.41725 2 0.8120778689 0.4281557692 2 0 0 0 0 0 0
0 0.7381967213 0.4235288462 0.0594672131 0.014 0.7119590164 0.4179269231 2 0.7117336066 0.4295730769 2 0.7658954918 0.4293615385 2 0.7654446721 0.4180326923 2 0 0 0 0 0 0
0 0.7951844262 0.4252596154 0.0594672131 0.014 0.7689528689 0.4196605769 2 0.7687254098 0.4313076923 2 0.8228872951 0.4310961538 2 0.8224364754 0.4197673077 2 0 0 0 0 0 0
0 0.6682172131 0.4353509615 0.0593442623 0.014125 0.6430430328 0.4409971154 2 0.6425922131 0.4294567308 2 0.6949487705 0.4295625 2 0.6947233607 0.4404682692 2 0 0 0 0 0 0
0 0.6781352459 0.4370865385 0.0594672131 0.014 0.6519016393 0.4314894231 2 0.6516762295 0.4431365385 2 0.7058381148 0.442925 2 0.7053872951 0.4315951923 2 0 0 0 0 0 0
0 0.7359221311 0.4384519231 0.0594672131 0.014 0.709682377 0.4328538462 2 0.7094569672 0.4445009615 2 0.7636168033 0.4442894231 2 0.7631659836 0.4329596154 2 0 0 0 0 0 0
0 0.7249385246 0.4359759615 0.0593442623 0.014125 0.6997745902 0.4416230769 2 0.6993217213 0.4300817308 2 0.7516782787 0.4301875 2 0.7514528689 0.4410932692 2 0 0 0 0 0 0
0 0.7850819672 0.4379567308 0.0593442623 0.014125 0.7599159836 0.4436028846 2 0.7594651639 0.4320625 2 0.8118196721 0.4321682692 2 0.8115942623 0.4430740385 2 0 0 0 0 0 0
0 0.7913319672 0.4388269231 0.0594672131 0.014 0.7651004098 0.4332326923 2 0.764875 0.4448798077 2 0.8190348361 0.4446682692 2 0.8185840164 0.4333384615 2 0 0 0 0 0 0
0 0.6041598361 0.43725 0.0594672131 0.014 0.577920082 0.4316480769 2 0.5776946721 0.4432942308 2 0.6318565574 0.4430826923 2 0.6314057377 0.4317538462 2 0 0 0 0 0 0
0 0.5947745902 0.4358701923 0.0593442623 0.014125 0.5696188525 0.4415173077 2 0.5691680328 0.4299769231 2 0.6215245902 0.4300826923 2 0.6212991803 0.4409884615 2 0 0 0 0 0 0
0 0.547182377 0.4360865385 0.0574385246 0.014 0.5221393443 0.4306288462 2 0.5216905738 0.4419817308 2 0.5738811475 0.4419211538 2 0.5734303279 0.4305923077 2 0 0 0 0 0 0
0 0.4907889344 0.4349230769 0.0574385246 0.014 0.4657295082 0.4294673077 2 0.4652827869 0.4408201923 2 0.5174733607 0.4407596154 2 0.5170204918 0.4294307692 2 0 0 0 0 0 0
0 0.5381557377 0.4346105769 0.0593442623 0.014125 0.5129877049 0.4402509615 2 0.5125368852 0.4287105769 2 0.5648913934 0.4288163462 2 0.5646659836 0.4397221154 2 0 0 0 0 0 0
0 0.4830942623 0.4338701923 0.0593442623 0.014125 0.4579221311 0.4395105769 2 0.4574713115 0.4279701923 2 0.5098278689 0.4280759615 2 0.5096004098 0.4389807692 2 0 0 0 0 0 0
0 0.6037807377 0.4227115385 0.0569877049 0.014 0.5779016393 0.4174759615 2 0.5781270492 0.4286961538 2 0.630227459 0.4285471154 2 0.6297766393 0.4172182692 2 0 0 0 0 0 0
0 0.4882069672 0.4201346154 0.0574385246 0.014 0.4631680328 0.4146817308 2 0.4627213115 0.4260336538 2 0.5149098361 0.4259740385 2 0.5144590164 0.4146451923 2 0 0 0 0 0 0
0 0.4799795082 0.4192548077 0.0593442623 0.014125 0.4548114754 0.4248961538 2 0.4543606557 0.4133557692 2 0.5067151639 0.4134615385 2 0.5064897541 0.4243673077 2 0 0 0 0 0 0
0 0.5432889344 0.4212403846 0.0574385246 0.014 0.5182397541 0.4157875 2 0.5177930328 0.4271394231 2 0.5699815574 0.4270798077 2 0.5695307377 0.4157509615 2 0 0 0 0 0 0
0 0.5350409836 0.4197644231 0.0593442623 0.014125 0.5098831967 0.4254115385 2 0.509432377 0.4138711538 2 0.5617889344 0.4139769231 2 0.5615635246 0.4248826923 2 0 0 0 0 0 0
0 0.5928688525 0.4206298077 0.0593442623 0.014125 0.5677008197 0.4262711538 2 0.56725 0.4147298077 2 0.6196065574 0.4148355769 2 0.6193811475 0.4257413462 2 0 0 0 0 0 0
0 0.4067930328 0.4337115385 0.0574385246 0.014 0.3817479508 0.4282538462 2 0.3813012295 0.4396057692 2 0.4334897541 0.4395461538 2 0.4330389344 0.4282173077 2 0 0 0 0 0 0
0 0.350625 0.4334423077 0.0574385246 0.014 0.3255778689 0.4279855769 2 0.3251290984 0.4393375 2 0.3773196721 0.4392778846 2 0.3768688525 0.4279490385 2 0 0 0 0 0 0
0 0.2937192623 0.4325769231 0.0574385246 0.014 0.2686741803 0.4271259615 2 0.268227459 0.4384788462 2 0.3204159836 0.4384182692 2 0.3199651639 0.4270894231 2 0 0 0 0 0 0
0 0.2850204918 0.4307451923 0.0602868852 0.0154711538 0.2591004098 0.4370836538 2 0.2591004098 0.4242375 2 0.3121864754 0.4244990385 2 0.3121864754 0.4376951923 2 0 0 0 0 0 0
0 0.3406557377 0.4312644231 0.0602868852 0.0154711538 0.3147233607 0.4375990385 2 0.3147233607 0.4247528846 2 0.367807377 0.4250144231 2 0.367807377 0.4382105769 2 0 0 0 0 0 0
0 0.3984631148 0.4316875 0.0602868852 0.0154711538 0.3725389344 0.4380288462 2 0.3725389344 0.4251826923 2 0.425625 0.4254442308 2 0.425625 0.4386403846 2 0 0 0 0 0 0
0 0.2959118852 0.4174615385 0.0574385246 0.014 0.2708709016 0.4120076923 2 0.2704221311 0.4233596154 2 0.3226127049 0.4233 2 0.3221618852 0.4119711538 2 0 0 0 0 0 0
0 0.2868647541 0.4159663462 0.0602868852 0.0154711538 0.2609303279 0.4223086538 2 0.2609303279 0.4094625 2 0.3140163934 0.409725 2 0.3140163934 0.4229201923 2 0 0 0 0 0 0
0 0.3513627049 0.4180673077 0.0574385246 0.014 0.3263094262 0.4126086538 2 0.3258606557 0.4239615385 2 0.3780512295 0.4239019231 2 0.3776004098 0.4125721154 2 0 0 0 0 0 0
0 0.3450409836 0.4165721154 0.0602868852 0.0154711538 0.3191147541 0.4229096154 2 0.3191147541 0.4100634615 2 0.3721987705 0.4103259615 2 0.3721987705 0.4235221154 2 0 0 0 0 0 0
0 0.406977459 0.4179807692 0.0574385246 0.014 0.3819303279 0.4125230769 2 0.3814836066 0.423875 2 0.4336721311 0.4238153846 2 0.4332213115 0.4124865385 2 0 0 0 0 0 0
0 0.4002868852 0.4168317308 0.0602868852 0.0154711538 0.3743688525 0.4231673077 2 0.3743688525 0.4103211538 2 0.427454918 0.4105836538 2 0.427454918 0.4237798077 2 0 0 0 0 0 0
0 0.210829918 0.4312115385 0.0574385246 0.014 0.1857909836 0.4257519231 2 0.1853442623 0.4371038462 2 0.2375327869 0.4370442308 2 0.2370819672 0.4257153846 2 0 0 0 0 0 0
0 0.1523053279 0.4312884615 0.0574385246 0.014 0.1272622951 0.4258336538 2 0.1268155738 0.4371855769 2 0.1790040984 0.4371259615 2 0.1785532787 0.4257971154 2 0 0 0 0 0 0
0 0.2025204918 0.4293221154 0.0602868852 0.0154711538 0.1765860656 0.4356634615 2 0.1765860656 0.4228173077 2 0.2296721311 0.4230788462 2 0.2296721311 0.436275 2 0 0 0 0 0 0
0 0.145204918 0.4290048077 0.0602868852 0.0154711538 0.1192807377 0.4353480769 2 0.1192807377 0.4225019231 2 0.1723647541 0.4227634615 2 0.1723647541 0.4359596154 2 0 0 0 0 0 0
0 0.0955020492 0.4309711538 0.0574385246 0.014 0.0704610656 0.4255182692 2 0.0700122951 0.4368701923 2 0.1222028689 0.4368105769 2 0.1217520492 0.4254817308 2 0 0 0 0 0 0
0 0.086557377 0.4287740385 0.0602868852 0.0154711538 0.0606290984 0.4351153846 2 0.0606290984 0.4222692308 2 0.1137151639 0.4225317308 2 0.1137151639 0.4357278846 2 0 0 0 0 0 0
0 0.2088627049 0.4165288462 0.0574385246 0.014 0.1838196721 0.4110692308 2 0.1833709016 0.4224211538 2 0.2355614754 0.4223615385 2 0.2351106557 0.4110326923 2 0 0 0 0 0 0
0 0.1517315574 0.4164519231 0.0574385246 0.014 0.1266885246 0.4109990385 2 0.1262418033 0.4223509615 2 0.178432377 0.4222913462 2 0.1779795082 0.4109625 2 0 0 0 0 0 0
0 0.2010040984 0.4152932692 0.0602868852 0.0154711538 0.175079918 0.4216298077 2 0.175079918 0.4087836538 2 0.2281639344 0.4090461538 2 0.2281639344 0.4222423077 2 0 0 0 0 0 0
0 0.1444467213 0.4142451923 0.0602868852 0.0154711538 0.118522541 0.4205846154 2 0.118522541 0.4077384615 2 0.1716065574 0.4080009615 2 0.1716065574 0.4211971154 2 0 0 0 0 0 0
0 0.0872131148 0.4141394231 0.0602868852 0.0154711538 0.0612971311 0.4204807692 2 0.0612971311 0.4076346154 2 0.1143831967 0.4078961538 2 0.1143831967 0.4210923077 2 0 0 0 0 0 0
0 0.0942930328 0.4159326923 0.0574385246 0.014 0.0692418033 0.4104759615 2 0.068795082 0.4218288462 2 0.1209836066 0.4217682692 2 0.1205327869 0.4104394231 2 0 0 0 0 0 0
0 0.3545184426 0.3875865385 0.0396106557 0.0078653846 0.336272541 0.3842269231 2 0.336397541 0.3913432692 2 0.3352213115 0.3914269231 2 0.3729897541 0.3844951923 2 0 0 0 0 0 0
0 0.2322233607 0.3849038462 0.0396106557 0.0078653846 0.2139631148 0.3815403846 2 0.2140881148 0.3886567308 2 0.2129118852 0.3887403846 2 0.2506803279 0.3818076923 2 0 0 0 0 0 0
0 0.3126536885 0.3869519231 0.0396106557 0.0078653846 0.2943995902 0.3835903846 2 0.2945245902 0.3907076923 2 0.2933483607 0.3907903846 2 0.3311168033 0.3838586538 2 0 0 0 0 0 0
0 0.271977459 0.3861730769 0.0396106557 0.0078653846 0.2537315574 0.3828125 2 0.2538565574 0.3899288462 2 0.2526782787 0.3900125 2 0.2904487705 0.3830807692 2 0 0 0 0 0 0
0 0.3622028689 0.3871634615 0.0396106557 0.0078653846 0.343954918 0.3905317308 2 0.344079918 0.3834153846 2 0.3803278689 0.3835057692 2 0.3806721311 0.3902644231 2 0 0 0 0 0 0
0 0.3206454918 0.3864615385 0.0396106557 0.0078653846 0.3023831967 0.389825 2 0.3025081967 0.3827086538 2 0.301329918 0.382625 2 0.3400184426 0.3897384615 2 0 0 0 0 0 0
0 0.2792110656 0.38625 0.0396106557 0.0078653846 0.2609610656 0.3896125 2 0.2610860656 0.3824961538 2 0.2599098361 0.3824125 2 0.2985983607 0.3895269231 2 0 0 0 0 0 0
0 0.2392930328 0.3850432692 0.0396106557 0.0080096154 0.2210471311 0.3884817308 2 0.2205614754 0.3811 2 0.2199938525 0.3811413462 2 0.258682377 0.3883951923 2 0 0 0 0 0 0
0 0.3650922131 0.3765 0.0396106557 0.0078653846 0.3468319672 0.3798653846 2 0.3469569672 0.3727490385 2 0.383204918 0.3728394231 2 0.3835512295 0.3795980769 2 0 0 0 0 0 0
0 0.3548258197 0.3768557692 0.0396106557 0.0078653846 0.3365758197 0.3734894231 2 0.3367008197 0.3806067308 2 0.3355245902 0.3806894231 2 0.3732930328 0.3737576923 2 0 0 0 0 0 0
0 0.3237397541 0.3759326923 0.0396106557 0.0078653846 0.3054856557 0.3792971154 2 0.3056086066 0.3721807692 2 0.3418565574 0.3722701923 2 0.3422028689 0.3790288462 2 0 0 0 0 0 0
0 0.3142315574 0.3761442308 0.0396106557 0.0078653846 0.2959856557 0.3727788462 2 0.2961086066 0.3798951923 2 0.294932377 0.3799788462 2 0.3327028689 0.3730461538 2 0 0 0 0 0 0
0 0.282079918 0.3750096154 0.0396106557 0.0078653846 0.2638340164 0.3783721154 2 0.2639569672 0.3712557692 2 0.3002069672 0.3713461538 2 0.3005512295 0.3781048077 2 0 0 0 0 0 0
0 0.2747745902 0.3749663462 0.0403688525 0.0082211538 0.2561516393 0.3717826923 2 0.2562766393 0.3789 2 0.2551086066 0.3789788462 2 0.2942622951 0.3719163462 2 0 0 0 0 0 0
0 0.2328278689 0.3742548077 0.0403688525 0.0082211538 0.2141987705 0.3710721154 2 0.2143217213 0.3781884615 2 0.2131557377 0.3782673077 2 0.2523094262 0.3712048077 2 0 0 0 0 0 0
0 0.2407479508 0.3738653846 0.0396106557 0.0078653846 0.2224856557 0.3772346154 2 0.2226106557 0.3701182692 2 0.2588586066 0.3702076923 2 0.2592028689 0.3769673077 2 0 0 0 0 0 0
0 0.355829918 0.3663365385 0.0396106557 0.0078653846 0.3375717213 0.3629740385 2 0.3376967213 0.3700903846 2 0.3743319672 0.37005 2 0.3742889344 0.3632423077 2 0 0 0 0 0 0
0 0.365829918 0.3653365385 0.0396106557 0.0078653846 0.347579918 0.3687076923 2 0.3477028689 0.3615913462 2 0.3839528689 0.3616807692 2 0.3842971311 0.3684403846 2 0 0 0 0 0 0
0 0.3250102459 0.3646442308 0.0396106557 0.0078653846 0.3067663934 0.3680067308 2 0.3068893443 0.3608903846 2 0.3431393443 0.3609798077 2 0.3434836066 0.3677394231 2 0 0 0 0 0 0
0 0.3165061475 0.3661634615 0.0396106557 0.0078653846 0.2982520492 0.3627990385 2 0.298375 0.3699153846 2 0.3350122951 0.369875 2 0.3349692623 0.3630663462 2 0 0 0 0 0 0
0 0.285317623 0.3645769231 0.0396106557 0.0078653846 0.2670717213 0.3679480769 2 0.2671967213 0.3608317308 2 0.3034446721 0.3609211538 2 0.3037909836 0.3676807692 2 0 0 0 0 0 0
0 0.2747028689 0.3653461538 0.0396106557 0.0078653846 0.256442623 0.3619807692 2 0.256567623 0.3690980769 2 0.2932028689 0.3690567308 2 0.2931598361 0.3622490385 2 0 0 0 0 0 0
0 0.243022541 0.3644615385 0.0396106557 0.0078653846 0.2247663934 0.3678317308 2 0.2248893443 0.3607144231 2 0.2611393443 0.3608048077 2 0.2614836066 0.3675634615 2 0 0 0 0 0 0
0 0.2355020492 0.3651057692 0.0396106557 0.0078653846 0.2172459016 0.3617471154 2 0.2173709016 0.3688644231 2 0.2540081967 0.3688230769 2 0.2539651639 0.3620153846 2 0 0 0 0 0 0
0 0.3595594262 0.3569423077 0.0396106557 0.0078653846 0.3412991803 0.3535826923 2 0.3414241803 0.3606990385 2 0.3780594262 0.3606586538 2 0.3780163934 0.3538509615 2 0 0 0 0 0 0
0 0.3654610656 0.3547884615 0.0396106557 0.0078653846 0.347204918 0.3581509615 2 0.347329918 0.3510346154 2 0.3835778689 0.3511240385 2 0.3839241803 0.3578836538 2 0 0 0 0 0 0
0 0.3215266393 0.3560673077 0.0396106557 0.0078653846 0.3032786885 0.3527076923 2 0.3034036885 0.3598240385 2 0.3400409836 0.3597836538 2 0.3399979508 0.352975 2 0 0 0 0 0 0
0 0.2831454918 0.3554903846 0.0396106557 0.0078653846 0.2648872951 0.3521240385 2 0.2650122951 0.3592413462 2 0.301647541 0.3592 2 0.3016045082 0.3523923077 2 0 0 0 0 0 0
0 0.2447438525 0.3545 0.0396106557 0.0078653846 0.2264959016 0.3511326923 2 0.2266188525 0.3582490385 2 0.2632561475 0.3582086538 2 0.2632131148 0.3514009615 2 0 0 0 0 0 0
0 0.3258504098 0.3555384615 0.0396106557 0.0078653846 0.3075881148 0.3589057692 2 0.3077110656 0.3517894231 2 0.3439590164 0.3518788462 2 0.3443053279 0.3586384615 2 0 0 0 0 0 0
0 0.2869159836 0.3553653846 0.0396106557 0.0078653846 0.2686577869 0.3587307692 2 0.2687827869 0.3516144231 2 0.3050307377 0.3517038462 2 0.305375 0.3584634615 2 0 0 0 0 0 0
0 0.2483504098 0.3541442308 0.0396106557 0.0078653846 0.230102459 0.3575076923 2 0.2302254098 0.3503913462 2 0.2664754098 0.3504807692 2 0.2668196721 0.3572394231 2 0 0 0 0 0 0
0 0.3661987705 0.3437788462 0.0396106557 0.0090961538 0.3479795082 0.3473884615 2 0.3480758197 0.3394115385 2 0.3843237705 0.3395019231 2 0.3844856557 0.347825 2 0 0 0 0 0 0
0 0.3608094262 0.3455288462 0.0396106557 0.0090961538 0.3425778689 0.3419105769 2 0.3426741803 0.3498865385 2 0.3789221311 0.3497971154 2 0.3790840164 0.3414740385 2 0 0 0 0 0 0
0 0.3205635246 0.3457019231 0.0396106557 0.0090961538 0.3023442623 0.3420855769 2 0.3024405738 0.3500615385 2 0.3386885246 0.3499721154 2 0.338852459 0.3416490385 2 0 0 0 0 0 0
0 0.3263422131 0.3438653846 0.0396106557 0.0090961538 0.3081188525 0.347475 2 0.3082151639 0.3394990385 2 0.3444631148 0.3395894231 2 0.3446270492 0.3479125 2 0 0 0 0 0 0
0 0.2790266393 0.3446538462 0.0396106557 0.0090961538 0.260807377 0.3410365385 2 0.2609036885 0.3490134615 2 0.2971516393 0.3489230769 2 0.2973155738 0.3406 2 0 0 0 0 0 0
0 0.2382479508 0.34325 0.0396106557 0.0090961538 0.2200163934 0.3396384615 2 0.2201127049 0.3476144231 2 0.2563606557 0.347525 2 0.256522541 0.3392019231 2 0 0 0 0 0 0
0 0.5395389344 0.3427355769 0.0381352459 0.008375 0.5581086066 0.3386576923 2 0.5209446721 0.3386576923 2 0.5581086066 0.3467663462 2 0.5581086066 0.3468221154 2 0 0 0 0 0 0
0 0.5452254098 0.3416442308 0.0370081967 0.0068846154 0.56325 0.3450048077 2 0.5271782787 0.3450048077 2 0.5632479508 0.3383375 2 0.5630758197 0.3464769231 2 0 0 0 0 0 0
0 0.5776536885 0.3436057692 0.0355532787 0.0078461538 0.5949856557 0.3397788462 2 0.5603196721 0.3397788462 2 0.5949856557 0.3473778846 2 0.5949856557 0.3474307692 2 0 0 0 0 0 0
0 0.5839856557 0.3428894231 0.0357172131 0.0075673077 0.6013913934 0.346575 2 0.566567623 0.346575 2 0.6013913934 0.3392528846 2 0.6013913934 0.3392028846 2 0 0 0 0 0 0
0 0.615942623 0.3446538462 0.0371721311 0.0081538462 0.6340512295 0.3406846154 2 0.5978237705 0.3406846154 2 0.6340512295 0.348575 2 0.6340512295 0.3486298077 2 0 0 0 0 0 0
0 0.6236270492 0.3434182692 0.0371721311 0.0074134615 0.6417418033 0.3470278846 2 0.6055143443 0.3470278846 2 0.6417418033 0.3398519231 2 0.6417418033 0.3398019231 2 0 0 0 0 0 0
0 0.6550204918 0.3452548077 0.0365163934 0.0084519231 0.6728258197 0.3411394231 2 0.6372233607 0.3411394231 2 0.6728258197 0.3493211538 2 0.6729672131 0.3428673077 2 0 0 0 0 0 0
0 0.660625 0.3438269231 0.0323565574 0.0070384615 0.6764036885 0.3472576923 2 0.6448606557 0.3472576923 2 0.6764036885 0.3404461538 2 0.676170082 0.3485826923 2 0 0 0 0 0 0
0 0.5408196721 0.3527788462 0.0406967213 0.0081538462 0.5606393443 0.3488028846 2 0.520977459 0.3488028846 2 0.5606393443 0.3566961538 2 0.5606393443 0.3567509615 2 0 0 0 0 0 0
0 0.5473770492 0.3515769231 0.038442623 0.0077884615 0.5661147541 0.3553663462 2 0.5286372951 0.3553663462 2 0.5661147541 0.3478307692 2 0.5661147541 0.3477778846 2 0 0 0 0 0 0
0 0.5783709016 0.3540576923 0.0302663934 0.0089038462 0.5931290984 0.3497144231 2 0.5636168033 0.3497144231 2 0.5931290984 0.3583365385 2 0.5931290984 0.3583961538 2 0 0 0 0 0 0
0 0.5850204918 0.3525913462 0.0329918033 0.0089134615 0.6011045082 0.3569307692 2 0.5689364754 0.3569307692 2 0.6011045082 0.3483038462 2 0.6011045082 0.3482432692 2 0 0 0 0 0 0
0 0.6151331967 0.3547692308 0.0374795082 0.0089807692 0.6334077869 0.3503913462 2 0.5968668033 0.3503913462 2 0.6334077869 0.3590865385 2 0.6334077869 0.3591471154 2 0 0 0 0 0 0
0 0.6225 0.3530336538 0.0368442623 0.0080096154 0.6404631148 0.3569423077 2 0.6045491803 0.3569423077 2 0.6402868852 0.3493346154 2 0.6399672131 0.3576067308 2 0 0 0 0 0 0
0 0.6539959016 0.3555576923 0.0354098361 0.0083076923 0.6712377049 0.3515105769 2 0.6367295082 0.3515105769 2 0.6712397541 0.3595509615 2 0.6712377049 0.3596067308 2 0 0 0 0 0 0
0 0.6598258197 0.3539038462 0.0326844262 0.0076346154 0.6757581967 0.3576230769 2 0.6439036885 0.3576230769 2 0.6757581967 0.3502336538 2 0.6757581967 0.3501826923 2 0 0 0 0 0 0
0 0.5409631148 0.3628557692 0.0371721311 0.0075576923 0.5590819672 0.3591682692 2 0.5228545082 0.3591682692 2 0.5590819672 0.3664846154 2 0.5590819672 0.3665346154 2 0 0 0 0 0 0
0 0.5481864754 0.3614951923 0.0362090164 0.0077788462 0.5658217213 0.3652884615 2 0.5305307377 0.3652884615 2 0.5658217213 0.3577567308 2 0.5658217213 0.3577048077 2 0 0 0 0 0 0
0 0.5793340164 0.3636730769 0.0341188525 0.0083076923 0.5959651639 0.3596288462 2 0.5627028689 0.3596288462 2 0.5959651639 0.3676730769 2 0.5959651639 0.3677288462 2 0 0 0 0 0 0
0 0.5875922131 0.3629278846 0.0362090164 0.0085288462 0.6052295082 0.3670836538 2 0.5699385246 0.3670836538 2 0.6052295082 0.3588240385 2 0.6052295082 0.3587663462 2 0 0 0 0 0 0
0 0.6185758197 0.3648028846 0.0357172131 0.0087596154 0.6359918033 0.3605365385 2 0.601170082 0.3605365385 2 0.6359918033 0.3690173077 2 0.6359918033 0.3690769231 2 0 0 0 0 0 0
0 0.6246618852 0.3639038462 0.0344467213 0.0083846154 0.641454918 0.3679875 2 0.6078811475 0.3679875 2 0.641454918 0.3598740385 2 0.641454918 0.3598173077 2 0 0 0 0 0 0
0 0.6550922131 0.3656730769 0.0337909836 0.0082307692 0.671579918 0.3616567308 2 0.6386311475 0.3616567308 2 0.671579918 0.3696298077 2 0.671579918 0.3696846154 2 0 0 0 0 0 0
0 0.6615881148 0.3649519231 0.0323565574 0.0080769231 0.6773647541 0.3688932692 2 0.6458217213 0.3688932692 2 0.6773647541 0.3610711538 2 0.6773647541 0.3610173077 2 0 0 0 0 0 0
0 0.5401741803 0.3724807692 0.0374795082 0.0078653846 0.5584364754 0.3686432692 2 0.521897541 0.3686432692 2 0.5584364754 0.3762538462 2 0.5584364754 0.3763067308 2 0 0 0 0 0 0
0 0.5495389344 0.3716442308 0.0379713115 0.0073269231 0.5680430328 0.3752163462 2 0.5310348361 0.3752163462 2 0.5680430328 0.368125 2 0.5680430328 0.3680759615 2 0 0 0 0 0 0
0 0.580204918 0.3741682692 0.0349180328 0.0071826923 0.5972356557 0.3706634615 2 0.5631946721 0.3706634615 2 0.5972356557 0.3776211538 2 0.5972356557 0.3776692308 2 0 0 0 0 0 0
0 0.5880737705 0.3724759615 0.0333196721 0.008375 0.6043053279 0.3765557692 2 0.5718258197 0.3765557692 2 0.6043053279 0.3684461538 2 0.6043053279 0.3683903846 2 0 0 0 0 0 0
0 0.6173872951 0.3748461538 0.0362090164 0.0076346154 0.6350245902 0.3711201923 2 0.5997336066 0.3711201923 2 0.6350245902 0.3785144231 2 0.6350245902 0.3785653846 2 0 0 0 0 0 0
0 0.6257172131 0.373375 0.033647541 0.0065769231 0.6421065574 0.3765788462 2 0.6093135246 0.3765788462 2 0.6421065574 0.3702163462 2 0.6421065574 0.3701721154 2 0 0 0 0 0 0
0 0.6555122951 0.3752884615 0.033647541 0.0076346154 0.6719016393 0.3715711538 2 0.6391086066 0.3715711538 2 0.6719016393 0.3789653846 2 0.6719016393 0.3790173077 2 0 0 0 0 0 0
0 0.6631967213 0.3740480769 0.033647541 0.0070192308 0.6795901639 0.377475 2 0.6467991803 0.377475 2 0.6795901639 0.3706759615 2 0.6795901639 0.3706288462 2 0 0 0 0 0 0
0 0.5406557377 0.3828461538 0.038442623 0.0087692308 0.5593872951 0.3785759615 2 0.5219098361 0.3785759615 2 0.5593872951 0.3870653846 2 0.5593872951 0.3871240385 2 0 0 0 0 0 0
0 0.5501127049 0.3816442308 0.0381352459 0.0080769231 0.568682377 0.3855798077 2 0.5315163934 0.3855798077 2 0.568682377 0.3777653846 2 0.568682377 0.3777115385 2 0 0 0 0 0 0
0 0.580625 0.3836442308 0.0328483607 0.0080961538 0.5966209016 0.3796951923 2 0.5646106557 0.3796951923 2 0.5966209016 0.3875298077 2 0.5966209016 0.3875836538 2 0 0 0 0 0 0
0 0.5887807377 0.3820240385 0.0337909836 0.0082211538 0.6052602459 0.3860288462 2 0.5723114754 0.3860288462 2 0.6052602459 0.3780692308 2 0.6052602459 0.3780134615 2 0 0 0 0 0 0
0 0.6177766393 0.3836730769 0.0341188525 0.0086153846 0.6344098361 0.3794769231 2 0.6011495902 0.3794769231 2 0.6344098361 0.3878201923 2 0.6344098361 0.3878778846 2 0 0 0 0 0 0
0 0.6252971311 0.3828509615 0.0337909836 0.0074711538 0.6417827869 0.3864894231 2 0.6088340164 0.3864894231 2 0.6417827869 0.3792576923 2 0.6417827869 0.3792076923 2 0 0 0 0 0 0
0 0.6535860656 0.3852596154 0.033647541 0.0081730769 0.6699795082 0.381275 2 0.6371864754 0.381275 2 0.6699795082 0.3891826923 2 0.6699795082 0.3892375 2 0 0 0 0 0 0
0 0.6650512295 0.3836394231 0.0363729508 0.0072403846 0.6827602459 0.3871692308 2 0.6473135246 0.3871692308 2 0.6827602459 0.3801557692 2 0.6827602459 0.3801067308 2 0 0 0 0 0 0
0 0.5369672131 0.3928413462 0.0387704918 0.0089134615 0.5558586066 0.3885 2 0.5180696721 0.3885 2 0.5558586066 0.3971298077 2 0.5558586066 0.3971894231 2 0 0 0 0 0 0
0 0.5451331967 0.3912644231 0.0358811475 0.0086826923 0.5626229508 0.3954942308 2 0.5276434426 0.3954942308 2 0.5626229508 0.3870923077 2 0.5626229508 0.3870336538 2 0 0 0 0 0 0
0 0.5769262295 0.3935192308 0.0350819672 0.0093653846 0.5940307377 0.3889567308 2 0.5598319672 0.3889567308 2 0.5940307377 0.3980230769 2 0.5940307377 0.3980865385 2 0 0 0 0 0 0
0 0.5856659836 0.3920192308 0.0342827869 0.0080769231 0.6023709016 0.3959528846 2 0.5689528689 0.3959528846 2 0.6023709016 0.3881336538 2 0.6023709016 0.3880788462 2 0 0 0 0 0 0
0 0.6155430328 0.3948317308 0.0373155738 0.0088365385 0.6337295082 0.3905288462 2 0.5973463115 0.3905288462 2 0.6337295082 0.3990865385 2 0.6337295082 0.3991451923 2 0 0 0 0 0 0
0 0.6246721311 0.3930721154 0.0382786885 0.0077788462 0.6433278689 0.3968586538 2 0.6060081967 0.3968586538 2 0.643329918 0.3893307692 2 0.6433278689 0.3892778846 2 0 0 0 0 0 0
0 0.6567930328 0.3959326923 0.0381352459 0.0087692308 0.6753688525 0.3916557692 2 0.638204918 0.3916557692 2 0.6753688525 0.4001403846 2 0.6753688525 0.4001990385 2 0 0 0 0 0 0
0 0.6676844262 0.3943798077 0.0368442623 0.0092019231 0.6856372951 0.3988701923 2 0.6497233607 0.3988701923 2 0.6856372951 0.3899596154 2 0.6856372951 0.3898980769 2 0 0 0 0 0 0
0 0.4215266393 0.3123942308 0.0576844262 0.0147884615 0.4496516393 0.3195990385 2 0.393420082 0.3195990385 2 0.4496516393 0.3052817308 2 0.4496516393 0.3051826923 2 0 0 0 0 0 0
0 0.4290983607 0.3143269231 0.0578688525 0.0144423077 0.4573155738 0.3072875 2 0.4008954918 0.3072875 2 0.4573155738 0.3212701923 2 0.4573155738 0.3213673077 2 0 0 0 0 0 0
0 0.4804610656 0.3130673077 0.0548155738 0.0150576923 0.507182377 0.3204048077 2 0.4537520492 0.3204048077 2 0.507182377 0.3058269231 2 0.507182377 0.3057259615 2 0 0 0 0 0 0
0 0.4865983607 0.315 0.0555737705 0.0141730769 0.5136905738 0.3080932692 2 0.4595122951 0.3080932692 2 0.5136885246 0.3218153846 2 0.5136905738 0.3219105769 2 0 0 0 0 0 0
0 0.5342213115 0.3133798077 0.0507786885 0.0149711538 0.5589795082 0.3206759615 2 0.5094713115 0.3206759615 2 0.5589795082 0.3061846154 2 0.5589795082 0.3060846154 2 0 0 0 0 0 0
0 0.5428586066 0.3152259615 0.0519467213 0.0140865385 0.5681639344 0.3083615385 2 0.5175368852 0.3083615385 2 0.5681639344 0.3219971154 2 0.5681639344 0.3220923077 2 0 0 0 0 0 0
0 0.4221004098 0.2966009615 0.0565368852 0.0156057692 0.4496659836 0.3042105769 2 0.3945553279 0.3042105769 2 0.4496659836 0.2891038462 2 0.4496659836 0.2889980769 2 0 0 0 0 0 0
0 0.429579918 0.2977740385 0.0599795082 0.0137211538 0.4588217213 0.2910913462 2 0.4003483607 0.2910913462 2 0.4588217213 0.3043711538 2 0.4588217213 0.3044634615 2 0 0 0 0 0 0
0 0.489375 0.2993509615 0.0530942623 0.0141634615 0.5152540984 0.2924451923 2 0.4635061475 0.2924451923 2 0.4635061475 0.3062567308 2 0.5152540984 0.3062567308 2 0 0 0 0 0 0
0 0.4812397541 0.2966057692 0.0540368852 0.0134423077 0.5075758197 0.3031586538 2 0.4548934426 0.3031586538 2 0.5075758197 0.2901413462 2 0.5075758197 0.2900509615 2 0 0 0 0 0 0
0 0.5368135246 0.2983125 0.0525204918 0.0111057692 0.5624077869 0.3037278846 2 0.5112192623 0.3037278846 2 0.5624077869 0.292975 2 0.5624077869 0.2929 2 0 0 0 0 0 0
0 0.5447643443 0.3007451923 0.0511680328 0.0131826923 0.5697069672 0.2943221154 2 0.5198258197 0.2943221154 2 0.5697069672 0.3070798077 2 0.5697069672 0.3071692308 2 0 0 0 0 0 0
0 0.4313934426 0.2820336538 0.0555737705 0.0134519231 0.4584938525 0.2885903846 2 0.4043155738 0.2885903846 2 0.4584938525 0.2755663462 2 0.4584938525 0.2754759615 2 0 0 0 0 0 0
0 0.4436680328 0.2837403846 0.0617213115 0.0137115385 0.4737479508 0.2770625 2 0.4135942623 0.2770625 2 0.47375 0.2903355769 2 0.4737479508 0.2904278846 2 0 0 0 0 0 0
0 0.4896618852 0.2832019231 0.0548155738 0.0111153846 0.5163831967 0.2886201923 2 0.4629528689 0.2886201923 2 0.5163831967 0.2778605769 2 0.5163831967 0.2777855769 2 0 0 0 0 0 0
0 0.5040471311 0.2850048077 0.0582581967 0.0129903846 0.5324385246 0.2786721154 2 0.4756434426 0.2786721154 2 0.5324364754 0.2912490385 2 0.5324385246 0.2913365385 2 0 0 0 0 0 0
0 0.5465881148 0.2832019231 0.0536680328 0.0121923077 0.5727418033 0.2891461538 2 0.520432377 0.2891461538 2 0.5727418033 0.2773413462 2 0.5727418033 0.2772596154 2 0 0 0 0 0 0
0 0.5624077869 0.2873413462 0.0542418033 0.0144326923 0.5888340164 0.2803086538 2 0.5359631148 0.2803086538 2 0.5888340164 0.2942807692 2 0.5888340164 0.2943778846 2 0 0 0 0 0 0
0 0.445204918 0.2665192308 0.0578688525 0.0158846154 0.4734139344 0.2742605769 2 0.4169938525 0.2742605769 2 0.4734139344 0.2588798077 2 0.4734139344 0.2587730769 2 0 0 0 0 0 0
0 0.4549897541 0.2692596154 0.0590368852 0.0149615385 0.4837479508 0.2619701923 2 0.4262090164 0.2619701923 2 0.4837479508 0.2764567308 2 0.4837479508 0.2765576923 2 0 0 0 0 0 0
0 0.5067213115 0.2680913462 0.0567213115 0.0122019231 0.5343729508 0.2740375 2 0.4790758197 0.2740375 2 0.5343729508 0.2622269231 2 0.5343729508 0.2621451923 2 0 0 0 0 0 0
0 0.5147745902 0.2721394231 0.0567213115 0.0131634615 0.5424221311 0.2657240385 2 0.487125 0.2657240385 2 0.5424221311 0.2784711538 2 0.5424221311 0.2785596154 2 0 0 0 0 0 0
0 0.561352459 0.2702019231 0.0486885246 0.0128269231 0.5850696721 0.2764576923 2 0.5376188525 0.2764576923 2 0.5850696721 0.2640384615 2 0.5850696721 0.2639519231 2 0 0 0 0 0 0
0 0.5714139344 0.2723653846 0.051557377 0.012 0.5965327869 0.2665192308 2 0.5462786885 0.2665192308 2 0.5965327869 0.2781336538 2 0.5965327869 0.2782144231 2 0 0 0 0 0 0
0 0.441670082 0.2523557692 0.0519467213 0.0102307692 0.4669733607 0.2573355769 2 0.4163442623 0.2573355769 2 0.4669733607 0.2474346154 2 0.4669733607 0.2473653846 2 0 0 0 0 0 0
0 0.4530737705 0.2548317308 0.0575 0.010375 0.4810840164 0.2497721154 2 0.4250389344 0.2497721154 2 0.4810840164 0.2598115385 2 0.4810840164 0.2598817308 2 0 0 0 0 0 0
0 0.5023258197 0.2529759615 0.0548155738 0.0100480769 0.5290307377 0.2578778846 2 0.4756004098 0.2578778846 2 0.5290307377 0.2481509615 2 0.5290307377 0.2480826923 2 0 0 0 0 0 0
0 0.5125717213 0.2562259615 0.0534631148 0.012625 0.5386311475 0.2500701923 2 0.4865081967 0.2500701923 2 0.5386311475 0.2622875 2 0.5386311475 0.2623721154 2 0 0 0 0 0 0
0 0.5585553279 0.2552307692 0.0511680328 0.0098653846 0.5835061475 0.2600384615 2 0.533625 0.2600384615 2 0.5835061475 0.2504865385 2 0.5835061475 0.2504201923 2 0 0 0 0 0 0
0 0.5670901639 0.2573413462 0.0509836066 0.0100096154 0.5919405738 0.2524653846 2 0.5422479508 0.2524653846 2 0.5919405738 0.2621576923 2 0.5919405738 0.262225 2 0 0 0 0 0 0
0 0.616147541 0.3094663462 0.049057377 0.0106634615 0.6400696721 0.3042721154 2 0.5922438525 0.3042721154 2 0.6400696721 0.3145913462 2 0.6400696721 0.3146634615 2 0 0 0 0 0 0
0 0.6223872951 0.3055961538 0.0488729508 0.0121923077 0.646204918 0.3115375 2 0.5985655738 0.3115375 2 0.646204918 0.2997394231 2 0.646204918 0.2996567308 2 0 0 0 0 0 0
0 0.6700922131 0.3090144231 0.0546106557 0.0108365385 0.696727459 0.3037346154 2 0.6434836066 0.3037346154 2 0.696727459 0.3142288462 2 0.696727459 0.3143009615 2 0 0 0 0 0 0
0 0.6765266393 0.3069519231 0.0525204918 0.0127307692 0.7021209016 0.31315 2 0.650932377 0.31315 2 0.7021209016 0.3008288462 2 0.7021209016 0.3007432692 2 0 0 0 0 0 0
0 0.7228995902 0.3089711538 0.0463729508 0.0112884615 0.7455102459 0.3034701923 2 0.7003012295 0.3034701923 2 0.7455102459 0.3144 2 0.7455102459 0.3144759615 2 0 0 0 0 0 0
0 0.7294262295 0.3059951923 0.0479098361 0.0119134615 0.7527745902 0.3118115385 2 0.7060696721 0.3118115385 2 0.7527745902 0.3002740385 2 0.7527745902 0.3001932692 2 0 0 0 0 0 0
0 0.6175922131 0.3243076923 0.0530942623 0.0122884615 0.6434692623 0.3183211538 2 0.5917192623 0.3183211538 2 0.6434672131 0.3302144231 2 0.6434692623 0.3302971154 2 0 0 0 0 0 0
0 0.6211372951 0.3207980769 0.0475204918 0.0130769231 0.6443053279 0.3271740385 2 0.5979733607 0.3271740385 2 0.6443053279 0.3145105769 2 0.6443053279 0.3144230769 2 0 0 0 0 0 0
0 0.6708811475 0.3242163462 0.0492622951 0.0131826923 0.6948790984 0.3177932692 2 0.6468668033 0.3177932692 2 0.6948790984 0.3305567308 2 0.6948790984 0.3306461538 2 0 0 0 0 0 0
0 0.6746106557 0.3210721154 0.0486885246 0.0147019231 0.6983360656 0.3282326923 2 0.6508831967 0.3282326923 2 0.6983360656 0.3140028846 2 0.6983360656 0.3139038462 2 0 0 0 0 0 0
0 0.7176229508 0.3227788462 0.0507786885 0.0113846154 0.7423893443 0.3172307692 2 0.6928811475 0.3172307692 2 0.7423893443 0.3282528846 2 0.7423893443 0.3283298077 2 0 0 0 0 0 0
0 0.7282786885 0.3203461538 0.0433196721 0.0129038462 0.7493831967 0.3266365385 2 0.7071618852 0.3266365385 2 0.7493831967 0.3141480769 2 0.7493831967 0.3140605769 2 0 0 0 0 0 0
0 0.7059528689 0.3457163462 0.0435040984 0.0087019231 0.7271495902 0.3414778846 2 0.6847418033 0.3414778846 2 0.7271495902 0.3498971154 2 0.7271495902 0.3499557692 2 0 0 0 0 0 0
0 0.7115983607 0.3439615385 0.0421721311 0.0083076923 0.7321495902 0.3480076923 2 0.6910491803 0.3480076923 2 0.732147541 0.3399692308 2 0.7321495902 0.3399134615 2 0 0 0 0 0 0
0 0.7554918033 0.3476105769 0.0425409836 0.0103173077 0.7762233607 0.3425769231 2 0.73475 0.3425769231 2 0.7762233607 0.3525644231 2 0.7762233607 0.3526346154 2 0 0 0 0 0 0
0 0.7572131148 0.3445 0.0390983607 0.0093846154 0.7762663934 0.3490730769 2 0.7381557377 0.3490730769 2 0.7762663934 0.3399903846 2 0.7762663934 0.3399269231 2 0 0 0 0 0 0
0 0.798227459 0.3485048077 0.0452254098 0.008875 0.8202684426 0.3441778846 2 0.7761803279 0.3441778846 2 0.8202684426 0.3527721154 2 0.8202684426 0.3528317308 2 0 0 0 0 0 0
0 0.8060860656 0.3448173077 0.0448360656 0.0092884615 0.8279405738 0.3493442308 2 0.7842233607 0.3493442308 2 0.8279405738 0.3403480769 2 0.8279405738 0.3402855769 2 0 0 0 0 0 0
0 0.704692623 0.3581298077 0.0467622951 0.0097788462 0.7274918033 0.3533615385 2 0.6819077869 0.3533615385 2 0.7274918033 0.3628317308 2 0.7274918033 0.3628971154 2 0 0 0 0 0 0
0 0.7114036885 0.3559278846 0.0440778689 0.0102788462 0.7328913934 0.3609326923 2 0.6899221311 0.3609326923 2 0.7328913934 0.3509836538 2 0.7328913934 0.3509144231 2 0 0 0 0 0 0
0 0.7507889344 0.3585817308 0.0435040984 0.0106826923 0.7719959016 0.3533730769 2 0.7295860656 0.3533730769 2 0.7719959016 0.3637134615 2 0.7719959016 0.3637855769 2 0 0 0 0 0 0
0 0.7579815574 0.3563317308 0.0452254098 0.0100096154 0.780022541 0.3612057692 2 0.735932377 0.3612057692 2 0.780022541 0.3515182692 2 0.780022541 0.3514509615 2 0 0 0 0 0 0
0 0.7973668033 0.3592067308 0.0469467213 0.0087019231 0.8202479508 0.3549673077 2 0.774477459 0.3549673077 2 0.8202479508 0.3633923077 2 0.8202479508 0.3634509615 2 0 0 0 0 0 0
0 0.8049385246 0.3590769231 0.0425409836 0.0104615385 0.7840430328 0.3637403846 2 0.7841946721 0.3641692308 2 0.825670082 0.3539836538 2 0.8265881148 0.365 2 0 0 0 0 0 0
0 0.7094877049 0.3732788462 0.0425409836 0.00825 0.730227459 0.3692596154 2 0.6887540984 0.3692596154 2 0.730227459 0.3772442308 2 0.730227459 0.3772990385 2 0 0 0 0 0 0
0 0.7132172131 0.3705288462 0.0442622951 0.0107307692 0.7348053279 0.3757653846 2 0.6916495902 0.3757653846 2 0.7348053279 0.365375 2 0.7348053279 0.3653028846 2 0 0 0 0 0 0
0 0.755102459 0.3738605769 0.0486885246 0.0077980769 0.778829918 0.3700634615 2 0.7313770492 0.3700634615 2 0.778829918 0.3776125 2 0.778829918 0.3776653846 2 0 0 0 0 0 0
0 0.7616188525 0.3714807692 0.0456147541 0.0115384615 0.7838504098 0.3771038462 2 0.7393872951 0.3771038462 2 0.7838504098 0.3659307692 2 0.7838504098 0.3658528846 2 0 0 0 0 0 0
0 0.7984118852 0.3736394231 0.0387090164 0.0100480769 0.8172848361 0.3687432692 2 0.7795471311 0.3687432692 2 0.8172848361 0.3784692308 2 0.8172848361 0.3785365385 2 0 0 0 0 0 0
0 0.807807377 0.3705288462 0.0390983607 0.0118076923 0.8268627049 0.3762913462 2 0.7887520492 0.3762913462 2 0.8268627049 0.3648567308 2 0.8268627049 0.3647769231 2 0 0 0 0 0 0
0 0.7086270492 0.3843846154 0.0396721311 0.0105 0.7279631148 0.3792701923 2 0.6892930328 0.3792701923 2 0.7279631148 0.3894365385 2 0.7279631148 0.3895067308 2 0 0 0 0 0 0
0 0.713125 0.3825865385 0.0406352459 0.0103653846 0.7329344262 0.3876403846 2 0.693329918 0.3876403846 2 0.7329344262 0.3776038462 2 0.7329344262 0.3775346154 2 0 0 0 0 0 0
0 0.7520286885 0.3854711538 0.0425409836 0.0105 0.7727745902 0.3803490385 2 0.7312991803 0.3803490385 2 0.772772541 0.3905153846 2 0.7727745902 0.3905865385 2 0 0 0 0 0 0
0 0.7566393443 0.3832596154 0.0402459016 0.0117115385 0.7762520492 0.3889721154 2 0.7370204918 0.3889721154 2 0.7762520492 0.3776298077 2 0.7762520492 0.3775509615 2 0 0 0 0 0 0
0 0.7967008197 0.3858317308 0.0444672131 0.0101442308 0.8183627049 0.3808846154 2 0.7750204918 0.3808846154 2 0.8183627049 0.3907028846 2 0.8183627049 0.3907711538 2 0 0 0 0 0 0
0 0.8037704918 0.3837548077 0.0425409836 0.0101826923 0.8245184426 0.3887221154 2 0.783045082 0.3887221154 2 0.8245184426 0.3788596154 2 0.8245184426 0.3787913462 2 0 0 0 0 0 0
0 0.7089139344 0.3971634615 0.0436885246 0.0112307692 0.7302131148 0.3916894231 2 0.6876188525 0.3916894231 2 0.7302131148 0.4025576923 2 0.7302131148 0.4026326923 2 0 0 0 0 0 0
0 0.7112090164 0.3950913462 0.0413934426 0.0101826923 0.7313913934 0.4000528846 2 0.6910389344 0.4000528846 2 0.7313913934 0.3901961538 2 0.7313913934 0.3901269231 2 0 0 0 0 0 0
0 0.7537602459 0.3984615385 0.0460040984 0.0100576923 0.7761803279 0.3935634615 2 0.7313442623 0.3935634615 2 0.7761803279 0.4033 2 0.7761803279 0.4033673077 2 0 0 0 0 0 0
0 0.759897541 0.3951298077 0.0444672131 0.0095480769 0.7815655738 0.3997913462 2 0.7382233607 0.3997913462 2 0.7815655738 0.3905432692 2 0.7815655738 0.3904788462 2 0 0 0 0 0 0
0 0.7996618852 0.3983269231 0.0423565574 0.0103269231 0.8203053279 0.3932971154 2 0.7790184426 0.3932971154 2 0.8203053279 0.4032942308 2 0.8203053279 0.4033634615 2 0 0 0 0 0 0
0 0.8059938525 0.3964375 0.0389139344 0.0107211538 0.8249487705 0.4016644231 2 0.7870245902 0.4016644231 2 0.8249487705 0.3912855769 2 0.8249487705 0.3912134615 2 0 0 0 0 0 0
0 0.8118237705 0.3114903846 0.060942623 0.012 0.8415368852 0.3056375 2 0.7821270492 0.3056375 2 0.8415368852 0.3172576923 2 0.8415368852 0.3173384615 2 0 0 0 0 0 0
0 0.8236168033 0.3083846154 0.0649795082 0.01525 0.8552848361 0.3158163462 2 0.7919528689 0.3158163462 2 0.8552848361 0.3010509615 2 0.8552848361 0.3009480769 2 0 0 0 0 0 0
0 0.871147541 0.3104951923 0.0473360656 0.0132596154 0.8942192623 0.3040346154 2 0.8480758197 0.3040346154 2 0.8942192623 0.3168740385 2 0.8942192623 0.3169625 2 0 0 0 0 0 0
0 0.8814036885 0.3085192308 0.0460040984 0.0133653846 0.9038196721 0.3150307692 2 0.8589815574 0.3150307692 2 0.9038196721 0.3020942308 2 0.9038196721 0.3020038462 2 0 0 0 0 0 0
0 0.9247131148 0.3125240385 0.0544262295 0.0135288462 0.9512418033 0.3059269231 2 0.8981864754 0.3059269231 2 0.9512418033 0.3190278846 2 0.9512418033 0.3191182692 2 0 0 0 0 0 0
0 0.9325717213 0.3098221154 0.0494467213 0.0145288462 0.9566721311 0.3169038462 2 0.9084713115 0.3169038462 2 0.9566721311 0.3028365385 2 0.9566721311 0.3027384615 2 0 0 0 0 0 0
0 0.814897541 0.2983076923 0.0532786885 0.0088461538 0.8408668033 0.2939971154 2 0.7889303279 0.2939971154 2 0.8408668033 0.3025644231 2 0.8408668033 0.3026240385 2 0 0 0 0 0 0
0 0.825727459 0.2934038462 0.0530942623 0.0112115385 0.8516004098 0.2988701923 2 0.799852459 0.2988701923 2 0.8516004098 0.2880173077 2 0.8516004098 0.2879423077 2 0 0 0 0 0 0
0 0.8731659836 0.2974134615 0.0525204918 0.0124423077 0.8987540984 0.2913451923 2 0.8475655738 0.2913451923 2 0.8987540984 0.3033942308 2 0.8987540984 0.3034778846 2 0 0 0 0 0 0
0 0.8813012295 0.2944807692 0.0469467213 0.0122884615 0.9041905738 0.3004759615 2 0.858420082 0.3004759615 2 0.9041905738 0.2885778846 2 0.9041905738 0.2884951923 2 0 0 0 0 0 0
0 0.9274897541 0.2982692308 0.0519467213 0.0125384615 0.952807377 0.2921557692 2 0.9021782787 0.2921557692 2 0.952807377 0.3042923077 2 0.952807377 0.3043769231 2 0 0 0 0 0 0
0 0.9353483607 0.2959278846 0.051557377 0.0104903846 0.960477459 0.3010375 2 0.9102233607 0.3010375 2 0.960477459 0.2908826923 2 0.960477459 0.2908115385 2 0 0 0 0 0 0
0 0.8629918033 0.3968846154 0.0436885246 0.0109230769 0.8842991803 0.4022019231 2 0.841704918 0.4022019231 2 0.8842991803 0.3916307692 2 0.8842991803 0.3915576923 2 0 0 0 0 0 0
0 0.8701946721 0.3983173077 0.0477254098 0.0113846154 0.8934487705 0.3927701923 2 0.8469303279 0.3927701923 2 0.8934487705 0.4037951923 2 0.8934487705 0.4038711538 2 0 0 0 0 0 0
0 0.9104303279 0.3973317308 0.0431147541 0.0121826923 0.9314528689 0.4032653846 2 0.8894180328 0.4032653846 2 0.9314528689 0.391475 2 0.9314528689 0.3913932692 2 0 0 0 0 0 0
0 0.9183913934 0.3998509615 0.0440778689 0.010125 0.9398729508 0.3949134615 2 0.8969057377 0.3949134615 2 0.9398729508 0.4047192308 2 0.9398729508 0.4047875 2 0 0 0 0 0 0
0 0.957295082 0.3975528846 0.0436885246 0.0101057692 0.9785922131 0.4024817308 2 0.9359979508 0.4024817308 2 0.9785922131 0.3926942308 2 0.9785922131 0.3926269231 2 0 0 0 0 0 0
0 0.9642930328 0.4002115385 0.0404303279 0.0097692308 0.984 0.3954480769 2 0.944579918 0.3954480769 2 0.984 0.4049057692 2 0.984 0.4049711538 2 0 0 0 0 0 0
0 0.8629918033 0.3836971154 0.0413934426 0.0119134615 0.8831782787 0.3895096154 2 0.8428258197 0.3895096154 2 0.8831782787 0.377975 2 0.8831782787 0.3778951923 2 0 0 0 0 0 0
0 0.8715266393 0.3848701923 0.0435040984 0.0109326923 0.8927356557 0.3795451923 2 0.8503278689 0.3795451923 2 0.8927356557 0.3901288462 2 0.8927356557 0.3902019231 2 0 0 0 0 0 0
0 0.9093852459 0.3834807692 0.0421721311 0.01075 0.929932377 0.3887144231 2 0.8888319672 0.3887144231 2 0.929932377 0.3783125 2 0.929932377 0.3782403846 2 0 0 0 0 0 0
0 0.915522541 0.3858653846 0.0452254098 0.01075 0.9375594262 0.3806221154 2 0.8934692623 0.3806221154 2 0.9375594262 0.3910317308 2 0.9375594262 0.3911038462 2 0 0 0 0 0 0
0 0.9542418033 0.3849567308 0.0421721311 0.0104711538 0.9747786885 0.3900673077 2 0.9336782787 0.3900673077 2 0.9747786885 0.3799259615 2 0.9747786885 0.3798557692 2 0 0 0 0 0 0
0 0.963227459 0.3868990385 0.0417827869 0.0112019231 0.9835983607 0.3814375 2 0.9428729508 0.3814375 2 0.9835983607 0.3922826923 2 0.9835983607 0.3923576923 2 0 0 0 0 0 0
0 0.8646413934 0.3700721154 0.0389139344 0.0105673077 0.8835942623 0.3752278846 2 0.845670082 0.3752278846 2 0.8835942623 0.3649932692 2 0.8835942623 0.3649221154 2 0 0 0 0 0 0
0 0.8712397541 0.3721490385 0.0440778689 0.0108365385 0.892727459 0.3668644231 2 0.8497581967 0.3668644231 2 0.892727459 0.3773548077 2 0.892727459 0.3774278846 2 0 0 0 0 0 0
0 0.9092827869 0.3712836538 0.0408196721 0.0108365385 0.929182377 0.3765730769 2 0.8893893443 0.3765730769 2 0.929182377 0.3660788462 2 0.929182377 0.3660057692 2 0 0 0 0 0 0
0 0.9176229508 0.3727307692 0.0425409836 0.0103846154 0.9383606557 0.3676682692 2 0.8968852459 0.3676682692 2 0.9383606557 0.3777240385 2 0.9383606557 0.3777932692 2 0 0 0 0 0 0
0 0.9551946721 0.3708798077 0.0440778689 0.0100288462 0.976670082 0.3757740385 2 0.9337028689 0.3757740385 2 0.976670082 0.3660625 2 0.976670082 0.3659951923 2 0 0 0 0 0 0
0 0.9628586066 0.3719711538 0.0387090164 0.0115576923 0.9817213115 0.3663336538 2 0.9439836066 0.3663336538 2 0.9817213115 0.3775211538 2 0.9817213115 0.3775990385 2 0 0 0 0 0 0
0 0.8637807377 0.3568990385 0.0406352459 0.0115673077 0.8835717213 0.3625355769 2 0.8439672131 0.3625355769 2 0.8835717213 0.3513375 2 0.8835717213 0.3512596154 2 0 0 0 0 0 0
0 0.8741188525 0.3581634615 0.0498360656 0.0103846154 0.8984036885 0.3530990385 2 0.8498319672 0.3530990385 2 0.8984036885 0.3631490385 2 0.8984036885 0.3632192308 2 0 0 0 0 0 0
0 0.9112909836 0.3578365385 0.0413934426 0.0091346154 0.9314754098 0.3622961538 2 0.8911209016 0.3622961538 2 0.9314754098 0.35345 2 0.9314754098 0.3533884615 2 0 0 0 0 0 0
0 0.9220286885 0.3602740385 0.0444672131 0.0108365385 0.9437008197 0.3549932692 2 0.9003606557 0.3549932692 2 0.9437008197 0.3654798077 2 0.9437008197 0.3655528846 2 0 0 0 0 0 0
0 0.9601639344 0.3600432692 0.0379508197 0.0085096154 0.9786639344 0.3641923077 2 0.9416741803 0.3641923077 2 0.9799098361 0.3563326923 2 0.9791434426 0.3660490385 2 0 0 0 0 0 0
0 0.9674590164 0.3623461538 0.0433196721 0.0106538462 0.9885635246 0.35715 2 0.9463422131 0.35715 2 0.9885614754 0.3674625 2 0.9885635246 0.3675336538 2 0 0 0 0 0 0
0 0.8702868852 0.3448413462 0.049057377 0.0119326923 0.8941987705 0.3506596154 2 0.8463729508 0.3506596154 2 0.8941987705 0.3391096154 2 0.8941987705 0.3390288462 2 0 0 0 0 0 0
0 0.8786270492 0.3466875 0.0461885246 0.0106442308 0.9011331967 0.3415019231 2 0.8561106557 0.3415019231 2 0.9011331967 0.3518076923 2 0.9011331967 0.3518798077 2 0 0 0 0 0 0
0 0.9173360656 0.3452932692 0.0408196721 0.0110288462 0.9372315574 0.3506711538 2 0.8974385246 0.3506711538 2 0.9372315574 0.3399913462 2 0.9372315574 0.3399173077 2 0 0 0 0 0 0
0 0.9230020492 0.3477644231 0.0394877049 0.0117211538 0.9422315574 0.3420548077 2 0.9037459016 0.3420548077 2 0.9422315574 0.3534067308 2 0.9422315574 0.3534855769 2 0 0 0 0 0 0
0 0.9615983607 0.347 0.0442622951 0.0086923077 0.9831844262 0.3512403846 2 0.9400286885 0.3512403846 2 0.9831844262 0.342825 2 0.9845081967 0.3541730769 2 0 0 0 0 0 0
0 0.9684118852 0.3501971154 0.0429303279 0.0111826923 0.9893340164 0.3447461538 2 0.9469446721 0.3541730769 2 0.9893340164 0.3555759615 2 0.9893340164 0.3556519231 2 0 0 0 0 0 0
0 0.2458094262 0.2981346154 0.0591598361 0.0119038462 0.2746434426 0.2923317308 2 0.2169733607 0.2923317308 2 0.2746434426 0.3038576923 2 0.2746434426 0.3039375 2 0 0 0 0 0 0
0 0.2512090164 0.2957548077 0.0595081967 0.0144711538 0.2802254098 0.3028086538 2 0.2222151639 0.3028086538 2 0.2802254098 0.2888019231 2 0.2802254098 0.2887048077 2 0 0 0 0 0 0
0 0.3048053279 0.2982548077 0.0535860656 0.0146057692 0.3309098361 0.2911375 2 0.278682377 0.2911375 2 0.3309098361 0.3052798077 2 0.3309098361 0.3053778846 2 0 0 0 0 0 0
0 0.3096004098 0.2970288462 0.05375 0.0124230769 0.335795082 0.3030798077 2 0.283397541 0.3030798077 2 0.335795082 0.2910557692 2 0.335795082 0.2909721154 2 0 0 0 0 0 0
0 0.3587192623 0.2999807692 0.0504303279 0.0141153846 0.3833053279 0.2930961538 2 0.3341413934 0.2930961538 2 0.3833053279 0.3067644231 2 0.3833053279 0.3068586538 2 0 0 0 0 0 0
0 0.3654405738 0.2977644231 0.0502663934 0.0129134615 0.3899385246 0.3040567308 2 0.3409446721 0.3040567308 2 0.3899385246 0.2915567308 2 0.3899385246 0.2914701923 2 0 0 0 0 0 0
0 0.2438012295 0.3138990385 0.0582991803 0.0134711538 0.2722110656 0.3073375 2 0.2153934426 0.3073375 2 0.2722131148 0.3203759615 2 0.2722110656 0.3204663462 2 0 0 0 0 0 0
0 0.2502663934 0.3111971154 0.0607377049 0.0145480769 0.2798606557 0.3182846154 2 0.2206577869 0.3182846154 2 0.2798606557 0.3042048077 2 0.2798606557 0.3041076923 2 0 0 0 0 0 0
0 0.3062807377 0.3147163462 0.059692623 0.014125 0.3353709016 0.3078365385 2 0.2771905738 0.3078365385 2 0.3353709016 0.3215105769 2 0.3353709016 0.3216057692 2 0 0 0 0 0 0
0 0.3109938525 0.3120961538 0.0565368852 0.0156923077 0.3385512295 0.3197442308 2 0.283432377 0.3197442308 2 0.3385512295 0.3045548077 2 0.3385512295 0.3044490385 2 0 0 0 0 0 0
0 0.3603893443 0.3164759615 0.0485245902 0.0132211538 0.3840266393 0.3100365385 2 0.3367336066 0.3100365385 2 0.3840266393 0.3228384615 2 0.3840266393 0.3229278846 2 0 0 0 0 0 0
0 0.3659733607 0.3132451923 0.0429303279 0.014375 0.3868893443 0.3202519231 2 0.3450409836 0.3202519231 2 0.3868893443 0.3063317308 2 0.3868893443 0.3062355769 2 0 0 0 0 0 0
0 0.0673668033 0.2997307692 0.0530532787 0.0087115385 0.0932213115 0.2954846154 2 0.0415061475 0.2954846154 2 0.0932213115 0.3039192308 2 0.0932213115 0.3039778846 2 0 0 0 0 0 0
0 0.0711168033 0.2967836538 0.0511270492 0.0119326923 0.0960389344 0.3025951923 2 0.0461946721 0.3025951923 2 0.0960389344 0.2910461538 2 0.0960389344 0.2909663462 2 0 0 0 0 0 0
0 0.119897541 0.2996875 0.0513114754 0.0101057692 0.1449016393 0.2947653846 2 0.0948872951 0.2947653846 2 0.1449016393 0.3045480769 2 0.1449016393 0.3046153846 2 0 0 0 0 0 0
0 0.1265163934 0.2976778846 0.0540983607 0.0111057692 0.1528934426 0.3030961538 2 0.1001577869 0.3030961538 2 0.1528934426 0.2923413462 2 0.1528934426 0.2922663462 2 0 0 0 0 0 0
0 0.175317623 0.3005865385 0.0542827869 0.0109230769 0.2017581967 0.2952673077 2 0.1488504098 0.2952673077 2 0.2017581967 0.3058432692 2 0.2017581967 0.3059163462 2 0 0 0 0 0 0
0 0.1823770492 0.2976778846 0.052704918 0.010125 0.2080594262 0.3026173077 2 0.1566844262 0.3026173077 2 0.2080594262 0.2928144231 2 0.2080594262 0.2927461538 2 0 0 0 0 0 0
0 0.066567623 0.3125865385 0.0504303279 0.0098653846 0.0911618852 0.3077826923 2 0.0419959016 0.3077826923 2 0.0911618852 0.3173326923 2 0.0911618852 0.3173990385 2 0 0 0 0 0 0
0 0.0727663934 0.3123461538 0.0513114754 0.0132307692 0.0977807377 0.3187923077 2 0.0477663934 0.3187923077 2 0.0977827869 0.3059817308 2 0.0977807377 0.3058932692 2 0 0 0 0 0 0
0 0.120942623 0.3138221154 0.0534016393 0.0113365385 0.1469692623 0.3082932692 2 0.0949139344 0.3082932692 2 0.1469692623 0.3192701923 2 0.1469692623 0.3193471154 2 0 0 0 0 0 0
0 0.1296721311 0.3120192308 0.0561885246 0.0119230769 0.1570553279 0.3178259615 2 0.1022786885 0.3178259615 2 0.157057377 0.3062846154 2 0.1570553279 0.3062038462 2 0 0 0 0 0 0
0 0.177397541 0.3146778846 0.0479918033 0.0106057692 0.2007889344 0.3095115385 2 0.1540061475 0.3095115385 2 0.2007889344 0.3197759615 2 0.2007889344 0.3198471154 2 0 0 0 0 0 0
0 0.1837602459 0.3131201923 0.0429303279 0.0111826923 0.204692623 0.3185730769 2 0.1628442623 0.3185730769 2 0.204692623 0.3077451923 2 0.204692623 0.3076692308 2 0 0 0 0 0 0
0 0.063442623 0.3352644231 0.0378688525 0.0070673077 0.0818954918 0.3318230769 2 0.0449795082 0.3318230769 2 0.0818954918 0.3386663462 2 0.0818954918 0.3387134615 2 0 0 0 0 0 0
0 0.0691905738 0.3329711538 0.0410040984 0.0083269231 0.0891864754 0.3370336538 2 0.0492069672 0.3370336538 2 0.0891864754 0.3289682692 2 0.0891864754 0.3289125 2 0 0 0 0 0 0
0 0.1048872951 0.3349375 0.0401434426 0.008375 0.1244487705 0.3308567308 2 0.0853217213 0.3308567308 2 0.1244487705 0.3389682692 2 0.1244487705 0.339025 2 0 0 0 0 0 0
0 0.1113422131 0.3327307692 0.0362909836 0.0098076923 0.1290348361 0.3375067308 2 0.0936495902 0.3375067308 2 0.1290348361 0.3280144231 2 0.1290348361 0.3279480769 2 0 0 0 0 0 0
0 0.1436372951 0.3351490385 0.0380532787 0.0082980769 0.1621721311 0.3311019231 2 0.1250860656 0.3311019231 2 0.1621721311 0.3391336538 2 0.1621721311 0.3391894231 2 0 0 0 0 0 0
0 0.1504405738 0.3329759615 0.034897541 0.0093173077 0.1674467213 0.3375125 2 0.1334241803 0.3375125 2 0.1674467213 0.3284961538 2 0.1674467213 0.3284336538 2 0 0 0 0 0 0
0 0.183954918 0.3347740385 0.0370081967 0.0080480769 0.2019754098 0.3308528846 2 0.1659098361 0.3308528846 2 0.2019754098 0.3386471154 2 0.2019754098 0.3387009615 2 0 0 0 0 0 0
0 0.1898668033 0.3334230769 0.0362909836 0.0089038462 0.207567623 0.3377634615 2 0.1721844262 0.3377634615 2 0.207567623 0.3291442308 2 0.207567623 0.3290836538 2 0 0 0 0 0 0
0 0.0644877049 0.3450576923 0.0378688525 0.0074807692 0.082942623 0.3414096154 2 0.0460266393 0.3414096154 2 0.082942623 0.3486528846 2 0.082942623 0.3487028846 2 0 0 0 0 0 0
0 0.0705020492 0.3437067308 0.0342008197 0.0094711538 0.0871762295 0.3483201923 2 0.0538340164 0.3483201923 2 0.0871762295 0.33915 2 0.0871762295 0.3390855769 2 0 0 0 0 0 0
0 0.1040061475 0.3452596154 0.0362909836 0.0074038462 0.121704918 0.3416538462 2 0.0863217213 0.3416538462 2 0.121704918 0.3488182692 2 0.121704918 0.3488682692 2 0 0 0 0 0 0
0 0.1097745902 0.3434615385 0.0352459016 0.0089807692 0.126954918 0.3478346154 2 0.0925901639 0.3478346154 2 0.126954918 0.3391403846 2 0.126954918 0.3390798077 2 0 0 0 0 0 0
0 0.1428381148 0.3451778846 0.0375204918 0.0072403846 0.1611311475 0.3416519231 2 0.1245553279 0.3416519231 2 0.1611311475 0.3486576923 2 0.1611311475 0.3487057692 2 0 0 0 0 0 0
0 0.1492008197 0.343125 0.0345491803 0.0086538462 0.1660553279 0.3473480769 2 0.1323709016 0.3473480769 2 0.1660553279 0.3389701923 2 0.1660553279 0.3389115385 2 0 0 0 0 0 0
0 0.1814856557 0.3453413462 0.0362909836 0.0085480769 0.1991905738 0.3411769231 2 0.163807377 0.3411769231 2 0.199192623 0.3494519231 2 0.1991905738 0.3495086538 2 0 0 0 0 0 0
0 0.1895286885 0.3441586538 0.039795082 0.0100480769 0.208920082 0.34905 2 0.1701331967 0.34905 2 0.208920082 0.3393240385 2 0.208920082 0.3392567308 2 0 0 0 0 0 0
0 0.063442623 0.3555769231 0.0378688525 0.0083846154 0.0818954918 0.3514932692 2 0.0449795082 0.3514932692 2 0.0818954918 0.3596134615 2 0.0818954918 0.3596692308 2 0 0 0 0 0 0
0 0.0676229508 0.3545144231 0.0357786885 0.0104519231 0.0850635246 0.3596086538 2 0.0501885246 0.3596086538 2 0.0850635246 0.3494913462 2 0.0850635246 0.3494211538 2 0 0 0 0 0 0
0 0.1040881148 0.3557884615 0.0417008197 0.0083076923 0.1244303279 0.3517375 2 0.0837704918 0.3517375 2 0.1244303279 0.3597788462 2 0.1244303279 0.3598346154 2 0 0 0 0 0 0
0 0.1094364754 0.3539423077 0.03875 0.0106153846 0.1283053279 0.3591153846 2 0.0905409836 0.3591153846 2 0.128307377 0.3488384615 2 0.1283053279 0.3487673077 2 0 0 0 0 0 0
0 0.1449282787 0.3560769231 0.0375204918 0.0074038462 0.1632254098 0.3524634615 2 0.1266495902 0.3524634615 2 0.1632254098 0.3596317308 2 0.1632254098 0.3596817308 2 0 0 0 0 0 0
0 0.1513012295 0.3537788462 0.03875 0.0099615385 0.1701905738 0.3586317308 2 0.1324241803 0.3586317308 2 0.1701905738 0.3489903846 2 0.1701905738 0.3489230769 2 0 0 0 0 0 0
0 0.1836782787 0.3550913462 0.0354303279 0.009375 0.2009487705 0.3505230769 2 0.1664139344 0.3505230769 2 0.2009487705 0.3595942308 2 0.2009487705 0.3596576923 2 0 0 0 0 0 0
0 0.1905635246 0.3542259615 0.0335040984 0.0085673077 0.2069057377 0.3584038462 2 0.1742418033 0.3584038462 2 0.2069057377 0.3501096154 2 0.2069057377 0.3500519231 2 0 0 0 0 0 0
0 0.0636168033 0.3654903846 0.0361270492 0.0085576923 0.0812192623 0.3613221154 2 0.0460040984 0.3613221154 2 0.0812192623 0.3696048077 2 0.0812192623 0.3696625 2 0 0 0 0 0 0
0 0.0704098361 0.3645096154 0.0392622951 0.0091346154 0.089557377 0.3689605769 2 0.0512807377 0.3689605769 2 0.089557377 0.3601163462 2 0.089557377 0.3600548077 2 0 0 0 0 0 0
0 0.1035655738 0.3653269231 0.0385655738 0.0092115385 0.122375 0.3608394231 2 0.0847786885 0.3608394231 2 0.122375 0.3697557692 2 0.122375 0.3698182692 2 0 0 0 0 0 0
0 0.112295082 0.3640625 0.0350819672 0.0095480769 0.1293995902 0.3687096154 2 0.095204918 0.3687096154 2 0.1293995902 0.3594682692 2 0.1293995902 0.3594038462 2 0 0 0 0 0 0
0 0.1455532787 0.3654086538 0.039795082 0.009375 0.164942623 0.3608413462 2 0.1261557377 0.3608413462 2 0.164942623 0.3699163462 2 0.164942623 0.3699798077 2 0 0 0 0 0 0
0 0.1520901639 0.3642644231 0.0371721311 0.0086442308 0.1702110656 0.368475 2 0.1339754098 0.368475 2 0.1702110656 0.3601067308 2 0.1702110656 0.3600480769 2 0 0 0 0 0 0
0 0.1842930328 0.3661442308 0.0355942623 0.0088846154 0.2016434426 0.3618173077 2 0.1669385246 0.3618173077 2 0.2016434426 0.3704182692 2 0.2016434426 0.3704778846 2 0 0 0 0 0 0
0 0.190932377 0.3647163462 0.0321106557 0.0092211538 0.2065737705 0.3692048077 2 0.175272541 0.3692048077 2 0.2065737705 0.3602817308 2 0.2065737705 0.3602192308 2 0 0 0 0 0 0
0 0.0638831967 0.3753605769 0.0314139344 0.0071634615 0.0791844262 0.3718682692 2 0.0485635246 0.3718682692 2 0.0791844262 0.3788076923 2 0.0791844262 0.3788557692 2 0 0 0 0 0 0
0 0.0704303279 0.3740913462 0.0350819672 0.009625 0.0875143443 0.3787807692 2 0.0533217213 0.3787807692 2 0.0875143443 0.3694644231 2 0.0875143443 0.3694 2 0 0 0 0 0 0
0 0.1021004098 0.3754807692 0.0408401639 0.0088846154 0.1219979508 0.3711528846 2 0.0821885246 0.3711528846 2 0.1219979508 0.3797567308 2 0.1219979508 0.3798173077 2 0 0 0 0 0 0
0 0.1118647541 0.3746201923 0.0352459016 0.0090480769 0.1290491803 0.3790336538 2 0.0946844262 0.3790336538 2 0.1290491803 0.3702730769 2 0.1290491803 0.3702125 2 0 0 0 0 0 0
0 0.146772541 0.3869471154 0.0380532787 0.0102019231 0.1653135246 0.3819788462 2 0.128227459 0.3819788462 2 0.128227459 0.391925 2 0.1653135246 0.391925 2 0 0 0 0 0 0
0 0.1445081967 0.3758076923 0.037704918 0.0085576923 0.162875 0.3716403846 2 0.1261290984 0.3716403846 2 0.162875 0.3799269231 2 0.162875 0.3799846154 2 0 0 0 0 0 0
0 0.1526127049 0.3744182692 0.0361270492 0.0089711538 0.1702233607 0.3787894231 2 0.1350081967 0.3787894231 2 0.1702233607 0.3701076923 2 0.1702233607 0.3700471154 2 0 0 0 0 0 0
0 0.1830737705 0.3757259615 0.0331557377 0.009375 0.1992315574 0.3711596154 2 0.1669077869 0.3711596154 2 0.1992315574 0.3802394231 2 0.1992315574 0.3803019231 2 0 0 0 0 0 0
0 0.1927561475 0.3751105769 0.0347336066 0.0100288462 0.209682377 0.3800048077 2 0.1758278689 0.3800048077 2 0.209682377 0.3702923077 2 0.209682377 0.3702240385 2 0 0 0 0 0 0
0 0.0677971311 0.3853942308 0.0340368852 0.0090576923 0.0843872951 0.3809817308 2 0.0512131148 0.3809817308 2 0.0843872951 0.3897490385 2 0.0843872951 0.3898096154 2 0 0 0 0 0 0
0 0.0732889344 0.3841201923 0.0355942623 0.0106826923 0.0906495902 0.3893317308 2 0.0559446721 0.3893317308 2 0.0906495902 0.3789884615 2 0.0906495902 0.3789163462 2 0 0 0 0 0 0
0 0.1039344262 0.3855192308 0.0350819672 0.0097884615 0.121022541 0.3807451923 2 0.0868278689 0.3807451923 2 0.121022541 0.3902259615 2 0.121022541 0.3902923077 2 0 0 0 0 0 0
0 0.1141393443 0.3856826923 0.037704918 0.0115 0.1325081967 0.3912865385 2 0.0957622951 0.3912865385 2 0.1325081967 0.3801509615 2 0.1325081967 0.3800740385 2 0 0 0 0 0 0
0 0.1559221311 0.3858076923 0.0385655738 0.01175 0.1747315574 0.3915288462 2 0.1371331967 0.3915288462 2 0.1747295082 0.3801557692 2 0.1747315574 0.3800769231 2 0 0 0 0 0 0
0 0.1873360656 0.3878125 0.0364754098 0.0104519231 0.2051229508 0.3827192308 2 0.169567623 0.3827192308 2 0.2051229508 0.3928346154 2 0.2051229508 0.3929048077 2 0 0 0 0 0 0
0 0.1966905738 0.3860528846 0.0373565574 0.0112596154 0.2148852459 0.3915355769 2 0.1784795082 0.3915355769 2 0.2148852459 0.3806384615 2 0.2148852459 0.3805625 2 0 0 0 0 0 0
0 0.2351639344 0.3418173077 0.0378688525 0.0093076923 0.2536209016 0.3463567308 2 0.216704918 0.3463567308 2 0.2536209016 0.3373442308 2 0.2536209016 0.3372817308 2 0 0 0 0 0 0
0 0.2802868852 0.3423894231 0.0411885246 0.0091442308 0.3003504098 0.34685 2 0.2602028689 0.34685 2 0.3003504098 0.3379961538 2 0.3003504098 0.3379346154 2 0 0 0 0 0 0
0 0.2426639344 0.3310048077 0.0445081967 0.0102980769 0.2643586066 0.3360259615 2 0.220977459 0.3360259615 2 0.2643586066 0.3260576923 2 0.2643586066 0.3259884615 2 0 0 0 0 0 0
0 0.2475614754 0.3333894231 0.0459016393 0.0111634615 0.2699241803 0.3279442308 2 0.2251844262 0.3279442308 2 0.2699262295 0.3387509615 2 0.2699241803 0.3388259615 2 0 0 0 0 0 0
0 0.2863831967 0.3323221154 0.03875 0.010625 0.3052684426 0.3374961538 2 0.2675020492 0.3374961538 2 0.3052684426 0.3272105769 2 0.3052684426 0.3271394231 2 0 0 0 0 0 0
0 0.2916290984 0.3333076923 0.03875 0.0100192308 0.3105040984 0.3284211538 2 0.2727377049 0.3284211538 2 0.3105040984 0.3381173077 2 0.3105040984 0.3381846154 2 0 0 0 0 0 0
0 0.3264446721 0.3324807692 0.0382172131 0.0083269231 0.3450655738 0.3365423077 2 0.3078094262 0.3365423077 2 0.3450655738 0.3284769231 2 0.3450655738 0.3284211538 2 0 0 0 0 0 0
0 0.332295082 0.3339951923 0.0384016393 0.0089519231 0.3509959016 0.3296355769 2 0.3135696721 0.3296355769 2 0.3509959016 0.3383019231 2 0.3509959016 0.3383625 2 0 0 0 0 0 0
0 0.3652766393 0.3329326923 0.0394467213 0.0079230769 0.3844897541 0.3367932692 2 0.3460430328 0.3367932692 2 0.3844897541 0.329125 2 0.3844897541 0.3290711538 2 0 0 0 0 0 0
0 0.3710143443 0.3347403846 0.0362909836 0.0074807692 0.3887192623 0.3310913462 2 0.3533340164 0.3310913462 2 0.3887192623 0.3383307692 2 0.3887192623 0.3383807692 2 0 0 0 0 0 0
