1 0.7330703125 0.310546875 0.526046875 0.41015625 0.5221359375 0.3151046875 2 0.4908859375 0.4986984375 2 0.55078125 0.11328125 2 0.9427078125 0.3684890625 2 0 0 0 0 0 0
1 0.765625 0.38125 0.46875 0.34375 0.9778640625 0.34375 2 1 0.21875 2 0.94921875 0.5455734375 2 0.5572921875 0.2903640625 2 0 0 0 0 0 0
1 0.6998671875 0.610671875 0.467453125 0.34375 0.9114578125 0.5729171875 2 0.9453125 0.3880203125 2 0.8828125 0.7747390625 2 0.4908859375 0.51953125 2 0 0 0 0 0 0
1 0.6757890625 0.720703125 0.526046875 0.41015625 0.46484375 0.7252609375 2 0.4388015625 0.9140625 2 0.4908859375 0.5390625 2 0.8854171875 0.7786453125 2 0 0 0 0 0 0
1 0.704421875 0.8001328125 0.46875 0.376296875 0.8958328125 0.8111984375 2 0.9296875 0.6263015625 2 0 0 0 0.48828125 0.7734375 2 0 0 0 0 0 0
1 0.1979140625 0.642578125 0.380203125 0.41015625 0.0247390625 0.6471359375 2 0 0 0 0.0442703125 0.4557296875 2 0.3723953125 0.6901046875 2 0 0 0 0 0 0
1 0.21875 0.7187578125 0.3984375 0.408859375 0.3802078125 0.7174484375 2 0.4088546875 0.5286453125 2 0.359375 0.91015625 2 0.03515625 0.6822921875 2 0 0 0 0 0 0
1 0.23046875 0.4791640625 0.3984375 0.408859375 0.3919265625 0.4778640625 2 0.4205734375 0.2890625 2 0.37109375 0.6705734375 2 0.0494796875 0.4375 2 0 0 0 0 0 0
1 0.24934375 0.21940625 0.41796875 0.41015625 0.0924484375 0.2239578125 2 0.0716140625 0.4166671875 2 0.12109375 0.0221359375 2 0.44140625 0.2669265625 2 0 0 0 0 0 0
1 0.300125 0.248046875 0.41796875 0.41015625 0.45703125 0.2434890625 2 0.48828125 0.0520828125 2 0.4270828125 0.4361984375 2 0.1080734375 0.2005203125 2 0 0 0 0 0 0
