1 0.0937421875 0.4166640625 0.161453125 0.247390625 0.0286453125 0.4140625 2 0.0143234375 0.5221359375 2 0.03515625 0.3046875 2 0.16796875 0.4361984375 2 0 0 0 0 0 0
1 0.1119765625 0.4186171875 0.158859375 0.251296875 0.1731765625 0.4140625 2 0.1848953125 0.2994796875 2 0.1770828125 0.52734375 2 0.0416671875 0.3919265625 2 0 0 0 0 0 0
1 0.2760390625 0.4615859375 0.184890625 0.248703125 0.2005203125 0.453125 2 0.2109375 0.33984375 2 0.1927078125 0.5703125 2 0.3606765625 0.48828125 2 0 0 0 0 0 0
1 0.2949140625 0.4687578125 0.173171875 0.260421875 0.3684890625 0.46484375 2 0.375 0.3502609375 2 0.3619796875 0.5872390625 2 0.2096359375 0.4348953125 2 0 0 0 0 0 0
1 0.2975234375 0.3157578125 0.178390625 0.233078125 0.2239578125 0.3125 2 0.2135421875 0.4205734375 2 0.2369796875 0.203125 2 0.3776046875 0.33203125 2 0 0 0 0 0 0
1 0.1165390625 0.1425703125 0.170578125 0.220046875 0.05078125 0.1432296875 2 0.0442703125 0.2473953125 2 0.0546875 0.03515625 2 0.1901046875 0.1510421875 2 0 0 0 0 0 0
1 0.126296875 0.1731796875 0.171875 0.229171875 0.1927078125 0.1744796875 2 0.1861984375 0.2838546875 2 0.2005203125 0.06640625 2 0.0572921875 0.1588546875 2 0 0 0 0 0 0
1 0.4837265625 0.532546875 0.204421875 0.265625 0.3984375 0.5325515625 2 0.39453125 0.6588546875 2 0.3997390625 0.4088546875 2 0.5690109375 0.56640625 2 0 0 0 0 0 0
1 0.4947890625 0.5462265625 0.205734375 0.266921875 0.5794265625 0.54296875 2 0.5872390625 0.41796875 2 0.5794265625 0.66796875 2 0.40234375 0.51171875 2 0 0 0 0 0 0
1 0.3046953125 0.169265625 0.190109375 0.234375 0.22265625 0.171875 2 0.2161453125 0.27734375 2 0.2291671875 0.05859375 2 0.3802078125 0.1875 2 0 0 0 0 0 0
1 0.3124921875 0.2063828125 0.177078125 0.235671875 0.3880203125 0.2044265625 2 0.3815109375 0.3190109375 2 0.3932296875 0.0911453125 2 0.234375 0.1875 2 0 0 0 0 0 0
1 0.4934921875 0.2311171875 0.182296875 0.266921875 0.4166671875 0.2317703125 2 0.40625 0.3580734375 2 0.421875 0.1171875 2 0.58203125 0.2526046875 2 0 0 0 0 0 0
1 0.5052109375 0.2688828125 0.190109375 0.251296875 0.5924484375 0.26953125 2 0.5872390625 0.38671875 2 0.59375 0.1510421875 2 0.4192703125 0.2526046875 2 0 0 0 0 0 0
1 0.4954453125 0.3828203125 0.188796875 0.236984375 0.4153640625 0.3802078125 2 0.4205734375 0.2682296875 2 0.4075515625 0.4869796875 2 0.5859375 0.4075515625 2 0 0 0 0 0 0
1 0.7265703125 0.345046875 0.213546875 0.265625 0.6393234375 0.33984375 2 0.6471359375 0.2161453125 2 0.6263015625 0.4583328125 2 0.8333328125 0.4075515625 2 0 0 0 0 0 0
1 0.7128984375 0.4811171875 0.217453125 0.279953125 0.6184890625 0.4817703125 2 0.6197921875 0.3450515625 2 0.61328125 0.6028640625 2 0.80859375 0.515625 2 0 0 0 0 0 0
1 0.743484375 0.472 0.234375 0.27734375 0.8307296875 0.4739578125 2 0.8528640625 0.3463546875 2 0.8138015625 0.6002609375 2 0.640625 0.3645828125 2 0 0 0 0 0 0
1 0.728515625 0.1842421875 0.23046875 0.251296875 0.6471359375 0.1901046875 2 0.6692703125 0.0625 2 0.6236984375 0.3046875 2 0.8268234375 0.2942703125 2 0 0 0 0 0 0
1 0.1139296875 0.2818984375 0.154953125 0.209640625 0.0455734375 0.2760421875 2 0.05078125 0.1901046875 2 0.0390625 0.3619796875 2 0.1901046875 0.2942703125 2 0 0 0 0 0 0
