1 0.6966171875 0.3802109375 0.192703125 0.440109375 0.7005203125 0.1796875 2 0.6067703125 0.1783859375 2 0.78515625 0.17578125 2 0.6979171875 0.5950515625 2 0 0 0 0 0 0
1 0.8958359375 0.37434375 0.190109375 0.43359375 0.8984375 0.1705734375 2 0.8072921875 0.1744796875 2 0.9830734375 0.1666671875 2 0.8958328125 0.5859375 2 0 0 0 0 0 0
1 0.107421875 0.2356796875 0.19921875 0.466140625 0.1080734375 0.022134375 2 0.0143234375 0.0208328125 2 0.1979171875 0.0234375 2 0.12109375 0.45703125 2 0 0 0 0 0 0
1 0.3203203125 0.233078125 0.190109375 0.4453125 0.3229171875 0.0234375 2 0.2356765625 0.0260421875 2 0.41015625 0.0247390625 2 0.3307296875 0.44921875 2 0 0 0 0 0 0
1 0.3046953125 0.7155 0.190109375 0.43359375 0.3072921875 0.51171875 2 0.2161453125 0.515625 2 0.3919265625 0.5078125 2 0.31640625 0.9166671875 2 0 0 0 0 0 0
1 0.0963515625 0.7161484375 0.192703125 0.440109375 0.1002609375 0.515625 2 0.0065109375 0.5182296875 2 0.1848953125 0.51171875 2 0.1067703125 0.9283859375 2 0 0 0 0 0 0
1 0.6888046875 0.7975234375 0.192703125 0.326828125 0.6940109375 0.64453125 2 0.60546875 0.6458328125 2 0.7825515625 0.6380203125 2 0.6927078125 0.94921875 2 0 0 0 0 0 0
1 0.8776015625 0.7910234375 0.192703125 0.326828125 0.8828125 0.6380203125 2 0.7942703125 0.6393234375 2 0.9713546875 0.6315109375 2 0.8815109375 0.9427078125 2 0 0 0 0 0 0
1 0.662109375 0.8183671875 0.21484375 0.326828125 0.6783859375 0.9713546875 2 0.5638015625 0.97265625 2 0.7604171875 0.96875 2 0.6770828125 0.666665625 2 0 0 0 0 0 0
1 0.8919296875 0.8072890625 0.192703125 0.333328125 0.8971359375 0.95703125 2 0.8151046875 0.9661453125 2 0.98046875 0.953125 2 0.8958328125 0.65234375 2 0 0 0 0 0 0
1 0.225265625 0.2513046875 0.1953125 0.434890625 0.2239578125 0.4583328125 2 0.1380203125 0.4596359375 2 0.3138015625 0.45703125 2 0.21484375 0.0377609375 2 0 0 0 0 0 0
1 0.208328125 0.7239609375 0.1953125 0.434890625 0.2109375 0.9296875 2 0.12109375 0.9322921875 2 0.2942703125 0.9231765625 2 0.2018234375 0.5182296875 2 0 0 0 0 0 0
1 0.345046875 0.2604140625 0.1953125 0.434890625 0.34765625 0.4661453125 2 0.2578125 0.46875 2 0.4361984375 0.4635421875 2 0.3385421875 0.0546875 2 0 0 0 0 0 0
1 0.328125 0.7330703125 0.1953125 0.434890625 0.3307296875 0.9388015625 2 0.2408859375 0.94140625 2 0.4192703125 0.9361984375 2 0.3216140625 0.52734375 2 0 0 0 0 0 0
1 0.0943984375 0.7447890625 0.188796875 0.434890625 0.0885421875 0.9518234375 2 0.00390625 0.953125 2 0.1796875 0.9479171875 2 0.0755203125 0.5442703125 2 0 0 0 0 0 0
1 0.799484375 0.3854140625 0.1953125 0.434890625 0.8020828125 0.5911453125 2 0.7122390625 0.59375 2 0.8854171875 0.5885421875 2 0.80078125 0.18359375 2 0 0 0 0 0 0
1 0.787765625 0.79621875 0.1953125 0.33203125 0.7903640625 0.9505203125 2 0.7005203125 0.953125 2 0.8736984375 0.9479171875 2 0.7877609375 0.63671875 2 0 0 0 0 0 0
1 0.682296875 0.4049453125 0.1953125 0.434890625 0.6848953125 0.6106765625 2 0.5950515625 0.61328125 2 0.7734375 0.6080734375 2 0.6822921875 0.1979171875 2 0 0 0 0 0 0
1 0.90234375 0.3997421875 0.1953125 0.434890625 0.91015625 0.6041671875 2 0.8203125 0.6106765625 2 0.9934890625 0.6028640625 2 0.9127609375 0.1927078125 2 0 0 0 0 0 0
1 0.10546875 0.264328125 0.1953125 0.453125 0.1080734375 0.4791671875 2 0.0182296875 0.4817703125 2 0.1966140625 0.4765625 2 0.0950515625 0.05078125 2 0 0 0 0 0 0
