3 0.7204807692 0.8072956731 0.3245192308 0.2443990385 0.7371802885 0.9094543269 2 0.8760673077 0.7011225962 2 0.5649038462 0.7131418269 2 0 0 0 0 0 0 0 0 0
3 0.7104567308 0.6844230769 0.3231730769 0.2417307692 0.7158125 0.7852572115 2 0.8627139423 0.5822644231 2 0.5582259615 0.5836009615 2 0 0 0 0 0 0 0 0 0
3 0.7004567308 0.5815865385 0.3351923077 0.2390384615 0.7051274038 0.6810889423 2 0.8587067308 0.4674134615 2 0.5475432692 0.4767620192 2 0 0 0 0 0 0 0 0 0
3 0.6931129808 0.4727403846 0.3338701923 0.2510576923 0.6931081731 0.5702451923 2 0.8573725962 0.3645841346 2 0.5448725962 0.3659182692 2 0 0 0 0 0 0 0 0 0
3 0.7278245192 0.3338701923 0.3392067308 0.2590865385 0.7211538462 0.4366995192 2 0.8907596154 0.2163461538 2 0.5689110577 0.2230240385 2 0 0 0 0 0 0 0 0 0
3 0.7311658654 0.2210336538 0.3458894231 0.2711057692 0.7291658654 0.3338677885 2 0.8854158654 0.0974903846 2 0.5702451923 0.1241995192 2 0 0 0 0 0 0 0 0 0
3 0.7231490385 0.1228605769 0.3351923077 0.2457211538 0.7144759615 0.2297019231 2 0.8760673077 0.0013365385 2 0.5649038462 0.0280456731 2 0 0 0 0 0 0 0 0 0
3 0.4300240385 0.7869951923 0.2884615385 0.2230288462 0.4326923077 0.8784711538 2 0.5542211538 0.6971153846 2 0.2991442308 0.6931081731 2 0 0 0 0 0 0 0 0 0
3 0.4106610577 0.6704086538 0.2684375 0.2216826923 0.4086538462 0.76121875 2 0.5315168269 0.5742524038 2 0.2897980769 0.5742524038 2 0 0 0 0 0 0 0 0 0
3 0.3906370192 0.5615625 0.2684375 0.2096634615 0.3912932692 0.6463677885 2 0.5088149038 0.4660793269 2 0.2724350962 0.4674134615 2 0 0 0 0 0 0 0 0 0
3 0.3926201923 0.4720913462 0.2697596154 0.2283653846 0.3899567308 0.5595625 2 0.5128197115 0.3739326923 2 0.2711009615 0.3819447115 2 0 0 0 0 0 0 0 0 0
3 0.3819471154 0.3772716346 0.2697596154 0.2256971154 0.3792740385 0.4634086538 2 0.5048076923 0.2684302885 2 0.2630865385 0.2777788462 2 0 0 0 0 0 0 0 0 0
3 0.3819350962 0.2797716346 0.2724278846 0.2363701923 0.3832788462 0.3752668269 2 0.5008004808 0.1722764423 2 0.2604158654 0.1909711538 2 0 0 0 0 0 0 0 0 0
3 0.3732572115 0.1742788462 0.2684375 0.2337019231 0.3752668269 0.2751057692 2 0.4981298077 0.0707788462 2 0.2524038462 0.1041658654 2 0 0 0 0 0 0 0 0 0
3 0.4620673077 0.8951682692 0.2884615385 0.2096634615 0.4647427885 0.9933221154 2 0.5862716346 0.8119663462 2 0.3311971154 0.8079591346 2 0 0 0 0 0 0 0 0 0
3 0.1706730769 0.9014423077 0.2211538462 0.1971153846 0.1963149038 0.9895841346 2 0.2684302885 0.8213149038 2 0.0747860577 0.8413461538 2 0 0 0 0 0 0 0 0 0
3 0.1722836538 0.8012740385 0.2350480769 0.2110096154 0.1736105769 0.8867524038 2 0.2697644231 0.7318365385 2 0.0747860577 0.7118052885 2 0 0 0 0 0 0 0 0 0
3 0.1455528846 0.6977884615 0.2270192308 0.215 0.1469014423 0.7852572115 2 0.2443918269 0.6223293269 2 0.0547548077 0.60496875 2 0 0 0 0 0 0 0 0 0
3 0.1455649038 0.6163221154 0.2083413462 0.2096634615 0.1469014423 0.6931081731 2 0.2377139423 0.5422019231 2 0.0520841346 0.5235048077 2 0 0 0 0 0 0 0 0 0
3 0.1662620192 0.5335216346 0.3031490385 0.2069951923 0.1415600962 0.6103100962 2 0.2310360577 0.4513894231 2 0.0480769231 0.4407043269 2 0 0 0 0 0 0 0 0 0
3 0.1375600962 0.4540504808 0.2190144231 0.2003125 0.1375528846 0.5341875 2 0.2323725962 0.3712596154 2 0.0427355769 0.3659182692 2 0 0 0 0 0 0 0 0 0
3 0.1362259615 0.37125 0.2056730769 0.1976442308 0.130875 0.4540600962 2 0.2283653846 0.2844543269 2 0.0387283654 0.29246875 2 0 0 0 0 0 0 0 0 0
3 0.1455769231 0.2924759615 0.2056730769 0.1976442308 0.1402235577 0.3752668269 2 0.2310360577 0.2029903846 2 0.0480769231 0.2136754808 2 0 0 0 0 0 0 0 0 0
3 0.1322115385 0.215 0.2056730769 0.1976442308 0.1268701923 0.2978100962 2 0.2176802885 0.1255336538 2 0.0347211538 0.13621875 2 0 0 0 0 0 0 0 0 0
3 0.3689903846 0.1033653846 0.2668269231 0.2067307692 0.3725961538 0.1909735577 2 0.4901177885 0 2 0.2630865385 0.0240384615 2 0 0 0 0 0 0 0 0 0
3 0.8639182692 0.1355528846 0.2721634615 0.2577403846 0.8974350962 0.0267091346 2 0.9959927885 0.1495721154 2 0.7371802885 0.2577451923 2 0 0 0 0 0 0 0 0 0
3 0.8672596154 0.4026442308 0.2654807692 0.2577403846 0.9041129808 0.2938028846 2 0 0 0 0.7438581731 0.5248389423 1 0 0 0 0 0 0 0 0 0
3 0.8812740385 0.4720793269 0.2374519231 0.2123317308 0.9041129808 0.3859495192 2 0 0 0 0.7745721154 0.5542211538 2 0 0 0 0 0 0 0 0 0
3 0.8894230769 0.5432692308 0.2211538462 0.2115384615 0.9214735577 0.4580649038 2 1 0.5568918269 2 0.7919350962 0.6263365385 2 0 0 0 0 0 0 0 0 0
3 0.8973076923 0.6216466346 0.2053846154 0.2123317308 0.9361658654 0.5355240385 2 1 0.6076394231 2 0.806625 0.7037932692 2 0 0 0 0 0 0 0 0 0
