1 0.7656328125 0.2237265625 0.363640625 0.410515625 0.762784375 0.0326703125 2 0.590909375 0.0355109375 2 0.9332390625 0.028409375 2 0.757103125 0.4204546875 2 0 0 0 0 0 0
1 0.3735859375 0.2308203125 0.363640625 0.410515625 0.3707390625 0.0397734375 2 0.1988640625 0.0426140625 2 0.54119375 0.0355109375 2 0.36505625 0.42755625 2 0 0 0 0 0 0
1 0.3082421875 0.7350859375 0.363640625 0.410515625 0.305396875 0.544034375 2 0.133521875 0.546875 2 0.4758515625 0.539771875 2 0.3011359375 0.9289765625 2 0 0 0 0 0 0
1 0.7031328125 0.7336640625 0.363640625 0.410515625 0.700284375 0.5426140625 2 0.528409375 0.5454546875 2 0.8707390625 0.5383515625 2 0.6960234375 0.92755625 2 0 0 0 0 0 0
1 0.3325625 0.260765625 0.37275 0.43134375 0.3342796875 0.44921875 2 0.1614578125 0.45703125 2 0.5052078125 0.4401046875 2 0.33984375 0.0638015625 2 0 0 0 0 0 0
1 0.556515625 0.23603125 0.37275 0.43134375 0.55859375 0.421875 2 0.3854171875 0.4283859375 2 0.7291671875 0.4153640625 2 0.5651046875 0.0377609375 2 0 0 0 0 0 0
1 0.72590625 0.7505859375 0.3649375 0.420921875 0.723721875 0.936434375 2 0.5533859375 0.9466140625 2 0.8932296875 0.9283859375 2 0.7265625 0.55859375 2 0 0 0 0 0 0
1 0.49675 0.7349609375 0.3649375 0.420921875 0.4945546875 0.920809375 2 0.32421875 0.9309890625 2 0.6640625 0.9127609375 2 0.4973953125 0.54296875 2 0 0 0 0 0 0
1 0.278 0.7740234375 0.3649375 0.420921875 0.2758046875 0.959871875 2 0.10546875 0.9700515625 2 0.4453125 0.9518234375 2 0.2682296875 0.5768234375 2 0 0 0 0 0 0
1 0.78971875 0.2453828125 0.3649375 0.420921875 0.7875234375 0.4312265625 2 0.6171875 0.44140625 2 0.95703125 0.4231765625 2 0.7903640625 0.0533859375 2 0 0 0 0 0 0
