3 0.123046875 0.8691484375 0.14453125 0.178390625 0.0833328125 0.9348953125 2 0.0520828125 0.9088546875 2 0.1796875 0.79296875 2 0 0 0 0 0 0 0 0 0
3 0.13215625 0.9068984375 0.14453125 0.178390625 0.0924484375 0.97265625 2 0.0611984375 0.9466140625 2 0.1888015625 0.8307296875 2 0 0 0 0 0 0 0 0 0
3 0.13215625 0.9277265625 0.14453125 0.141921875 0 0 0 0.0611984375 0.9856765625 2 0.1888015625 0.8697921875 2 0 0 0 0 0 0 0 0 0
3 0.272140625 0.857421875 0.171875 0.15234375 0.32421875 0.9140625 2 0.3372390625 0.8958328125 2 0.1966140625 0.7916671875 2 0 0 0 0 0 0 0 0 0
3 0.27734375 0.8951875 0.171875 0.15234375 0.3294265625 0.9518234375 2 0.3424484375 0.93359375 2 0.2018234375 0.8294265625 2 0 0 0 0 0 0 0 0 0
3 0.28515625 0.9290390625 0.171875 0.141921875 0.3372390625 0.9908859375 2 0.3502609375 0.97265625 2 0.2096359375 0.8684890625 2 0 0 0 0 0 0 0 0 0
3 0.569015625 0.4934921875 0.6015625 0.388015625 0.57421875 0.6393234375 2 0.2747390625 0.4010421875 2 0.8059890625 0.30859375 2 0 0 0 0 0 0 0 0 0
3 0.5761640625 0.5579453125 0.595046875 0.459640625 0.5846359375 0.7395828125 2 0.28515625 0.5013015625 2 0.8645828125 0.35546875 2 0 0 0 0 0 0 0 0 0
3 0.5878828125 0.6608046875 0.595046875 0.459640625 0.5963546875 0.8424484375 2 0.296875 0.6041671875 2 0.8763015625 0.4583328125 2 0 0 0 0 0 0 0 0 0
3 0.5924453125 0.78840625 0.627609375 0.41796875 0.5846359375 0.9674484375 2 0.3138015625 0.7330734375 2 0.87890625 0.59765625 2 0 0 0 0 0 0 0 0 0
3 0.6028671875 0.8463515625 0.627609375 0.307296875 0 0 0 0.32421875 0.8463546875 2 0.8893234375 0.7109375 2 0 0 0 0 0 0 0 0 0
3 0.458328125 0.2955703125 0.1875 0.145828125 0.4440109375 0.24609375 2 0.3841140625 0.3658859375 2 0.515625 0.3424484375 2 0 0 0 0 0 0 0 0 0
3 0.4609296875 0.2532578125 0.263015625 0.233078125 0.4322921875 0.1640625 2 0.3385421875 0.3658859375 2 0.5703125 0.3294265625 2 0 0 0 0 0 0 0 0 0
3 0.4648515625 0.153 0.276046875 0.23828125 0.4361984375 0.0455734375 2 0.3333328125 0.2486984375 2 0.5703125 0.22265625 2 0 0 0 0 0 0 0 0 0
3 0.4700546875 0.0755234375 0.291671875 0.151046875 0 0 0 0.3463546875 0.1276046875 2 0.5833328125 0.1015625 2 0 0 0 0 0 0 0 0 0
3 0.74675 0.244140625 0.20703125 0.16015625 0.7395828125 0.19140625 2 0.6705734375 0.3190109375 2 0.8385421875 0.2955734375 2 0 0 0 0 0 0 0 0 0
3 0.7773515625 0.19921875 0.377609375 0.2734375 0.7317703125 0.08984375 2 0.6119796875 0.30859375 2 0.9192703125 0.2838546875 2 0 0 0 0 0 0 0 0 0
3 0.7773515625 0.1139296875 0.377609375 0.227859375 0 0 0 0.6119796875 0.2005203125 2 0.9192703125 0.17578125 2 0 0 0 0 0 0 0 0 0
3 0.7617265625 0.0514375 0.377609375 0.09765625 0 0 0 0.5963546875 0.0729171875 2 0.9036453125 0.0481765625 2 0 0 0 0 0 0 0 0 0
