3 0.548671875 0.3822265625 0.12125 0.156171875 0.49421875 0.4027734375 2 0.575390625 0.3164640625 2 0.599021875 0.4449 2 0 0 0 0 0 0 0 0 0
3 0.5024375 0.3924921875 0.12125 0.156171875 0.4479828125 0.4130484375 2 0.529153125 0.3267390625 2 0.5527859375 0.455175 2 0 0 0 0 0 0 0 0 0
3 0.453125 0.3935234375 0.12125 0.156171875 0.3986625 0.414075 2 0.479834375 0.3277671875 2 0.503465625 0.4562015625 2 0 0 0 0 0 0 0 0 0
3 0.406890625 0.4027734375 0.12125 0.156171875 0.3524265625 0.423321875 2 0.433596875 0.3370140625 2 0.4572296875 0.46545 2 0 0 0 0 0 0 0 0 0
3 0.406890625 0.4027734375 0.12125 0.156171875 0.3524265625 0.423321875 2 0.433596875 0.3370140625 2 0.4572296875 0.46545 2 0 0 0 0 0 0 0 0 0
3 0.3575625 0.4212578125 0.12125 0.156171875 0.30310625 0.4418171875 2 0.384278125 0.355509375 2 0.4079109375 0.48394375 2 0 0 0 0 0 0 0 0 0
3 0.313390625 0.4253828125 0.12125 0.156171875 0.258925 0.445928125 2 0.340096875 0.35961875 2 0.363728125 0.4880546875 2 0 0 0 0 0 0 0 0 0
3 0.26509375 0.4356484375 0.12125 0.156171875 0.2106328125 0.4562015625 2 0.2918046875 0.36989375 2 0.3154375 0.4983296875 2 0 0 0 0 0 0 0 0 0
3 0.2126875 0.4561953125 0.12125 0.156171875 0.1582328125 0.4767515625 2 0.239403125 0.39044375 2 0.2630359375 0.518878125 2 0 0 0 0 0 0 0 0 0
3 0.167484375 0.4572265625 0.12125 0.156171875 0.1130234375 0.4777796875 2 0.19419375 0.3914703125 2 0.2178265625 0.51990625 2 0 0 0 0 0 0 0 0 0
3 0.11815625 0.4716171875 0.12125 0.156171875 0.063703125 0.4921640625 2 0.144875 0.40585625 2 0.16850625 0.534290625 2 0 0 0 0 0 0 0 0 0
3 0.5723125 0.5281171875 0.12125 0.156171875 0.5178515625 0.548675 2 0.599021875 0.4623671875 2 0.6226546875 0.5908015625 2 0 0 0 0 0 0 0 0 0
3 0.492171875 0.5383984375 0.12125 0.156171875 0.4377078125 0.55895 2 0.518878125 0.4726421875 2 0.5425109375 0.6010765625 2 0 0 0 0 0 0 0 0 0
3 0.439765625 0.5507265625 0.12125 0.156171875 0.38530625 0.5712796875 2 0.4664765625 0.484971875 2 0.490109375 0.61340625 2 0 0 0 0 0 0 0 0 0
3 0.388390625 0.5651171875 0.12125 0.156171875 0.33393125 0.5856640625 2 0.415103125 0.49935625 2 0.438734375 0.6277921875 2 0 0 0 0 0 0 0 0 0
3 0.344203125 0.5671640625 0.12125 0.156171875 0.28975 0.5877203125 2 0.3709203125 0.5014109375 2 0.394553125 0.629846875 2 0 0 0 0 0 0 0 0 0
3 0.29796875 0.5815546875 0.12125 0.156171875 0.2435140625 0.6021046875 2 0.324684375 0.515796875 2 0.3483171875 0.64423125 2 0 0 0 0 0 0 0 0 0
3 0.24659375 0.6010703125 0.12125 0.156171875 0.1921390625 0.6216265625 2 0.2733109375 0.53531875 2 0.2969421875 0.663753125 2 0 0 0 0 0 0 0 0 0
3 0.201390625 0.6000546875 0.12125 0.156171875 0.1469296875 0.6205984375 2 0.2281015625 0.534290625 2 0.2517328125 0.6627265625 2 0 0 0 0 0 0 0 0 0
3 0.14590625 0.6164921875 0.12125 0.156171875 0.0914453125 0.6370390625 2 0.1726171875 0.5507296875 2 0.19625 0.679165625 2 0 0 0 0 0 0 0 0 0
3 0.094015625 0.4038046875 0.1284375 0.156171875 0.144875 0.389415625 2 0.0431546875 0.3380421875 2 0.065759375 0.469559375 2 0 0 0 0 0 0 0 0 0
3 0.1330625 0.4048203125 0.1284375 0.156171875 0.18391875 0.39044375 2 0.0821984375 0.33906875 2 0.104803125 0.4705875 2 0 0 0 0 0 0 0 0 0
3 0.171078125 0.3996953125 0.1284375 0.156171875 0.2219359375 0.38530625 2 0.120215625 0.33393125 2 0.1428203125 0.46545 2 0 0 0 0 0 0 0 0 0
3 0.222453125 0.3904453125 0.1284375 0.156171875 0.2733109375 0.376059375 2 0.1613140625 0.3267390625 2 0.19419375 0.4562015625 2 0 0 0 0 0 0 0 0 0
3 0.26971875 0.3781171875 0.1284375 0.156171875 0.320575 0.363728125 2 0.208578125 0.314409375 2 0.2414578125 0.443871875 2 0 0 0 0 0 0 0 0 0
3 0.316984375 0.3698984375 0.1284375 0.156171875 0.3678390625 0.355509375 2 0.25584375 0.3061890625 2 0.288721875 0.435653125 2 0 0 0 0 0 0 0 0 0
3 0.360140625 0.3647578125 0.1284375 0.156171875 0.41099375 0.350371875 2 0.298996875 0.3010515625 2 0.3318765625 0.430515625 2 0 0 0 0 0 0 0 0 0
3 0.408421875 0.3524296875 0.1284375 0.156171875 0.459284375 0.3380421875 2 0.3472890625 0.288721875 2 0.38016875 0.4181859375 2 0 0 0 0 0 0 0 0 0
3 0.4556875 0.3349609375 0.1284375 0.156171875 0.5065484375 0.320575 2 0.394553125 0.2712546875 2 0.4274328125 0.40071875 2 0 0 0 0 0 0 0 0 0
3 0.505015625 0.3339296875 0.1284375 0.156171875 0.55586875 0.319546875 2 0.443871875 0.270228125 2 0.4767515625 0.399690625 2 0 0 0 0 0 0 0 0 0
3 0.109421875 0.5599765625 0.1284375 0.156171875 0.1602875 0.54559375 2 0.0585671875 0.49421875 2 0.081171875 0.6257359375 2 0 0 0 0 0 0 0 0 0
3 0.15875 0.5527890625 0.1284375 0.156171875 0.20960625 0.5384015625 2 0.1078859375 0.4870265625 2 0.130490625 0.61854375 2 0 0 0 0 0 0 0 0 0
3 0.2080625 0.5445703125 0.1284375 0.156171875 0.258925 0.53018125 2 0.1520671875 0.4808625 1 0.179809375 0.610325 2 0 0 0 0 0 0 0 0 0
3 0.26046875 0.5322265625 0.1284375 0.156171875 0.3113265625 0.5178515625 2 0.20446875 0.46853125 2 0.2322109375 0.5979953125 2 0 0 0 0 0 0 0 0 0
3 0.31184375 0.5188828125 0.1284375 0.156171875 0.3627015625 0.50449375 2 0.2558421875 0.455175 2 0.283584375 0.5846375 2 0 0 0 0 0 0 0 0 0
3 0.402265625 0.5003828125 0.1284375 0.156171875 0.4531203125 0.4859984375 2 0.3462609375 0.4366796875 2 0.374003125 0.5661421875 2 0 0 0 0 0 0 0 0 0
3 0.452609375 0.4890859375 0.1284375 0.156171875 0.503465625 0.474696875 2 0.3966078125 0.425378125 2 0.42435 0.554840625 2 0 0 0 0 0 0 0 0 0
3 0.502953125 0.4829140625 0.1284375 0.156171875 0.5538125 0.46853125 2 0.443871875 0.423321875 1 0.474696875 0.548675 2 0 0 0 0 0 0 0 0 0
3 0.542 0.4675078125 0.1284375 0.156171875 0.5928578125 0.4531203125 2 0.4829171875 0.4079109375 1 0.513740625 0.5332625 2 0 0 0 0 0 0 0 0 0
3 0.179296875 0.6894453125 0.1284375 0.156171875 0.23015625 0.67505625 2 0.128434375 0.62368125 2 0.1510390625 0.7552 2 0 0 0 0 0 0 0 0 0
3 0.22903125 0.6820078125 0.1284375 0.156171875 0.2798953125 0.6676234375 2 0.1760890625 0.618596875 2 0.2007796875 0.7477671875 2 0 0 0 0 0 0 0 0 0
3 0.280484375 0.6659921875 0.1284375 0.156171875 0.33135 0.651615625 2 0.2275421875 0.6025890625 2 0.2522328125 0.731759375 2 0 0 0 0 0 0 0 0 0
3 0.334796875 0.6562890625 0.1284375 0.145890625 0.38305 0.6448953125 2 0.28185625 0.598015625 2 0.3064390625 0.718646875 2 0 0 0 0 0 0 0 0 0
3 0.380546875 0.6505703125 0.1284375 0.145890625 0.4287875 0.639178125 2 0.32759375 0.5922984375 1 0.3521765625 0.7129296875 2 0 0 0 0 0 0 0 0 0
3 0.429140625 0.6368515625 0.1284375 0.145890625 0.4773828125 0.6254578125 2 0.3761890625 0.5785765625 2 0.4007734375 0.699209375 2 0 0 0 0 0 0 0 0 0
3 0.476765625 0.6222578125 0.1284375 0.145890625 0.525009375 0.610878125 2 0.423815625 0.563996875 2 0.4484 0.6846296875 2 0 0 0 0 0 0 0 0 0
3 0.52146875 0.6125390625 0.1284375 0.145890625 0.5697203125 0.6011578125 2 0.4685265625 0.554278125 2 0.4931109375 0.674909375 2 0 0 0 0 0 0 0 0 0
3 0.596609375 0.6603046875 0.12125 0.156171875 0.54215 0.6808640625 2 0.623321875 0.5945546875 2 0.646953125 0.722990625 2 0 0 0 0 0 0 0 0 0
3 0.552875 0.6729453125 0.12125 0.156171875 0.4984109375 0.6935 2 0.5795828125 0.607190625 2 0.603215625 0.7356265625 2 0 0 0 0 0 0 0 0 0
3 0.50525 0.6758671875 0.12125 0.156171875 0.450784375 0.696415625 2 0.53195625 0.6101078125 2 0.5555875 0.7385421875 2 0 0 0 0 0 0 0 0 0
3 0.465390625 0.6846171875 0.12125 0.156171875 0.410934375 0.7051640625 2 0.4921046875 0.6188546875 2 0.5157375 0.747290625 2 0 0 0 0 0 0 0 0 0
3 0.415828125 0.7030859375 0.12125 0.156171875 0.3613640625 0.72363125 2 0.442534375 0.637321875 2 0.4661671875 0.7657578125 2 0 0 0 0 0 0 0 0 0
3 0.37403125 0.7050234375 0.12125 0.156171875 0.31956875 0.725575 2 0.4007390625 0.639265625 2 0.424371875 0.7677015625 2 0 0 0 0 0 0 0 0 0
3 0.324453125 0.7137734375 0.12125 0.156171875 0.2699984375 0.734321875 2 0.35116875 0.6480140625 2 0.3748015625 0.77645 2 0 0 0 0 0 0 0 0 0
3 0.271 0.7341796875 0.12125 0.156171875 0.2165390625 0.754734375 2 0.2977109375 0.668425 2 0.3213421875 0.7968609375 2 0 0 0 0 0 0 0 0 0
3 0.2253125 0.7361328125 0.12125 0.156171875 0.17085625 0.756678125 2 0.252028125 0.67036875 2 0.275659375 0.7988046875 2 0 0 0 0 0 0 0 0 0
3 0.1776875 0.7516796875 0.12125 0.156171875 0.1232296875 0.7722296875 2 0.2044 0.6859203125 2 0.2280328125 0.81435625 2 0 0 0 0 0 0 0 0 0
3 0.21428125 0.8274609375 0.1284375 0.156171875 0.265146875 0.8130765625 2 0.1634265625 0.7617015625 2 0.18603125 0.8932203125 2 0 0 0 0 0 0 0 0 0
3 0.261921875 0.8235703125 0.1284375 0.156171875 0.3127734375 0.8091875 2 0.211053125 0.7578140625 2 0.2336578125 0.88933125 2 0 0 0 0 0 0 0 0 0
3 0.3085625 0.7992734375 0.1284375 0.156171875 0.359428125 0.7848890625 2 0.2577078125 0.7335140625 1 0.2803125 0.8650328125 1 0 0 0 0 0 0 0 0 0
3 0.359109375 0.7934453125 0.1284375 0.156171875 0.409971875 0.77905625 2 0.30825 0.7276828125 2 0.3275546875 0.8524203125 2 0 0 0 0 0 0 0 0 0
3 0.397984375 0.7895546875 0.1284375 0.156171875 0.44885 0.77516875 2 0.3471296875 0.7237953125 2 0.366434375 0.8485328125 2 0 0 0 0 0 0 0 0 0
3 0.43978125 0.7701171875 0.1284375 0.156171875 0.4906453125 0.7557296875 2 0.3889234375 0.7043546875 2 0.408228125 0.82909375 2 0 0 0 0 0 0 0 0 0
3 0.489359375 0.7623359375 0.1284375 0.156171875 0.540215625 0.747953125 2 0.4384953125 0.6965796875 2 0.4578 0.8213171875 2 0 0 0 0 0 0 0 0 0
3 0.53309375 0.7574765625 0.1284375 0.156171875 0.5839546875 0.74309375 2 0.4822328125 0.6917203125 2 0.5015375 0.8164578125 2 0 0 0 0 0 0 0 0 0
3 0.57975 0.7380390625 0.1284375 0.156171875 0.630609375 0.7236546875 2 0.5288875 0.6722796875 1 0.5481921875 0.79701875 2 0 0 0 0 0 0 0 0 0
3 0.158890625 0.8337734375 0.1284375 0.143546875 0.20974375 0.8257109375 2 0.1080234375 0.7743375 2 0.1351046875 0.900046875 2 0 0 0 0 0 0 0 0 0
3 0.205578125 0.895421875 0.12125 0.14840625 0.1511125 0.9120875 2 0.2293859375 0.830065625 2 0.255915625 0.9542140625 2 0 0 0 0 0 0 0 0 0
3 0.299859375 0.871125 0.12125 0.14840625 0.24539375 0.8877875 2 0.3236671875 0.805765625 2 0.350196875 0.9299140625 2 0 0 0 0 0 0 0 0 0
3 0.346515625 0.845859375 0.12125 0.14840625 0.2920484375 0.862515625 2 0.370321875 0.7804953125 2 0.3968515625 0.90464375 2 0 0 0 0 0 0 0 0 0
3 0.39025 0.838078125 0.12125 0.14840625 0.3357875 0.854740625 2 0.4140609375 0.77271875 2 0.440590625 0.8968671875 2 0 0 0 0 0 0 0 0 0
3 0.433015625 0.8341875 0.12125 0.14840625 0.3785546875 0.850853125 2 0.456828125 0.76883125 2 0.4833578125 0.8929796875 2 0 0 0 0 0 0 0 0 0
3 0.48453125 0.817671875 0.12125 0.14840625 0.43006875 0.8343296875 2 0.5083421875 0.7523078125 2 0.534871875 0.87645625 2 0 0 0 0 0 0 0 0 0
3 0.53021875 0.806 0.12125 0.14840625 0.4757515625 0.822665625 2 0.554025 0.74064375 2 0.5805546875 0.8647921875 2 0 0 0 0 0 0 0 0 0
3 0.567140625 0.802125 0.12125 0.14840625 0.5126859375 0.818778125 2 0.590959375 0.73675625 1 0.6174890625 0.8609046875 2 0 0 0 0 0 0 0 0 0
3 0.2415 0.9379453125 0.1284375 0.124109375 0.2923625 0.9396015625 2 0.1953671875 0.8951875 2 0.2313296875 1 2 0 0 0 0 0 0 0 0 0
3 0.273578125 0.9379453125 0.1284375 0.124109375 0.3244375 0.9396015625 2 0.2274421875 0.8951875 2 0.2634046875 1 2 0 0 0 0 0 0 0 0 0
3 0.3804921875 0.918015625 0.122609375 0.140625 0.4284390625 0.9114140625 2 0.33144375 0.867 2 0.3547703125 0.980721875 2 0 0 0 0 0 0 0 0 0
3 0.3270390625 0.914140625 0.122609375 0.140625 0.3749796875 0.9075265625 2 0.277984375 0.8631125 1 0.3013109375 0.9768328125 2 0 0 0 0 0 0 0 0 0
3 0.4164609375 0.904421875 0.122609375 0.140625 0.4644015625 0.89780625 2 0.36740625 0.8533921875 1 0.3907328125 0.9671140625 2 0 0 0 0 0 0 0 0 0
3 0.4660234375 0.880109375 0.122609375 0.140625 0.513971875 0.8735078125 2 0.4169765625 0.82909375 1 0.4403046875 0.9428140625 2 0 0 0 0 0 0 0 0 0
3 0.5214296875 0.887890625 0.122609375 0.140625 0.569375 0.8812828125 2 0.4723796875 0.83686875 2 0.49570625 0.950590625 2 0 0 0 0 0 0 0 0 0
3 0.5535078125 0.876234375 0.122609375 0.140625 0.60145 0.86961875 2 0.5044546875 0.8252046875 2 0.52778125 0.9389265625 2 0 0 0 0 0 0 0 0 0
