1 0.1796005155 0.3934345794 0.3528092784 0.408317757 0.1792010309 0.1994392523 2 0.0103994845 0.1979906542 2 0.3504020619 0.2001658879 2 0.2008015464 0.5859906542 2 0 0 0 0 0 0
1 0.5492139175 0.394182243 0.3528092784 0.408317757 0.5488015464 0.2001658879 2 0.3800025773 0.1987149533 2 0.7200025773 0.2008901869 2 0.5704020619 0.5867172897 2 0 0 0 0 0 0
1 0.5492139175 0.394182243 0.3528092784 0.408317757 0.5488015464 0.2001658879 2 0.3800025773 0.1987149533 2 0.7200025773 0.2008901869 2 0.5704020619 0.5867172897 2 0 0 0 0 0 0
1 0.5946520619 0.410817757 0.3528092784 0.408317757 0.5943273196 0.6069228972 2 0.7638530928 0.6062570093 2 0.4317603093 0.6077149533 2 0.5734510309 0.2182546729 2 0 0 0 0 0 0
1 0.3831572165 0.3933878505 0.3528092784 0.408317757 0.3854381443 0.5894906542 2 0.5497525773 0.5894906542 2 0.2193762887 0.5902827103 2 0.3644613402 0.2020443925 2 0 0 0 0 0 0
1 0.1847551546 0.4100233645 0.3528092784 0.408317757 0.1844149485 0.6061308411 2 0.3539407216 0.6054649533 2 0.0218505155 0.6069228972 2 0.1573221649 0.2147196262 2 0 0 0 0 0 0
1 0.4237757732 0.8188317757 0.3152319588 0.2957943925 0.4238737113 0.9586985981 2 0.5672319588 0.9579228972 2 0.2718170103 0.9595093458 2 0.4002963918 0.679817757 2 0 0 0 0 0 0
1 0.8013273196 0.8184462617 0.3134793814 0.3029205607 0.8005927835 0.955546729 2 0.937814433 0.9507920561 2 0.658128866 0.9610934579 2 0.7735 0.6837780374 2 0 0 0 0 0 0
1 0.6046778351 0.8109228972 0.3134793814 0.2926401869 0.6039407216 0.9428691589 2 0.7455309278 0.9412850467 2 0.4606030928 0.9468317757 2 0.5864613402 0.6758551402 2 0 0 0 0 0 0
1 0.7462757732 0.8057593458 0.3134793814 0.3029205607 0.7470128866 0.6686542056 2 0.6097938144 0.6734088785 2 0.8894768041 0.6631074766 2 0.766507732 0.9404929907 2 0 0 0 0 0 0
1 0.4272551546 0.8057593458 0.3134793814 0.3029205607 0.428 0.6686542056 2 0.2814304124 0.6711004673 2 0.5698556701 0.6663481308 2 0.444871134 0.9412850467 2 0 0 0 0 0 0
