2 0.1601302083 0.6088203125 0.0718645833 0.064765625 0.1638291667 0.5799828125 2 0.1939927083 0.5815351562 2 0.13691875 0.5788742188 2 0.156140625 0.6376484375 2 0.184234375 0.6380921875 2 0.1286385417 0.6372046875 2
2 0.1279010417 0.61525 0.0718645833 0.064765625 0.1315958333 0.5864148437 2 0.161759375 0.5879671875 2 0.1046854167 0.58530625 2 0.1239072917 0.6440804688 2 0.1520010417 0.6445242187 2 0.0964052083 0.6436367188 2
2 0.098921875 0.6103671875 0.0718645833 0.064765625 0.102615625 0.5815351562 2 0.1327791667 0.5830882813 2 0.0757041667 0.5804265625 2 0.0949260417 0.6392007813 2 0.1230197917 0.6396445312 2 0.0674239583 0.6387578125 2
2 0.066390625 0.613921875 0.0718645833 0.064765625 0.0718604167 0.585084375 2 0.1002489583 0.5866367188 2 0.0422885417 0.5830882813 2 0.06180625 0.6434148438 2 0.090490625 0.6449671875 2 0.0348947917 0.64230625 2
2 0.2524010417 0.559578125 0.0718645833 0.064765625 0.256390625 0.5311890625 2 0.2833010417 0.5320757812 2 0.2303666667 0.5300796875 2 0.248996875 0.5886328125 2 0.2750208333 0.5892984375 2 0.220903125 0.5879671875 2
2 0.2243072917 0.5533671875 0.0718645833 0.064765625 0.228296875 0.5249789062 2 0.2552072917 0.525865625 2 0.2022729167 0.5238695313 2 0.220903125 0.5824226563 2 0.2469270833 0.5830882813 2 0.1928104167 0.5817570313 2
2 0.1956197917 0.557359375 0.0718645833 0.064765625 0.1996114583 0.5289710937 2 0.226521875 0.5298578125 2 0.1735885417 0.5278617187 2 0.19221875 0.5864148437 2 0.2182416667 0.5870804687 2 0.164125 0.5857492187 2
2 0.1651614583 0.551375 0.0718645833 0.064765625 0.1691520833 0.5229828125 2 0.1960625 0.5238695313 2 0.1431291667 0.5218734375 2 0.161759375 0.5804265625 2 0.1877833333 0.5810921875 2 0.133665625 0.5797609375 2
2 0.135890625 0.554703125 0.0718645833 0.064765625 0.1398760417 0.526309375 2 0.1667864583 0.527196875 2 0.113853125 0.5252007812 2 0.1324833333 0.583753125 2 0.15850625 0.58441875 2 0.1043895833 0.5830882813 2
2 0.1063177083 0.5489296875 0.0718645833 0.064765625 0.1103041667 0.5200992187 2 0.140171875 0.5216523438 2 0.0822104167 0.518103125 2 0.1029104167 0.5779867187 2 0.128934375 0.5786523437 2 0.0748177083 0.5773210937 2
2 0.074671875 0.551375 0.0718645833 0.064765625 0.080140625 0.5225390625 2 0.1085291667 0.5240914062 2 0.05056875 0.5205429687 2 0.07009375 0.5811 2 0.0987708333 0.5824226563 2 0.043175 0.5797609375 2
2 0.187921875 0.6166328125 0.0718645833 0.064765625 0.191615625 0.5877976563 2 0.2217791667 0.58935 2 0.1647052083 0.5866890625 2 0.1839270833 0.6454632812 2 0.2120208333 0.6459070312 2 0.156425 0.6450195312 2
2 0.218890625 0.6101171875 0.0718645833 0.064765625 0.2225864583 0.5812851562 2 0.2527489583 0.5828382813 2 0.195675 0.5801765625 2 0.214896875 0.6389507812 2 0.242990625 0.6393945313 2 0.1873947917 0.6385070312 2
2 0.2446510417 0.6166328125 0.0718645833 0.064765625 0.2483458333 0.5877976563 2 0.278509375 0.58935 2 0.2214354167 0.5866890625 2 0.2406572917 0.6454632812 2 0.2687510417 0.6459070312 2 0.2131552083 0.6450195312 2
2 0.3114427083 0.6190625 0.0463854167 0.064765625 0.3160145833 0.5906695312 2 0.3322791667 0.5913289063 2 0.2955197917 0.5900265625 2 0.3094125 0.6449476563 2 0.32706875 0.6451648438 2 0.291178125 0.6449476563 2
2 0.3522552083 0.6201484375 0.0463854167 0.064765625 0.3568260417 0.5917546875 2 0.3730895833 0.5924140625 2 0.33633125 0.5911117188 2 0.3502239583 0.6460335938 2 0.3678802083 0.64625 2 0.3319895833 0.6460335938 2
2 0.3314114583 0.6138515625 0.0463854167 0.064765625 0.3359864583 0.585459375 2 0.35225 0.58611875 2 0.3154916667 0.5848164063 2 0.329384375 0.6397382812 2 0.347040625 0.6399546875 2 0.31115 0.6397382812 2
2 0.3716510417 0.6140703125 0.0463854167 0.064765625 0.37621875 0.5856765625 2 0.3924822917 0.5863359375 2 0.3557239583 0.5850335937 2 0.3696166667 0.6399546875 2 0.3872729167 0.640171875 2 0.3513822917 0.6399546875 2
2 0.392484375 0.61884375 0.0463854167 0.064765625 0.3950875 0.593065625 2 0.4130333333 0.5937164062 2 0.3765635417 0.5924140625 2 0.39045625 0.6447304687 2 0.4081125 0.6449476563 2 0.372221875 0.6447304687 2
2 0.4272135417 0.6199296875 0.0463854167 0.064765625 0.4298208333 0.5937164062 2 0.4411083333 0.5943679688 2 0.4147697917 0.5932828125 2 0.4251895833 0.6458164063 2 0.4428458333 0.6460335938 2 0.4069541667 0.6458164063 2
2 0.466578125 0.6201484375 0.0463854167 0.064765625 0.4688947917 0.5956703125 2 0.483078125 0.5958875 2 0.4541333333 0.595453125 2 0.464553125 0.6460335938 2 0.47989375 0.64625 2 0.4471875 0.6469015625 2
2 0.4092760417 0.612765625 0.0463854167 0.064765625 0.41274375 0.5887242188 2 0.4298208333 0.5891578125 2 0.397403125 0.5887242188 2 0.40724375 0.6386523438 2 0.4228739583 0.6388695313 2 0.3939302083 0.6386523438 2
2 0.4501145833 0.616640625 0.0452291667 0.060203125 0.451553125 0.590325 2 0.4700770833 0.5907585938 2 0.4376604167 0.590325 2 0.4475010417 0.640253125 2 0.46313125 0.6404703125 2 0.4341864583 0.640253125 2
2 0.3180989583 0.5621875 0.0463854167 0.064765625 0.322671875 0.53379375 2 0.3389354167 0.5344539062 2 0.3021770833 0.5331507813 2 0.3160697917 0.5880726562 2 0.3337260417 0.5882898437 2 0.2978354167 0.5880726562 2
2 0.3386510417 0.5587109375 0.0463854167 0.064765625 0.3432229167 0.5303203125 2 0.3594864583 0.5309804687 2 0.3227270833 0.529678125 2 0.3366208333 0.5845992187 2 0.3542760417 0.5848164063 2 0.3183854167 0.5845992187 2
2 0.3563072917 0.5652265625 0.0463854167 0.064765625 0.360878125 0.5368328125 2 0.3771427083 0.5374929687 2 0.342409375 0.5361898438 2 0.3542760417 0.5911117188 2 0.3719322917 0.5913289063 2 0.3360416667 0.5911117188 2
2 0.375703125 0.5613125 0.0463854167 0.064765625 0.3802708333 0.5329257813 2 0.396534375 0.5335851563 2 0.3618020833 0.5322828125 2 0.37366875 0.5872039062 2 0.391325 0.5874210937 2 0.355434375 0.5872039062 2
2 0.393640625 0.5644609375 0.0463854167 0.05803125 0.3982166667 0.5394382813 2 0.4144802083 0.5400976563 2 0.379746875 0.5387953125 2 0.39421875 0.5895921875 2 0.4112958333 0.59024375 2 0.3765635417 0.5891578125 2
2 0.4324270833 0.565765625 0.0400208333 0.05803125 0.4338177083 0.540740625 2 0.45008125 0.5414 2 0.4191114583 0.5405320312 2 0.4298208333 0.5908945313 2 0.4468979167 0.5915460938 2 0.4162166667 0.5906773438 2
2 0.4324270833 0.565765625 0.0400208333 0.05803125 0.4338177083 0.540740625 2 0.45008125 0.5414 2 0.4191114583 0.5405320312 2 0.4298208333 0.5908945313 2 0.4468979167 0.5915460938 2 0.4162166667 0.5906773438 2
2 0.45384375 0.5629453125 0.0400208333 0.05803125 0.4552364583 0.53791875 2 0.4715 0.538578125 2 0.4405302083 0.5377101562 2 0.4512395833 0.5880726562 2 0.4683166667 0.5887242188 2 0.4376354167 0.5878554688 2
2 0.4150625 0.55925 0.0400208333 0.05803125 0.4164510417 0.534228125 2 0.4327145833 0.5348875 2 0.4017447917 0.5340195313 2 0.4124541667 0.5843820312 2 0.42953125 0.5850335937 2 0.39885 0.5841648437 2
2 0.4694791667 0.5679375 0.0400208333 0.05803125 0.470865625 0.5429117187 2 0.4871302083 0.5435710938 2 0.456159375 0.5427023438 2 0.46686875 0.593065625 2 0.4839458333 0.5937164062 2 0.453265625 0.5928484375 2
2 0.5186875 0.5681484375 0.0400208333 0.05803125 0.5200708333 0.5431289062 2 0.536334375 0.5437882813 2 0.5053645833 0.5429195313 2 0.5160739583 0.5932828125 2 0.5331510417 0.5939335937 2 0.5024697917 0.593065625 2
2 0.5137604167 0.621984375 0.0400208333 0.05803125 0.5151510417 0.5969648438 2 0.5314145833 0.5976242187 2 0.50044375 0.59675625 2 0.511153125 0.64711875 2 0.5282302083 0.6477703125 2 0.49755 0.6469015625 2
2 0.5412604167 0.56403125 0.0400208333 0.05803125 0.5426479167 0.5390039062 2 0.5589114583 0.5396632812 2 0.527940625 0.5387953125 2 0.53865 0.5891578125 2 0.5557270833 0.589809375 2 0.525046875 0.5889414063 2
2 0.5369166667 0.6169921875 0.0400208333 0.05803125 0.53830625 0.591971875 2 0.5545697917 0.59263125 2 0.5235989583 0.5917632812 2 0.5343083333 0.6421257813 2 0.5513854167 0.6427773437 2 0.5207052083 0.6419085937 2
2 0.5595 0.5707578125 0.0400208333 0.05803125 0.5608822917 0.5457335937 2 0.5771458333 0.5463929687 2 0.5461760417 0.545525 2 0.5568854167 0.5958875 2 0.5739625 0.5965390625 2 0.54328125 0.5956703125 2
2 0.5583333333 0.6230703125 0.0400208333 0.05803125 0.559725 0.59805 2 0.5759885417 0.598709375 2 0.5450177083 0.5978414062 2 0.5557270833 0.6482039063 2 0.5728041667 0.6488554687 2 0.5421239583 0.6479867188 2
2 0.5803333333 0.5664140625 0.0400208333 0.05803125 0.581721875 0.5413921875 2 0.5979864583 0.5420515625 2 0.567015625 0.5411835938 2 0.577725 0.5915460938 2 0.5948020833 0.5921976562 2 0.5641208333 0.5913289063 2
2 0.5765729167 0.6176484375 0.0400208333 0.05803125 0.577959375 0.5926226562 2 0.5942229167 0.5932828125 2 0.563253125 0.5924140625 2 0.5739625 0.6427773437 2 0.5910395833 0.643428125 2 0.5603583333 0.6425601562 2
2 0.6260625 0.621984375 0.0400208333 0.05803125 0.6274541667 0.5969648438 2 0.6437177083 0.5976242187 2 0.612746875 0.59675625 2 0.62345625 0.64711875 2 0.6405333333 0.6477703125 2 0.609853125 0.6469015625 2
2 0.5933645833 0.621984375 0.0400208333 0.05803125 0.594746875 0.5969648438 2 0.6110104167 0.5976242187 2 0.580040625 0.59675625 2 0.59075 0.64711875 2 0.6078270833 0.6477703125 2 0.5771458333 0.6469015625 2
2 0.6133333333 0.6169921875 0.0400208333 0.05803125 0.61471875 0.591971875 2 0.6309822917 0.59263125 2 0.6000114583 0.5917632812 2 0.6107208333 0.6421257813 2 0.6277979167 0.6427773437 2 0.5971177083 0.6419085937 2
2 0.5988541667 0.5724921875 0.0400208333 0.05803125 0.600246875 0.5474703125 2 0.6165104167 0.5481296875 2 0.5855395833 0.5472617187 2 0.5962489583 0.5976242187 2 0.6133260417 0.5982757813 2 0.5826458333 0.5974070313 2
2 0.6162291667 0.569234375 0.0400208333 0.05803125 0.6176125 0.5442140625 2 0.6338770833 0.5448734375 2 0.60290625 0.5440054687 2 0.613615625 0.5943679688 2 0.6306927083 0.5950195312 2 0.6000114583 0.5941507812 2
2 0.6283854167 0.57553125 0.0400208333 0.05803125 0.6297697917 0.550509375 2 0.6460333333 0.55116875 2 0.6150625 0.5503007813 1 0.6263510417 0.5956703125 2 0.6408229167 0.596321875 2 0.6127479167 0.5941507812 2
2 0.6705416667 0.5739570312 0.0400208333 0.0511796875 0.6719302083 0.552359375 2 0.68819375 0.55301875 2 0.6572229167 0.5521507813 2 0.6698979167 0.5964171875 2 0.6862739583 0.596546875 2 0.6549 0.5962882812 2
2 0.68915625 0.5713710938 0.0400208333 0.0511796875 0.6905479167 0.5497734375 2 0.7068114583 0.5504335938 2 0.6758416667 0.5495648438 2 0.688515625 0.5938320313 2 0.7048927083 0.5939609375 2 0.6735177083 0.5937023437 2
2 0.7069166667 0.5764101562 0.0400208333 0.0511796875 0.708303125 0.554815625 2 0.7245677083 0.5554757812 2 0.693596875 0.5546070312 2 0.706271875 0.5988742188 2 0.7226479167 0.599003125 2 0.6912739583 0.5987445313 2
2 0.7238125 0.5733085937 0.0400208333 0.0511796875 0.7251979167 0.5517132812 2 0.7414614583 0.5523726562 2 0.710490625 0.5515046875 2 0.723165625 0.5957710938 2 0.7395427083 0.5959007813 2 0.7081677083 0.5956421875 2
2 0.740875 0.5787382812 0.0400208333 0.0511796875 0.7422635417 0.5571429688 2 0.758528125 0.557803125 2 0.7275572917 0.556934375 2 0.74023125 0.6012015625 2 0.7566083333 0.6013304687 2 0.725234375 0.601071875 2
2 0.7584583333 0.5755117187 0.0400208333 0.0511796875 0.7598479167 0.5539109375 2 0.7761114583 0.5545703125 2 0.745140625 0.5537023438 2 0.757815625 0.59796875 2 0.7741916667 0.5980984375 2 0.7428177083 0.5978398437 2
2 0.775875 0.5797773438 0.0400208333 0.0511796875 0.7772583333 0.5581773437 2 0.7935229167 0.5588375 2 0.7625520833 0.55796875 2 0.7752260417 0.6022359375 2 0.791603125 0.6023648437 2 0.760228125 0.60210625 2
2 0.6693333333 0.6225664063 0.0400208333 0.0511796875 0.6707229167 0.6009726562 2 0.6869875 0.6016320313 2 0.6560166667 0.6007640625 2 0.668690625 0.6450304688 2 0.6850677083 0.6451601563 2 0.6536927083 0.6449015625 2
2 0.6858854167 0.6197226563 0.0400208333 0.0511796875 0.6872729167 0.598128125 2 0.7035364583 0.5987882812 2 0.672565625 0.5979195312 2 0.685240625 0.6421867187 2 0.7016166667 0.642315625 2 0.6702427083 0.6420570313 2
2 0.7046770833 0.6245117188 0.0400208333 0.0511796875 0.7060625 0.6029117187 2 0.7223260417 0.603571875 2 0.69135625 0.602703125 2 0.7040302083 0.6469703125 2 0.7204072917 0.6470992187 2 0.6890322917 0.646840625 2
2 0.7226041667 0.6206289063 0.0400208333 0.0511796875 0.723990625 0.5990335937 2 0.7402541667 0.5996929687 2 0.709284375 0.5988242188 2 0.7219583333 0.6430914063 2 0.7383354167 0.6432203125 2 0.7069614583 0.6429617187 2
2 0.7400104167 0.6256757813 0.0400208333 0.0511796875 0.7414020833 0.6040757812 2 0.757665625 0.6047351563 2 0.7266958333 0.6038671875 2 0.7393697917 0.6481335938 2 0.755746875 0.6482632812 2 0.724371875 0.6480046875 2
2 0.7567395833 0.6211445312 0.0400208333 0.0511796875 0.7581239583 0.5995507812 2 0.7743875 0.6002101562 2 0.7434166667 0.5993421875 2 0.7560916667 0.6436085938 2 0.7724677083 0.6437382812 2 0.74109375 0.6434796875 2
2 0.775875 0.6256757813 0.0400208333 0.0511796875 0.7772583333 0.6040757812 2 0.7926375 0.6043039062 2 0.7625520833 0.6038671875 2 0.7752260417 0.6481335938 2 0.791603125 0.6482632812 2 0.760228125 0.6480046875 2
2 0.3658125 0.4791210938 0.0597916667 0.0641015625 0.3695708333 0.4523867187 2 0.39105 0.4547117187 2 0.3463197917 0.4502273438 2 0.3649208333 0.5033710937 2 0.3859572917 0.504865625 2 0.3383489583 0.5015445312 2
2 0.39215625 0.4741445313 0.0597916667 0.0641015625 0.39415 0.4479023438 2 0.4174 0.4497289063 2 0.3717854167 0.4460757812 2 0.3917135417 0.4987210938 2 0.4116427083 0.4998835938 2 0.36580625 0.4973929687 2
2 0.4140833333 0.4834414062 0.0597916667 0.0641015625 0.416071875 0.4572023438 2 0.439321875 0.4590296875 2 0.3937072917 0.4553757813 2 0.4136354167 0.5080210938 2 0.4335645833 0.5091835937 2 0.387728125 0.5066929688 2
2 0.4393229167 0.4787929687 0.0597916667 0.0641015625 0.4413145833 0.4525523438 2 0.464565625 0.4543796875 2 0.41895 0.4507257812 2 0.4388791667 0.5033710937 2 0.4588083333 0.5045335937 2 0.412971875 0.5020429687 2
2 0.4616875 0.4852695312 0.0597916667 0.0641015625 0.4634583333 0.45853125 2 0.4840510417 0.4598601562 2 0.4413145833 0.4572023438 2 0.4608010417 0.5101804688 2 0.4796229167 0.5110109375 2 0.43799375 0.5090179688 2
2 0.48471875 0.4816132813 0.0597916667 0.0641015625 0.48604375 0.4565382813 2 0.5061947917 0.457534375 2 0.4667791667 0.4555421875 2 0.4838302083 0.5065265625 2 0.5026520833 0.5073570312 2 0.461021875 0.5053640625 2
2 0.5053125 0.4885898437 0.0597916667 0.0641015625 0.5066375 0.4635132813 2 0.5267875 0.4645101562 2 0.4873729167 0.4625171875 2 0.5044229167 0.5135015625 2 0.5232447917 0.5143320313 2 0.481615625 0.5123390625 2
2 0.3658125 0.4791210938 0.0597916667 0.0641015625 0.3695708333 0.4523867187 2 0.39105 0.4547117187 2 0.3463197917 0.4502273438 2 0.3649208333 0.5033710937 2 0.3859572917 0.504865625 2 0.3383489583 0.5015445312 2
2 0.3706770833 0.4244882813 0.0597916667 0.0641015625 0.3744427083 0.3977484375 2 0.3959208333 0.4000726562 2 0.3511916667 0.3955890625 2 0.3697916667 0.4487328125 2 0.390828125 0.4502273438 2 0.3432197917 0.44690625 2
2 0.3963645833 0.4209960938 0.0597916667 0.0641015625 0.400128125 0.3942601562 2 0.4216072917 0.3965851563 2 0.376878125 0.3921015625 2 0.395478125 0.4452453125 2 0.4165145833 0.4467398437 2 0.3733354167 0.443584375 2
2 0.4198333333 0.4299648437 0.0597916667 0.0641015625 0.4236 0.4032289063 2 0.4450791667 0.4055539063 2 0.40035 0.4010695312 2 0.41895 0.4542132813 2 0.4399864583 0.4557078125 2 0.3968072917 0.4525523438 2
2 0.44353125 0.4253164063 0.0597916667 0.0641015625 0.4453010417 0.4002390625 2 0.4663364583 0.4023984375 2 0.425371875 0.3980804688 2 0.44264375 0.4495632813 2 0.4621291667 0.4508914062 2 0.4213864583 0.4479023438 2
2 0.44353125 0.4253164063 0.0597916667 0.0641015625 0.4453010417 0.4002390625 2 0.4663364583 0.4023984375 2 0.425371875 0.3980804688 2 0.44264375 0.4495632813 2 0.4621291667 0.4508914062 2 0.4213864583 0.4479023438 2
2 0.466890625 0.4327890625 0.05159375 0.058125 0.4678864583 0.4087085938 2 0.4889229167 0.4108679687 2 0.4479572917 0.40655 2 0.4652291667 0.4580328125 2 0.484715625 0.4593617187 2 0.443971875 0.4563726563 2
2 0.487265625 0.42996875 0.05159375 0.058125 0.4882583333 0.4058859375 2 0.5092947917 0.4080445313 2 0.4683291667 0.4037265625 2 0.4856010417 0.455209375 2 0.5050875 0.4565382813 2 0.46434375 0.4535492187 2
2 0.508515625 0.437109375 0.05159375 0.058125 0.509515625 0.4130265625 2 0.5305520833 0.4151859375 2 0.4895875 0.4108679687 2 0.5068583333 0.4623507812 2 0.5263447917 0.4636796875 2 0.4856010417 0.4606898437 2
2 0.5538020833 0.4910820312 0.0597916667 0.0641015625 0.55513125 0.4660046875 2 0.57528125 0.4670007812 2 0.5358666667 0.4650078125 2 0.5529166667 0.5159929688 2 0.5717385417 0.5168234375 2 0.530109375 0.5148304687 2
2 0.5748385417 0.4875898438 0.0504895833 0.0587890625 0.5772739583 0.4623507812 2 0.595875 0.4630148438 2 0.5588958333 0.4615203125 2 0.57528125 0.5098484375 2 0.594103125 0.510678125 2 0.5538020833 0.50935 2
2 0.5952135417 0.4942382813 0.0504895833 0.0587890625 0.5976458333 0.46899375 2 0.616246875 0.4696585938 2 0.5792677083 0.4681632813 2 0.595653125 0.5164914063 2 0.614475 0.517321875 2 0.5741739583 0.5159929688 2
2 0.6142552083 0.4897539062 0.0504895833 0.0587890625 0.617796875 0.4661703125 2 0.634846875 0.4671671875 2 0.5998604167 0.4648421875 2 0.614696875 0.5120070313 2 0.6321895833 0.5125054687 2 0.598975 0.5118414063 2
2 0.6324114583 0.4968945312 0.0504895833 0.0587890625 0.6359541667 0.4733117188 2 0.6530041667 0.4743085938 2 0.6180177083 0.4719835937 2 0.6328541667 0.5191484375 2 0.650346875 0.519646875 2 0.6171322917 0.5189820312 2
2 0.6554427083 0.492078125 0.0425104167 0.054140625 0.656546875 0.4696585938 2 0.6735979167 0.4706546875 2 0.6386114583 0.4683296875 2 0.653446875 0.5154945312 2 0.670940625 0.5159929688 2 0.637725 0.5153289062 2
2 0.674484375 0.49921875 0.0425104167 0.054140625 0.675590625 0.4767992187 2 0.692640625 0.4777960937 2 0.6576541667 0.4754710937 2 0.672490625 0.5226359375 2 0.6899833333 0.523134375 2 0.65676875 0.5224695312 2
2 0.5563541667 0.4403476562 0.0538125 0.0616171875 0.559559375 0.4153515625 2 0.5772739583 0.4171789063 2 0.5402947917 0.413359375 2 0.556903125 0.4640117187 2 0.575725 0.4648421875 2 0.5340947917 0.4628492188 2
2 0.55403125 0.4912460937 0.0597916667 0.0641015625 0.555353125 0.4661703125 2 0.575503125 0.4671671875 2 0.5360875 0.4651742187 2 0.5531385417 0.5161585937 2 0.5719604167 0.5169890625 2 0.53033125 0.514996875 2
2 0.5773854167 0.4365273438 0.0538125 0.0616171875 0.5805958333 0.4115320312 2 0.5983104167 0.413359375 2 0.56133125 0.4095390625 2 0.5779385417 0.4601921875 2 0.5967604167 0.4610226563 2 0.55978125 0.4593617187 2
2 0.5991979167 0.4430859375 0.0496041667 0.057796875 0.600303125 0.4200015625 2 0.6180177083 0.4218289063 2 0.5810385417 0.418009375 2 0.5980885417 0.4663367187 2 0.6158041667 0.4668351562 2 0.5803739583 0.4660046875 2
2 0.6195729167 0.4396015625 0.0496041667 0.057796875 0.620675 0.4165140625 2 0.6383895833 0.4183414062 2 0.6014104167 0.4145210938 2 0.6184604167 0.4628492188 2 0.636175 0.4633476563 2 0.6007458333 0.4625171875 2
2 0.63684375 0.4472421875 0.0496041667 0.057796875 0.637946875 0.4246523437 2 0.6556614583 0.4259804688 2 0.622225 0.4234898437 2 0.6357322917 0.4704882813 2 0.6525614583 0.4714851562 2 0.619346875 0.4696585938 2
2 0.6563229167 0.4430859375 0.0496041667 0.057796875 0.6572114583 0.4206664062 2 0.6735979167 0.4223273437 2 0.6417114583 0.4193375 2 0.65521875 0.4663367187 2 0.672046875 0.4673328125 2 0.6388322917 0.46550625 2
2 0.67603125 0.4510625 0.0496041667 0.057796875 0.67691875 0.4286375 2 0.6933052083 0.4302984375 2 0.66141875 0.427309375 2 0.6749260417 0.4743085938 2 0.6917552083 0.4753046875 2 0.6585395833 0.473478125 2
