1 0.5006484375 0.7389296875 0.326828125 0.264328125 0.4908859375 0.6770828125 2 0.3450515625 0.6888015625 2 0.6432296875 0.6276046875 2 0.5416671875 0.8541671875 2 0 0 0 0 0 0
1 0.5143203125 0.8639375 0.302078125 0.26171875 0.5078125 0.9153640625 2 0.3670890625 0.9914921875 2 0.6510421875 0.8776046875 2 0.4309890625 0.73828125 2 0 0 0 0 0 0
1 0.7382890625 0.8613203125 0.299484375 0.266921875 0.7252609375 0.9127609375 2 0.59375 0.9752609375 2 0.8723953125 0.875 2 0.65625 0.7369796875 2 0 0 0 0 0 0
1 0.805984375 0.6556015625 0.3515625 0.251296875 0.7421875 0.6666671875 2 0.8268234375 0.7643234375 2 0.6393234375 0.5651046875 2 0.9635421875 0.5442703125 2 0 0 0 0 0 0
1 0.8268203125 0.4641875 0.341140625 0.28515625 0.78125 0.5 2 0.8216140625 0.5963546875 2 0.6666671875 0.3359375 2 0.9921875 0.3671875 2 0 0 0 0 0 0
1 0.5397109375 0.37825 0.334640625 0.27734375 0.61328125 0.3802078125 2 0.6119796875 0.5052078125 2 0.671875 0.2643234375 2 0.38671875 0.3723953125 2 0 0 0 0 0 0
1 0.5293046875 0.1699296875 0.342453125 0.256515625 0.4270828125 0.1796875 2 0.3932296875 0.2890625 2 0.4479171875 0.0559890625 2 0.6627609375 0.2213546875 2 0 0 0 0 0 0
1 0.196609375 0.2161484375 0.328125 0.268234375 0.1979171875 0.3151046875 2 0.3567703125 0.3229171875 2 0.0572921875 0.3229171875 2 0.234375 0.1041671875 2 0 0 0 0 0 0
1 0.2265546875 0.4889375 0.317703125 0.26953125 0.2200515625 0.5559890625 2 0.0833328125 0.5950515625 2 0.3658859375 0.53125 2 0.1822921875 0.359375 2 0 0 0 0 0 0
1 0.4296953125 0.5364609375 0.322921875 0.252609375 0.4986984375 0.5247390625 2 0.5794265625 0.421875 2 0.44140625 0.6432296875 2 0.2760421875 0.4583328125 2 0 0 0 0 0 0
1 0.2259140625 0.8014375 0.334640625 0.22265625 0.2291671875 0.8958328125 2 0.06640625 0.9010421875 2 0.375 0.89453125 2 0.2356765625 0.6966140625 2 0 0 0 0 0 0
1 0.8606796875 0.81184375 0.278640625 0.23828125 0.859375 0.7682296875 2 0.7317703125 0.8072921875 2 0.9934890625 0.7278640625 2 0.9348953125 0.91796875 2 0 0 0 0 0 0
