1 0.6927109375 0.744796875 0.361984375 0.421875 0.6927078125 0.5716140625 2 0.5182296875 0.55078125 2 0.859375 0.59375 2 0.6302078125 0.9427078125 2 0 0 0 0 0 0
1 0.3020859375 0.6913984375 0.361984375 0.434890625 0.3020828125 0.51171875 2 0.1276046875 0.4908859375 2 0.46875 0.5338546875 2 0.2486984375 0.8919265625 2 0 0 0 0 0 0
1 0.81875 0.246875 0.3625 0.421875 0.8190109375 0.07421875 2 0.64453125 0.0533859375 2 0.9856765625 0.0963546875 2 0.7565109375 0.4453125 2 0 0 0 0 0 0
1 0.4401015625 0.2109375 0.361984375 0.421875 0.44140625 0.03125 2 0.265625 0.0052078125 2 0.6106765625 0.0455734375 2 0.3776046875 0.4088546875 2 0 0 0 0 0 0
1 0.2109453125 0.744796875 0.361984375 0.421875 0.2109375 0.91796875 2 0.3854171875 0.9388015625 2 0.046875 0.9049484375 2 0.2591140625 0.5481765625 2 0 0 0 0 0 0
1 0.4375078125 0.74609375 0.361984375 0.421875 0.4375 0.9192703125 2 0.6119796875 0.9401046875 2 0.2734375 0.90625 2 0.4908859375 0.5520828125 2 0 0 0 0 0 0
1 0.6614609375 0.7890625 0.361984375 0.421875 0.6614578125 0.9622390625 2 0.8359375 0.9830734375 2 0.4973953125 0.94921875 2 0.71484375 0.5950515625 2 0 0 0 0 0 0
1 0.7916640625 0.29296875 0.361984375 0.421875 0.7916671875 0.4661453125 2 0.9661453125 0.4869796875 2 0.6276046875 0.453125 2 0.84765625 0.1002609375 2 0 0 0 0 0 0
1 0.3437578125 0.244796875 0.361984375 0.421875 0.34375 0.41796875 2 0.518228125 0.4388015625 2 0.1796875 0.4049484375 2 0.3997390625 0.0520828125 2 0 0 0 0 0 0
1 0.5703203125 0.255203125 0.361984375 0.421875 0.5703125 0.4283859375 2 0.744790625 0.44921875 2 0.3997390625 0.40625 2 0.6263015625 0.0625 2 0 0 0 0 0 0
