2 0.818445122 0.172871179 0.227195122 0.3415065502 0.8202682927 0.3204148472 2 0.9247957317 0.3183340611 2 0.7084786585 0.3401790393 2 0.8028445122 0.0239672489 2 0.9277012195 0.0073231441 2 0.707027439 0.0322882096 2
2 0.7023018293 0.1755349345 0.2330182927 0.3313318777 0.6925091463 0.0322882096 2 0.7970396341 0.0166855895 1 0.5966890244 0.039569869 2 0.7055762195 0.3193755459 2 0.811554878 0.3193755459 1 0.6112073171 0.3308165939 2
2 0.5945121951 0.2129912664 0.2221341463 0.3251091703 0.5807195122 0.0738951965 2 0.6808932927 0.0551724891 2 0.487804878 0.0780545852 2 0.5995945122 0.357860262 2 0.7041219512 0.3526593886 2 0.5008719512 0.3713842795 2
2 0.4841768293 0.2054366812 0.2192073171 0.3193886463 0.4732865854 0.0686943231 2 0.5749115854 0.0572510917 1 0.3818231707 0.0728537118 2 0.4965152439 0.346419214 2 0.5908841463 0.3422576419 2 0.4006981707 0.357860262 2
2 0.3829268293 0.2509279476 0.221402439 0.3074454148 0.3702103659 0.1144606987 2 0.4703841463 0.104058952 2 0.2801981707 0.1165414847 1 0.3919847561 0.3869847162 2 0.487804878 0.3869847162 2 0.3005213415 0.4015480349 2
2 0.2617073171 0.1963427948 0.2228658537 0.329279476 0.241 0.0551724891 2 0.342625 0.0364497817 2 0.1538902439 0.0624519651 2 0.265679878 0.3380982533 2 0.3658536585 0.3339366812 2 0.1727652439 0.3516200873 2
2 0.1535213415 0.2335262009 0.2242987805 0.3256550218 0.1335670732 0.09469869 2 0.2293841463 0.0790960699 2 0.043554878 0.1019781659 2 0.1611493902 0.3734628821 2 0.262777439 0.3713842795 2 0.0653323171 0.3890655022 2
2 0.1404420732 0.5572052402 0.2155792683 0.2899126638 0.1263079268 0.4317139738 2 0.219222561 0.419231441 2 0.0450060976 0.4358733624 2 0.1538902439 0.6907161572 2 0.2424512195 0.6917554585 2 0.0667835366 0.7000764192 1
2 0.1549695122 0.8317358079 0.2068902439 0.2900218341 0.1408262195 0.7094388646 2 0.2337408537 0.6979956332 2 0.0551676829 0.7073580786 2 0.1684085366 0.96219869 2 0.2555182927 0.9611593886 1 0.0827530488 0.9715611354 2
2 0.2409908537 0.5751528384 0.2177743902 0.2914847162 0.2279329268 0.4483558952 2 0.3252042683 0.4348340611 2 0.1379207317 0.4504366812 2 0.2540640244 0.7104781659 2 0.3368170732 0.7083973799 1 0.164054878 0.7177598253 1
2 0.2569664634 0.8533296943 0.2177743902 0.2863973799 0.2380945122 0.7271200873 2 0.3324634146 0.7167183406 2 0.1524390244 0.726080786 2 0.265679878 0.9830021834 2 0.3571432927 0.9830021834 2 0.1771189024 0.9902838428 2
2 0.3433384146 0.5444541485 0.2250304878 0.2987336245 0.3266554878 0.415069869 2 0.4297317073 0.4015480349 2 0.2395457317 0.417150655 2 0.3527865854 0.6771921397 2 0.4486067073 0.6771921397 1 0.2642286585 0.6875938865 2
2 0.4428658537 0.5580131004 0.215 0.2852838428 0.4295823171 0.4306921397 2 0.521777439 0.4208558952 2 0.3403323171 0.4370174672 2 0.4521402439 0.69280131 2 0.5433536585 0.6913951965 1 0.3560243902 0.6970174672 2
2 0.3646036585 0.8222489083 0.1750609756 0.284279476 0.3746585366 0.9506462882 2 0.4491981707 0.9527532751 1 0.2912926829 0.9583755459 2 0.3560243902 0.6948624454 2 0.4452743902 0.6878362445 2 0.2805030488 0.6983755459 2
2 0.445777439 0.8394541485 0.222652439 0.3004366812 0.4511615854 0.9766462882 2 0.5531615854 0.9745371179 2 0.3570060976 0.9829694323 2 0.4295823171 0.7039978166 2 0.5306036585 0.6927554585 2 0.3383719512 0.7025917031 2
2 0.5605030488 0.8161681223 0.1932012195 0.2872270742 0.5580670732 0.6843231441 2 0.652222561 0.6794039301 2 0.4678353659 0.6871331878 2 0.567875 0.9499432314 2 0.652222561 0.9492401747 2 0.4815640244 0.9548624454 2
2 0.6600609756 0.8313864629 0.2216463415 0.3123799127 0.664972561 0.9745371179 2 0.7659908537 0.9745371179 2 0.5659115854 0.9815655022 2 0.6502591463 0.6955655022 2 0.7473567073 0.6843231441 2 0.5502195122 0.696268559 2
2 0.5497256098 0.533558952 0.2108536585 0.2972925764 0.5404115854 0.4032423581 2 0.6414329268 0.3912969432 2 0.4491981707 0.4046462882 2 0.5590457317 0.670268559 2 0.652222561 0.6695655022 2 0.4668536585 0.6801069869 2
2 0.6492835366 0.5505895197 0.2039939024 0.2955458515 0.6433932927 0.4215131004 2 0.7463780488 0.4095655022 2 0.5492378049 0.4215131004 2 0.6620304878 0.6871331878 2 0.7434329268 0.6843231441 2 0.572777439 0.6927554585 2
2 0.7741006098 0.8058078603 0.2113719512 0.2981222707 0.766972561 0.6730786026 2 0.8679939024 0.6632401747 2 0.669875 0.6737816594 2 0.779722561 0.941510917 2 0.8778018293 0.9422139738 2 0.6806646341 0.9506462882 2
2 0.8839481707 0.8211899563 0.2231402439 0.3116812227 0.8885914634 0.9647008734 2 0.9915731707 0.9632947598 2 0.7856097561 0.9703209607 2 0.8758414634 0.6850240175 2 0.9798018293 0.6744847162 2 0.774820122 0.686430131 2
2 0.757652439 0.5166921397 0.2206707317 0.3099344978 0.7483384146 0.3807554585 2 0.8552439024 0.3674039301 2 0.6512408537 0.384268559 2 0.7679542683 0.655510917 2 0.8660335366 0.655510917 2 0.6718384146 0.6667554585 2
2 0.8724085366 0.5348034934 0.2206707317 0.3018777293 0.8591676829 0.4060524017 2 0.9621493902 0.3898908297 2 0.7640304878 0.4088646288 2 0.8797621951 0.6772947598 2 0.9837256098 0.6758908297 1 0.7738384146 0.6836200873 1
