1 0.21484375 0.6484296875 0.4296875 0.442703125 0.03125 0.671875 2 0.0065109375 0.8463546875 2 0.0651046875 0.4427078125 2 0.4153640625 0.7408859375 2 0 0 0 0 0 0
1 0.2649765625 0.7499921875 0.444015625 0.434890625 0.4427078125 0.7109375 2 0.3932296875 0.9544265625 2 0.4752609375 0.5572921875 2 0.0533859375 0.6484375 2 0 0 0 0 0 0
1 0.6959609375 0.8157578125 0.446609375 0.368484375 0.859375 0.8489578125 2 0.83203125 0.98828125 2 0.9010421875 0.65625 2 0.48046875 0.7903640625 2 0 0 0 0 0 0
1 0.638015625 0.7421953125 0.4453125 0.463546875 0.4622390625 0.7552078125 2 0.4296875 0.9518234375 2 0.49609375 0.5455734375 2 0.84765625 0.8138015625 2 0 0 0 0 0 0
1 0.731765625 0.3086015625 0.4453125 0.440109375 0.5559890625 0.3098953125 2 0.5234375 0.5130203125 2 0.58984375 0.1002609375 2 0.9375 0.3684890625 2 0 0 0 0 0 0
1 0.7148359375 0.5891953125 0.442703125 0.430984375 0.8815109375 0.5924484375 2 0.8528640625 0.7838546875 2 0.9114578125 0.39453125 2 0.5013015625 0.5325515625 2 0 0 0 0 0 0
1 0.7864609375 0.3339765625 0.427078125 0.430984375 0.9674484375 0.3372390625 2 0.9388015625 0.5286453125 2 0.9973953125 0.1393234375 2 0.58203125 0.2734375 2 0 0 0 0 0 0
1 0.28840625 0.2005234375 0.43359375 0.401046875 0.1067703125 0.1953125 2 0.0807296875 0.3828125 2 0.1380203125 0 2 0.4908859375 0.2643234375 2 0 0 0 0 0 0
1 0.3483046875 0.2298203125 0.459640625 0.438796875 0.5169265625 0.2239578125 2 0.5559890625 0.03125 2 0.4856765625 0.4348953125 2 0.1276046875 0.1471359375 2 0 0 0 0 0 0
1 0.2793046875 0.4837265625 0.459640625 0.438796875 0.4479171875 0.4778640625 2 0.4869796875 0.28515625 2 0.4166671875 0.6888015625 2 0.0611984375 0.4153640625 2 0 0 0 0 0 0
