1 0.22734375 0.82421875 0.4546875 0.2890625 0.4166671875 0.8229171875 2 0.39453125 0.9609375 2 0.4479171875 0.6783859375 2 0.0078125 0.7643234375 2 0 0 0 0 0 0
1 0.262203125 0.6542265625 0.44996875 0.291796875 0.449125 0.6631140625 2 0.4229046875 0.79590625 2 0.473653125 0.512559375 2 0.0456734375 0.59545 2 0 0 0 0 0 0
1 0.21796875 0.58828125 0.4359375 0.3171875 0.0258328125 0.5786578125 2 0 0.7109234375 2 0.051665625 0.4381265625 2 0.42779375 0.6406578125 2 0 0 0 0 0 0
1 0.243859375 0.4148828125 0.4711875 0.317234375 0.0413328125 0.4112609375 2 0.0134328125 0.555925 2 0.0599328125 0.2676296875 2 0.4443265625 0.47429375 2 0 0 0 0 0 0
1 0.27125 0.491859375 0.453625 0.31 0.4536265625 0.4908265625 2 0.43399375 0.639625 2 0.476359375 0.345128125 2 0.0537328125 0.4298609375 2 0 0 0 0 0 0
1 0.3203359375 0.3425390625 0.460859375 0.319296875 0.510459375 0.3399625 2 0.535259375 0.1973640625 2 0.4897921875 0.4815265625 2 0.0940328125 0.2686625 2 0 0 0 0 0 0
1 0.2872578125 0.11728125 0.458796875 0.2345625 0.0960984375 0.0785328125 2 0.11263125 0 2 0.070265625 0.2190640625 2 0.4990921875 0.1508640625 2 0 0 0 0 0 0
1 0.33634375 0.17565625 0.4515625 0.29759375 0.522859375 0.17773125 2 0.543525 0.0351328125 2 0.4970265625 0.3110296875 2 0.1146984375 0.1053984375 2 0 0 0 0 0 0
1 0.7603828125 0.1495078125 0.443328125 0.279453125 0.5723515625 0.1296359375 2 0.5937546875 0.016509375 2 0.5460578125 0.2782265625 2 0.9710421875 0.1993453125 2 0 0 0 0 0 0
1 0.7852578125 0.215859375 0.429484375 0.3081875 0.978990625 0.2329765625 2 1 0.1180171875 2 0.956978125 0.3595546875 2 0.57724375 0.1553171875 2 0 0 0 0 0 0
1 0.7600859375 0.3078828125 0.446390625 0.288015625 0.5741859375 0.3094125 2 0.5962 0.1779421875 2 0.5466703125 0.437825 2 0.96248125 0.38095625 2 0 0 0 0 0 0
1 0.7893671875 0.3861484375 0.418140625 0.324703125 0.9893859375 0.3999125 2 1 0.3295921875 2 0.9704296875 0.5387203125 2 0.5876390625 0.33570625 2 0 0 0 0 0 0
1 0.7056484375 0.466828125 0.431703125 0.2989375 0.5209875 0.459153125 2 0.4910234375 0.6040765625 2 0.5478921875 0.32218125 2 0.91723125 0.530696875 2 0 0 0 0 0 0
1 0.7558046875 0.5487265625 0.439046875 0.300234375 0.93924375 0.5508765625 2 0.963703125 0.40473125 2 0.9202890625 0.689684375 2 0.5405546875 0.48055625 2 0 0 0 0 0 0
1 0.6894453125 0.623109375 0.427421875 0.2715 0.50936875 0.6176015625 2 0.5179296875 0.488578125 2 0.489190625 0.7460140625 2 0.8988859375 0.6854765625 2 0 0 0 0 0 0
1 0.738984375 0.7096328125 0.440875 0.299015625 0.9294609375 0.709325 2 0.9533078125 0.5668484375 2 0.9050015625 0.84140625 2 0.526490625 0.6365578125 2 0 0 0 0 0 0
1 0.6766171875 0.8532734375 0.443328125 0.290328125 0.86403125 0.858528125 2 0.888490625 0.715440625 2 0.8420171875 0.9936671875 2 0.4665640625 0.782703125 2 0 0 0 0 0 0
1 0.6350234375 0.783625 0.426203125 0.33203125 0.46411875 0.749071875 2 0.424371875 0.9184546875 2 0.4818515625 0.627996875 2 0.843853125 0.82673125 2 0 0 0 0 0 0
