1 0.2133001988 0.4359075908 0.2973757455 0.3217821782 0.2170318091 0.5761815182 2 0.0762087475 0.5706831683 2 0.3512266402 0.5734323432 2 0.1979781312 0.2777788779 2 0 0 0 0 0 0
1 0.2240755467 0.3980858086 0.3073161034 0.3286468647 0.2244870775 0.2502739274 2 0.0836640159 0.2557755776 2 0.3586819085 0.2530264026 2 0.2393976143 0.5500561056 2 0 0 0 0 0 0
1 0.5728031809 0.4324752475 0.2973757455 0.3368976898 0.5765407555 0.5803069307 2 0.4357196819 0.5748085809 2 0.7107355865 0.5775577558 2 0.574055666 0.2722772277 2 0 0 0 0 0 0
1 0.5446520875 0.4008580858 0.3073161034 0.3286468647 0.5450636183 0.2530264026 2 0.4042405567 0.2585247525 2 0.6792584493 0.2557755776 2 0.5583161034 0.5335544554 2 0 0 0 0 0 0
1 0.5728031809 0.7852145215 0.3073161034 0.2887788779 0.5732266402 0.6573168317 2 0.4373757455 0.6504389439 2 0.7074214712 0.6600660066 2 0.5781968191 0.9158415842 2 0 0 0 0 0 0
1 0.2696222664 0.789339934 0.3073161034 0.2887788779 0.2700457256 0.6614422442 2 0.134194831 0.6545643564 2 0.402584493 0.6559405941 2 0.2874413519 0.9240924092 2 0 0 0 0 0 0
1 0.5988966203 0.7941584158 0.2849502982 0.3314191419 0.5997355865 0.9447194719 2 0.472166998 0.9447194719 2 0.7339304175 0.941970297 2 0.5906222664 0.6751914191 2 0 0 0 0 0 0
1 0.2683797217 0.7913861386 0.2849502982 0.3314191419 0.2692186879 0.941970297 2 0.1416500994 0.941970297 2 0.4017554672 0.941970297 2 0.2493379722 0.6710660066 2 0 0 0 0 0 0
1 0.4257753479 0.7707590759 0.2849502982 0.3314191419 0.4266063618 0.9213432343 2 0.2990397614 0.9213432343 2 0.5599741551 0.9295940594 2 0.4174950298 0.6518151815 2 0 0 0 0 0 0
1 0.3934691849 0.3967326733 0.2849502982 0.3314191419 0.3943001988 0.5473036304 2 0.2667335984 0.5473036304 2 0.527667992 0.5555544554 2 0.3851888668 0.2777788779 2 0 0 0 0 0 0
