1 0.2618069307 0.2363204225 0.4284158416 0.4103521127 0.2665643564 0.0487535211 2 0.0552178218 0.0460457746 2 0.4683935644 0.0446919014 2 0.2532376238 0.4374330986 2 0 0 0 0 0 0
1 0.2275371287 0.264084507 0.4360148515 0.4144014085 0.2208688119 0.4536830986 2 0.0133292079 0.4591003521 2 0.4265049505 0.4563926056 2 0.2322920792 0.0622975352 2 0 0 0 0 0 0
1 0.4902846535 0.2383450704 0.4360148515 0.4144014085 0.4836262376 0.4320158451 2 0.6987821782 0.4306602113 2 0.2760841584 0.4320158451 2 0.5064727723 0.0419823944 2 0 0 0 0 0 0
1 0.7492326733 0.2661091549 0.4322277228 0.4049295775 0.7425742574 0.4536830986 2 0.5369381188 0.4563926056 2 0.9405940594 0.4523292254 2 0.769230198 0.0677147887 2 0 0 0 0 0 0
1 0.734950495 0.2410651408 0.4417326733 0.4008626761 0.7330544554 0.0514630282 2 0.948210396 0.0501091549 2 0.5236089109 0.0514630282 2 0.7121089109 0.4333697183 2 0 0 0 0 0 0
1 0.2989356436 0.7231778169 0.456980198 0.4062852113 0.2913168317 0.5376496479 2 0.0761608911 0.5376496479 2 0.5007623762 0.5349401408 2 0.283700495 0.916846831 2 0 0 0 0 0 0
1 0.263700495 0.7502728873 0.4398267327 0.4089964789 0.2570445545 0.9398697183 2 0.0495049505 0.9439330986 2 0.4645841584 0.9330985915 2 0.2611980198 0.5509295775 2 0 0 0 0 0 0
1 0.5121905941 0.7333450704 0.4226980198 0.3778521127 0.5121856436 0.9114295775 2 0.7216287129 0.9073679577 2 0.3084529703 0.9141390845 2 0.5145990099 0.5491830986 2 0 0 0 0 0 0
1 0.764480198 0.7482394366 0.4284158416 0.3995070423 0.769230198 0.9330985915 2 0.5578836634 0.9344524648 2 0.96725 0.9303908451 2 0.7844628713 0.5525457746 2 0 0 0 0 0 0
1 0.7578094059 0.7252112676 0.4226980198 0.4022183099 0.7559034653 0.5349401408 2 0.5521707921 0.5362940141 2 0.9520173267 0.5349401408 2 0.7349579208 0.916846831 2 0 0 0 0 0 0
