1 0.1659288538 0.2083307453 0.1803359684 0.3467857143 0.165513834 0.0414083851 2 0.0790513834 0.0439953416 2 0.2478586957 0.0414083851 2 0.1795128458 0.3791413043 2 0 0 0 0 0 0
1 0.1667490119 0.229681677 0.1803359684 0.3636180124 0.1671610672 0.3985512422 2 0.2536235178 0.3933742236 2 0.0823448617 0.4063152174 2 0.1473982213 0.0569363354 2 0 0 0 0 0 0
1 0.2758547431 0.2173835404 0.1712747036 0.3390217391 0.2692687747 0.376552795 2 0.1910405138 0.376552795 2 0.3532608696 0.3739642857 2 0.2511531621 0.0452903727 2 0 0 0 0 0 0
1 0.389076087 0.2128571429 0.1737450593 0.3532608696 0.3812579051 0.3791413043 2 0.3043972332 0.3850403727 2 0.4701907115 0.3687888199 2 0.3722005929 0.0427018634 2 0 0 0 0 0 0
1 0.3697282609 0.1973291925 0.1597529644 0.3377329193 0.3565543478 0.0336444099 2 0.2918685771 0.0327251553 2 0.4475909091 0.0327251553 2 0.3688171937 0.3619440994 2 0 0 0 0 0 0
1 0.5912401186 0.2704425466 0.2058596838 0.3985559006 0.592062253 0.0841102484 2 0.4981887352 0.0841102484 2 0.689229249 0.0944611801 2 0.5830039526 0.4619565217 2 0 0 0 0 0 0
1 0.5731274704 0.2898524845 0.1992786561 0.4011335404 0.5698290514 0.4723090062 2 0.4759555336 0.4658385093 2 0.6612322134 0.4787779503 2 0.5719841897 0.0943416149 2 0 0 0 0 0 0
1 0.6884041502 0.2820885093 0.1992786561 0.4011335404 0.6851116601 0.4645450311 2 0.5912381423 0.4580745342 2 0.7765148221 0.4710139752 2 0.6974634387 0.087992236 2 0 0 0 0 0 0
1 0.8201630435 0.3066692547 0.1992786561 0.4011335404 0.8168646245 0.4891304348 2 0.7229911067 0.4891304348 2 0.9074436759 0.4865419255 2 0.8209812253 0.1086956522 2 0 0 0 0 0 0
1 0.8098616601 0.2833773292 0.2050395257 0.3933695652 0.8078063241 0.0970496894 2 0.9041501976 0.1022251553 2 0.7106393281 0.0931677019 2 0.7946314229 0.477484472 2 0 0 0 0 0 0
1 0.1712796443 0.7214052795 0.1943379447 0.3558540373 0.1581027668 0.5538307453 2 0.0774041502 0.5577127329 2 0.2618577075 0.5538307453 2 0.1737480237 0.8954456522 2 0 0 0 0 0 0
1 0.1758102767 0.7388664596 0.1852766798 0.3571428571 0.1828063241 0.9045031056 2 0.0872855731 0.9083850932 2 0.2643280632 0.8980326087 2 0.1696314229 0.5654767081 2 0 0 0 0 0 0
1 0.2873863636 0.7194642857 0.1860968379 0.3519720497 0.2849140316 0.886386646 2 0.19668083 0.8910093168 2 0.3754940711 0.8786226708 2 0.2684456522 0.5473602484 2 0 0 0 0 0 0
1 0.3713784585 0.7091149068 0.1893972332 0.3571428571 0.3697302372 0.5447717391 2 0.4627796443 0.5395962733 2 0.2799733202 0.5486537267 2 0.3837282609 0.8799177019 2 0 0 0 0 0 0
1 0.3936116601 0.7330512422 0.1844565217 0.3713819876 0.3969041502 0.9083850932 2 0.3087944664 0.9096785714 2 0.4800721344 0.9019145963 2 0.3829051383 0.5538307453 2 0 0 0 0 0 0
1 0.5994713439 0.7757531056 0.2009189723 0.3817236025 0.6019436759 0.597826087 2 0.5047756917 0.597826087 2 0.6991106719 0.5952375776 2 0.5983250988 0.961802795 2 0 0 0 0 0 0
1 0.5858893281 0.7945108696 0.2000988142 0.3830279503 0.5844071146 0.981197205 2 0.4883586957 0.981197205 2 0.6834130435 0.981197205 2 0.584743083 0.6078307453 2 0 0 0 0 0 0
1 0.7052816206 0.7925698758 0.1984486166 0.3791459627 0.7067529644 0.977363354 2 0.8020108696 0.977363354 2 0.608562253 0.977363354 2 0.7114624506 0.6094720497 2 0 0 0 0 0 0
1 0.8246837945 0.8086180124 0.2099802372 0.3827639752 0.821805336 0.6288819876 2 0.7238142292 0.6314704969 2 0.9263833992 0.6262934783 2 0.8234881423 0.9951754658 2 0 0 0 0 0 0
