1 0.4368515625 0.596359375 0.319015625 0.2890625 0.3229171875 0.6002609375 2 0.2890625 0.7317703125 2 0.3567703125 0.4635421875 2 0.5833328125 0.6458328125 2 0 0 0 0 0 0
1 0.477859375 0.66015625 0.3046875 0.2734375 0.5911453125 0.6614578125 2 0.6236984375 0.5325515625 2 0.5703125 0.78515625 2 0.3268234375 0.61328125 2 0 0 0 0 0 0
1 0.5071640625 0.50715625 0.313796875 0.26953125 0.6145828125 0.5078125 2 0.5872390625 0.6380203125 2 0.6458328125 0.3880203125 2 0.359375 0.4466140625 2 0 0 0 0 0 0
1 0.5052109375 0.299484375 0.302078125 0.296875 0.3854171875 0.2994796875 2 0.3580734375 0.4348953125 2 0.4140625 0.1510421875 2 0.6484375 0.3671875 2 0 0 0 0 0 0
1 0.5455703125 0.3528671875 0.307296875 0.263015625 0.6575515625 0.3515625 2 0.6419265625 0.4778640625 2 0.68359375 0.2278640625 2 0.4036453125 0.28125 2 0 0 0 0 0 0
1 0.7954609375 0.671625 0.310171875 0.27459375 0.6771109375 0.673925 2 0.64835625 0.7993984375 2 0.70700625 0.544715625 2 0.891790625 0.7110234375 2 0 0 0 0 0 0
1 0.800328125 0.7157421875 0.2605 0.261390625 0.8915109375 0.723071875 2 0.9240625 0.594165625 2 0.870903125 0.83635625 2 0.6804921875 0.6869203125 2 0 0 0 0 0 0
1 0.8252421875 0.5789453125 0.254734375 0.258546875 0.921671875 0.5850953125 2 0.8964 0.6992609375 2 0.9451703125 0.473271875 2 0.70406875 0.5433359375 2 0 0 0 0 0 0
1 0.82765625 0.411453125 0.25125 0.26184375 0.7332875 0.4104203125 2 0.708190625 0.5316578125 2 0.7603953125 0.2850625 2 0.94585625 0.465715625 2 0 0 0 0 0 0
1 0.86834375 0.442859375 0.25509375 0.24721875 0.9542125 0.449453125 2 0.9376140625 0.5605078125 2 0.980253125 0.3257546875 2 0.7445953125 0.3977125 2 0 0 0 0 0 0
