2 0.8309537037 0.2523697917 0.0738703704 0.0818020833 0.8200851852 0.2157125 2 0.8450851852 0.2135020833 2 0.7947277778 0.2183239583 2 0.8383 0.2884479167 2 0.8640148148 0.2862375 2 0.8093722222 0.291059375 2
2 0.7981944444 0.2487395833 0.0717592593 0.0800833333 0.7900018519 0.2128979167 2 0.7631333333 0.2157989583 2 0.8174148148 0.20984375 2 0.8076444444 0.285271875 2 0.7856611111 0.287409375 2 0.8320703704 0.2834395833 2
2 0.7700185185 0.2537760417 0.0707777778 0.07978125 0.7615055556 0.2177833333 2 0.7359944444 0.2202260417 2 0.7910888889 0.2151875 2 0.7780611111 0.2904625 2 0.7528203704 0.292753125 2 0.8052018519 0.2878677083 2
2 0.7375092593 0.252484375 0.0719814815 0.0802395833 0.730837037 0.2161041667 2 0.7017981481 0.2182416667 2 0.7577055556 0.21411875 2 0.7463074074 0.28939375 2 0.7191666667 0.2919895833 2 0.7718185185 0.2869510417 2
2 0.7077685185 0.259046875 0.0722037037 0.0805520833 0.7012537037 0.2223645833 2 0.6714 0.224196875 2 0.725137037 0.2203791667 2 0.7153666667 0.2962645833 2 0.6898555556 0.2976395833 2 0.7419648148 0.293821875 2
2 0.6447777778 0.2646614583 0.064 0.0778645833 0.6407314815 0.228625 2 0.613862963 0.2293875 2 0.6670574074 0.2278614583 2 0.6467018519 0.301609375 2 0.6211907407 0.302678125 2 0.6743851852 0.3006927083 2
2 0.6122037037 0.2644791667 0.0607407407 0.0782291667 0.6103351852 0.228625 2 0.5831944444 0.229540625 2 0.6358462963 0.2270979167 2 0.6160351852 0.3009989583 2 0.5886222222 0.3019145833 2 0.6429037037 0.3003875 2
2 0.5835 0.2693697917 0.0575925926 0.0777395833 0.5802074074 0.2331135417 2 0.5552388889 0.23341875 2 0.6076185185 0.232196875 2 0.5856351852 0.305334375 2 0.5609388889 0.3060979167 2 0.6108759259 0.3050291667 2
2 0.552537037 0.2666770833 0.0602592593 0.0763958333 0.5500814815 0.2303645833 2 0.5229425926 0.231128125 2 0.5764074074 0.2296010417 2 0.5549666667 0.3027385417 2 0.5283703704 0.3035020833 2 0.5812925926 0.3024333333 2
2 0.5228148148 0.27059375 0.0610740741 0.0765208333 0.5205 0.234640625 2 0.4928166667 0.2352510417 2 0.5460111111 0.234334375 2 0.5242981481 0.3068614583 2 0.4979722222 0.3077770833 2 0.5503537037 0.306403125 2
2 0.4598425926 0.268265625 0.0599814815 0.0726145833 0.4616055556 0.234334375 2 0.4377222222 0.2344875 2 0.4879314815 0.2341822917 2 0.4583481481 0.3024333333 2 0.4306648148 0.302128125 2 0.4835888889 0.3024333333 2
2 0.4305277778 0.2636822917 0.0599814815 0.0723020833 0.4336518519 0.22914375 2 0.4075962963 0.2292958333 2 0.459162963 0.2292958333 2 0.4282222222 0.2972427083 2 0.4010833333 0.2969364583 2 0.4550907407 0.2975479167 2
2 0.399212963 0.2661614583 0.0587962963 0.0716979167 0.4013 0.2320760417 2 0.3763296296 0.2320760417 2 0.4270814815 0.2319229167 2 0.3966851852 0.3004802083 2 0.3711740741 0.3001739583 2 0.4227407407 0.3003270833 2
2 0.3704259259 0.2623385417 0.0603703704 0.0713854167 0.3722592593 0.2285635417 2 0.3448481481 0.2284114583 2 0.3988555556 0.2285635417 2 0.368187037 0.295440625 2 0.3407759259 0.295440625 2 0.3942425926 0.2952885417 2
2 0.3414537037 0.2680520833 0.0583518519 0.0721875 0.3426759259 0.2339083333 2 0.3168925926 0.2337552083 2 0.3698166667 0.2339083333 2 0.3396907407 0.3013958333 2 0.313637037 0.3007854167 2 0.3671018519 0.3017010417 2
2 0.2818611111 0.2685885417 0.0616111111 0.07215625 0.2863314815 0.2348854167 2 0.2624481481 0.2347333333 2 0.3110296296 0.2348854167 2 0.2794296296 0.301384375 2 0.2533074074 0.3007416667 2 0.308412963 0.3017072917 2
2 0.2568611111 0.2648958333 0.0620185185 0.0712708333 0.2597888889 0.2312260417 2 0.2348092593 0.2309041667 2 0.2862944444 0.231440625 2 0.253687037 0.2973083333 2 0.2292796296 0.2969864583 2 0.2763796296 0.2976302083 2
2 0.2278240741 0.268984375 0.0596481481 0.0701770833 0.2323314815 0.235625 2 0.2062074074 0.2354104167 2 0.2561666667 0.2357322917 2 0.2243222222 0.3012770833 2 0.1989611111 0.3010635417 2 0.2510185185 0.3014927083 2
2 0.1983796296 0.2639739583 0.0663518519 0.07096875 0.2029666667 0.230796875 2 0.1772240741 0.230796875 2 0.2300425926 0.2306895833 2 0.1951481481 0.2968791667 2 0.166737037 0.29645 2 0.2212722222 0.2972010417 2
2 0.1696203704 0.267421875 0.0625740741 0.0696354167 0.1745537037 0.2351947917 2 0.148812963 0.2343375 2 0.1999148148 0.235303125 2 0.1661648148 0.299990625 2 0.1392777778 0.299990625 2 0.1917148148 0.3003125 2
2 0.1789814815 0.3506822917 0.0626296296 0.0708854167 0.1819907407 0.3163916667 2 0.1572018519 0.316284375 2 0.2075425926 0.3164989583 2 0.1739814815 0.383975 2 0.148812963 0.3833322917 2 0.1983888889 0.3844041667 2
2 0.2081666667 0.347515625 0.0618888889 0.0696979167 0.2102111111 0.314353125 2 0.1846611111 0.31403125 2 0.2361444444 0.3145677083 2 0.2041092593 0.3808645833 2 0.1777962963 0.38065 2 0.2300425926 0.3810791667 2
2 0.2362962963 0.3513645833 0.0628518519 0.0699375 0.2407203704 0.3174635417 2 0.2161240741 0.3173572917 2 0.2660814815 0.3175708333 2 0.2323314815 0.3848333333 2 0.2056351852 0.3847260417 2 0.2594092593 0.3851552083 2
2 0.2665555556 0.3485833333 0.0604444444 0.0692708333 0.270087037 0.3152114583 2 0.2426277778 0.314996875 2 0.2958296296 0.31531875 2 0.2637944444 0.3820447917 2 0.2369074074 0.3820447917 2 0.2897277778 0.3821520833 2
2 0.2958333333 0.3523385417 0.0614074074 0.07034375 0.2998333333 0.3188583333 2 0.273137037 0.3188583333 2 0.324812963 0.3187510417 2 0.292587037 0.3856916667 2 0.266462963 0.3854770833 2 0.3209981481 0.3856916667 2
2 0.3526388889 0.3520104167 0.0608333333 0.072 0.3559703704 0.317871875 2 0.3294666667 0.31755 2 0.3819037037 0.3177645833 2 0.3500592593 0.3859927083 2 0.3222203704 0.3856708333 2 0.3784722222 0.3861 2
2 0.3841018519 0.348921875 0.0619814815 0.07328125 0.3868611111 0.314009375 2 0.3586407407 0.3137947917 2 0.412412963 0.3139020833 2 0.3813314815 0.383525 2 0.3540648148 0.383203125 2 0.4065018519 0.3837395833 2
2 0.4108425926 0.3529427083 0.0620555556 0.0723229167 0.4150833333 0.3184083333 2 0.3895314815 0.3184083333 2 0.4396814815 0.3184083333 2 0.4099351852 0.3873864583 2 0.381712963 0.387171875 2 0.4354851852 0.3873864583 2
2 0.4455925926 0.35059375 0.057962963 0.07225 0.4461648148 0.31591875 2 0.4185166667 0.3157041667 2 0.4734333333 0.31591875 2 0.4471185185 0.384790625 2 0.4177537037 0.3846833333 2 0.473812963 0.384790625 2
2 0.4789259259 0.3546875 0.0578888889 0.0735 0.4770555556 0.3202104167 2 0.451312963 0.3206395833 2 0.5020351852 0.3199958333 2 0.48125 0.3892958333 2 0.4547462963 0.389725 2 0.5075648148 0.388759375 2
2 0.5204259259 0.3573645833 0.0588888889 0.0726666667 0.5205314815 0.32310625 2 0.4926907407 0.3232135417 2 0.5476092593 0.32310625 2 0.5199592593 0.3914416667 2 0.4917388889 0.39165625 2 0.547037037 0.3915489583 2
2 0.55025 0.3516302083 0.0559444444 0.0738020833 0.5497444444 0.3171833333 2 0.5232388889 0.317290625 2 0.5777740741 0.3170760417 2 0.5498833333 0.385359375 2 0.5228574074 0.3862697917 2 0.5779648148 0.386484375 2
2 0.5805277778 0.356796875 0.0581296296 0.0733229167 0.5806351852 0.321796875 2 0.5508888889 0.321796875 2 0.6080925926 0.3215822917 2 0.5812074074 0.3913114583 2 0.5526055556 0.3913114583 2 0.6096185185 0.3913114583 2
2 0.6113333333 0.3522395833 0.0564444444 0.0729791667 0.6105722222 0.3175052083 2 0.5836851852 0.3175052083 2 0.6382222222 0.3173979167 2 0.6103814815 0.3865916667 2 0.5838759259 0.386484375 2 0.6389833333 0.3863770833 2
2 0.6414722222 0.3565625 0.0560925926 0.0728541667 0.6399388889 0.3227166667 2 0.6140055556 0.3227166667 2 0.667587037 0.3227166667 2 0.6411055556 0.3898604167 2 0.6145777778 0.3910520833 2 0.669112963 0.3909447917 2
2 0.695 0.350703125 0.0707777778 0.08121875 0.6903185185 0.313109375 2 0.6605703704 0.3141822917 2 0.7193018519 0.3117145833 2 0.6998518519 0.3880958333 2 0.6718222222 0.3895979167 2 0.7269277778 0.3868083333 2
2 0.7249907407 0.3458645833 0.0662777778 0.0808125 0.7212074074 0.307853125 2 0.6916518519 0.3095697917 2 0.7486666667 0.3063510417 2 0.7309333333 0.38326875 2 0.7030925926 0.3847708333 2 0.7576296296 0.3817666667 2
2 0.7601574074 0.3457239583 0.0736851852 0.08259375 0.7549592593 0.308496875 2 0.72445 0.310428125 2 0.7835611111 0.306565625 2 0.7650648148 0.3833760417 2 0.7377981481 0.3850916667 2 0.7951925926 0.38198125 2
2 0.7904259259 0.3408541667 0.0694074074 0.0816041667 0.78585 0.3021677083 2 0.7566759259 0.3035625 2 0.8140703704 0.3008802083 2 0.796337037 0.378440625 2 0.7692611111 0.3798354167 2 0.8232240741 0.3769385417 2
2 0.8248796296 0.3411979167 0.0723518519 0.0830625 0.8180759259 0.3034552083 2 0.7887111111 0.3048489583 2 0.8440074074 0.3018458333 2 0.8300888889 0.3795135417 2 0.8011037037 0.3815520833 2 0.8598351852 0.377153125 2
2 0.7167685185 0.4415833333 0.0689074074 0.0820208333 0.7137722222 0.4032072917 2 0.683262963 0.4042802083 2 0.7402759259 0.402134375 2 0.7221611111 0.479909375 2 0.6926055556 0.4806604167 2 0.7494296296 0.4794802083 2
2 0.7474444444 0.4359427083 0.0665925926 0.08128125 0.7448537037 0.3979510417 2 0.715487037 0.39859375 2 0.7734555556 0.3967708333 2 0.7530518519 0.4745458333 2 0.725212963 0.4751895833 2 0.7782222222 0.47433125 2
2 0.780287037 0.4385520833 0.0659074074 0.081625 0.7751722222 0.4004177083 2 0.7475222222 0.4018125 2 0.8030111111 0.3991302083 2 0.7839425926 0.4774427083 2 0.7562944444 0.4779791667 2 0.8125462963 0.4770135417 2
2 0.812287037 0.4323958333 0.0709444444 0.0816666667 0.8082740741 0.3941739583 2 0.7779555556 0.3953541667 2 0.8363055556 0.39299375 2 0.8178092593 0.4710916667 2 0.7859648148 0.4718427083 2 0.8469833333 0.47001875 2
2 0.8450092593 0.433953125 0.0696481481 0.0824479167 0.8418351852 0.3959979167 2 0.8111351852 0.3966416667 2 0.870437037 0.3941739583 2 0.8530851852 0.47259375 2 0.8254351852 0.4738802083 2 0.8795907407 0.4718427083 2
2 0.8766574074 0.5288072917 0.0612407407 0.07678125 0.8765388889 0.4924270833 2 0.8464111111 0.49285625 2 0.9036166667 0.4919979167 2 0.8799722222 0.565375 2 0.8506055556 0.5655895833 2 0.9070481481 0.5651604167 2
2 0.6469166667 0.4439479167 0.0621666667 0.0816041667 0.6432944444 0.4055885417 2 0.6162166667 0.405909375 2 0.6717055556 0.4049447917 2 0.6490148148 0.4818614583 2 0.6209851852 0.4825052083 2 0.6764740741 0.4815395833 2
2 0.6136296296 0.4406458333 0.0642222222 0.0809166667 0.6116407407 0.402584375 2 0.5824666667 0.40290625 2 0.6408148148 0.4022625 2 0.6154537037 0.4799302083 2 0.5870425926 0.4801447917 2 0.6444388889 0.4798229167 2
2 0.5835833333 0.4453020833 0.0620925926 0.0814791667 0.5805592593 0.4070895833 2 0.5540555556 0.4076260417 2 0.6068740741 0.4064458333 2 0.5851351852 0.4837927083 2 0.5553888889 0.4844364583 2 0.6135481481 0.483578125 2
2 0.5499074074 0.4430052083 0.063037037 0.0804895833 0.549287037 0.4048375 2 0.5187777778 0.4058020833 2 0.5775092593 0.4037645833 2 0.5529111111 0.4814322917 2 0.5239259259 0.4817541667 2 0.5803685185 0.4814322917 2
2 0.5201944444 0.4477135417 0.063462963 0.08115625 0.5177481481 0.4093427083 2 0.4889537037 0.4099864583 2 0.5465407407 0.4083770833 2 0.5222111111 0.4860447917 2 0.4945611111 0.4864739583 2 0.5510037037 0.4862604167 2
2 0.4647962963 0.4470104167 0.0589259259 0.0794791667 0.4645092593 0.4092979167 2 0.436287037 0.4090833333 2 0.4883444444 0.4087614583 2 0.4654611111 0.4844989583 2 0.4399111111 0.4848208333 2 0.4919666667 0.4841770833 2
2 0.4339907407 0.443171875 0.0583148148 0.07771875 0.433237037 0.4062947917 2 0.40635 0.4060802083 2 0.4605037037 0.4061875 2 0.4345703704 0.480959375 2 0.4078759259 0.4808520833 2 0.4624111111 0.4808520833 2
2 0.4012037037 0.4475416667 0.057962963 0.0779791667 0.4034907407 0.4102635417 2 0.3745055556 0.4103708333 2 0.4294222222 0.41015625 2 0.4029185185 0.4854645833 2 0.3729814815 0.48525 2 0.4294222222 0.4856791667 2
2 0.3714537037 0.44275 0.062537037 0.0792083333 0.3731703704 0.4049 2 0.3447592593 0.4047927083 2 0.4015833333 0.4049 2 0.3710351852 0.478959375 2 0.3417092593 0.4805302083 2 0.3994851852 0.4804229167 2
2 0.3416759259 0.4462395833 0.0571296296 0.0771666667 0.3426611111 0.409190625 2 0.3162703704 0.4093197917 2 0.3689759259 0.4090833333 2 0.3401833333 0.483640625 2 0.3148222222 0.483640625 2 0.3661166667 0.483640625 2
2 0.2845462963 0.43834375 0.0620185185 0.0814583333 0.2849981481 0.3994760417 2 0.2548703704 0.399796875 2 0.3122648148 0.3992614583 2 0.2853796296 0.476821875 2 0.2554425926 0.47714375 2 0.3132185185 0.4765 2
2 0.2524259259 0.435640625 0.0603333333 0.0804270833 0.2527722222 0.3976520833 2 0.2237888889 0.397759375 2 0.2808018519 0.3973302083 2 0.2518185185 0.47456875 2 0.2239796296 0.4743541667 2 0.2815648148 0.4746760417 2
2 0.2208425926 0.4394114583 0.0608333333 0.0797395833 0.2211185185 0.4014072917 2 0.1932796296 0.4013 2 0.2493407407 0.4014072917 2 0.2209277778 0.4777885417 2 0.1913722222 0.4782177083 2 0.248387037 0.47768125 2
2 0.1899351852 0.4355052083 0.058537037 0.0796354167 0.1908 0.3974385417 2 0.1633425926 0.3978677083 2 0.2180685185 0.3969020833 2 0.1902277778 0.4739260417 2 0.1642944444 0.47381875 2 0.2174962963 0.47381875 2
2 0.1589537037 0.438859375 0.0633148148 0.0804270833 0.1595277778 0.4004427083 2 0.1299722222 0.40065625 2 0.1883222222 0.4004427083 2 0.1581925926 0.4772520833 2 0.1282555556 0.4775739583 2 0.1848888889 0.477359375 2
2 0.1506111111 0.53890625 0.0603333333 0.0828541667 0.1520907407 0.4994385417 2 0.1242518519 0.4997604167 2 0.180312963 0.4987947917 2 0.1566685185 0.578071875 2 0.1314981481 0.5785010417 2 0.1797407407 0.5775354167 2
2 0.1868518519 0.5338385417 0.0653333333 0.08246875 0.1835537037 0.4947208333 2 0.1547611111 0.4949354167 2 0.2152074074 0.494184375 2 0.1871777778 0.5729260417 2 0.1591462963 0.5729260417 2 0.2155888889 0.5728177083 2
2 0.2201203704 0.5383697917 0.062537037 0.0818229167 0.2214648148 0.498884375 2 0.1919092593 0.49920625 2 0.2477796296 0.4984552083 2 0.2232314815 0.5769927083 2 0.1934518519 0.5769927083 2 0.2509962963 0.5768177083 2
2 0.2525092593 0.5329791667 0.0600925926 0.0832916667 0.2513055556 0.4943625 2 0.2229222222 0.4947989583 2 0.2809314815 0.4935770833 2 0.2537888889 0.5724489583 2 0.2280407407 0.5725364583 2 0.281087037 0.5723614583 2
2 0.2849722222 0.5353645833 0.0614259259 0.0836041667 0.2840333333 0.4964520833 2 0.2558037037 0.4968020833 2 0.3121074074 0.4959291667 2 0.2869814815 0.5746385417 2 0.259837037 0.5747260417 2 0.3139685185 0.5742895833 2
2 0.3734166667 0.5363958333 0.0576481481 0.0777083333 0.3752981481 0.4992458333 2 0.3458296296 0.4993333333 2 0.4019777778 0.499071875 2 0.3743685185 0.5727197917 2 0.345362963 0.5728947917 2 0.400737037 0.5728072917 2
2 0.4075 0.531328125 0.0612962963 0.0771979167 0.4088018519 0.49540625 2 0.3785574074 0.4952322917 2 0.4365666667 0.49531875 2 0.4088018519 0.5682697917 2 0.3793314815 0.5682697917 2 0.4353259259 0.56844375 2
2 0.4415 0.5352916667 0.0588148148 0.0771666667 0.4407851852 0.4995239583 2 0.4128666667 0.4994375 2 0.4697907407 0.49935 2 0.4407851852 0.572475 2 0.4131759259 0.5722135417 2 0.4697907407 0.5723010417 2
2 0.4721851852 0.53115625 0.06 0.0770625 0.4730481481 0.4946375 2 0.4429574074 0.4946375 2 0.500037037 0.4944635417 2 0.4742888889 0.5671520833 2 0.4454388889 0.5675010417 2 0.5014333333 0.5671520833 2
2 0.5048518519 0.534484375 0.0598148148 0.0772395833 0.5056518519 0.4985822917 2 0.4758722222 0.4982333333 2 0.53295 0.4984083333 2 0.5059611111 0.570921875 2 0.4774222222 0.5712708333 2 0.5338814815 0.5707479167 2
2 0.567537037 0.5343333333 0.0561481481 0.07525 0.56785 0.498828125 2 0.5408611111 0.498828125 2 0.594062963 0.498565625 2 0.5684703704 0.5701197917 2 0.541637037 0.5700322917 2 0.5951481481 0.5702947917 2
2 0.5973888889 0.5299166667 0.0578518519 0.075 0.5979407407 0.4947260417 2 0.5695555556 0.4948135417 2 0.6246185185 0.4942895833 2 0.600112963 0.5655822917 2 0.5718833333 0.5657572917 2 0.6249296296 0.5653208333 2
2 0.6296111111 0.5337239583 0.0577407407 0.0748854167 0.628187037 0.4978677083 2 0.6015074074 0.4981291667 2 0.6548648148 0.49760625 2 0.6298925926 0.5689854167 2 0.6032148148 0.569334375 2 0.6582777778 0.5688989583 2
2 0.660212963 0.529171875 0.0613888889 0.0749895833 0.6582148148 0.4938885417 2 0.6299851852 0.4941510417 2 0.6853592593 0.4934520833 2 0.6610074074 0.5647447917 2 0.6341740741 0.5648322917 2 0.6893925926 0.5644833333 2
2 0.6907962963 0.5323177083 0.0597777778 0.07540625 0.6900740741 0.4963666667 2 0.6615351852 0.4966291667 2 0.717062963 0.4962791667 2 0.6927111111 0.567746875 2 0.6632407407 0.5680083333 2 0.7204759259 0.567659375 2
2 0.7532222222 0.5313541667 0.0615185185 0.0755833333 0.7503814815 0.4957583333 2 0.7235481481 0.4956708333 2 0.7770592593 0.495496875 2 0.754412963 0.5673979167 2 0.7257185185 0.567659375 2 0.7814018519 0.5673979167 2
2 0.7839074074 0.5267135417 0.063037037 0.07509375 0.7818666667 0.49113125 2 0.7558092593 0.49130625 2 0.8090111111 0.4909572917 2 0.7848148148 0.563121875 2 0.7559648148 0.5629479167 2 0.8149055556 0.5629479167 2
2 0.8141388889 0.5299010417 0.0606481481 0.0764479167 0.8137574074 0.493434375 2 0.785062963 0.493434375 2 0.8396611111 0.4933479167 2 0.8173259259 0.566646875 2 0.7894055556 0.5664729167 2 0.8436925926 0.5665604167 2
2 0.8454722222 0.5260625 0.0631296296 0.0761041667 0.8440037037 0.4895083333 2 0.8154648148 0.4899447917 2 0.8700611111 0.489159375 2 0.8481907407 0.5616729167 2 0.8218240741 0.562021875 2 0.8759555556 0.5614114583 2
