1 0.153125 0.75703125 0.30625 0.4421875 0.1458328125 0.9700515625 2 0.2877609375 0.9674484375 2 0.0026046875 0.9609375 2 0.1554 0.5420390625 2 0 0 0 0 0 0
1 0.1738203125 0.7343828125 0.305984375 0.432296875 0.1770828125 0.5325515625 2 0.0260421875 0.53125 2 0.31640625 0.5299484375 2 0.17208125 0.945071875 2 0 0 0 0 0 0
1 0.3378984375 0.71940625 0.311203125 0.44140625 0.3359375 0.5104171875 2 0.18359375 0.51171875 2 0.484375 0.51171875 2 0.3361140625 0.934540625 2 0 0 0 0 0 0
1 0.329421875 0.7480546875 0.296875 0.420578125 0.3272328125 0.95303125 2 0.18473125 0.95303125 2 0.474121875 0.95303125 2 0.32773125 0.5430625 2 0 0 0 0 0 0
1 0.4876328125 0.7688828125 0.303390625 0.423171875 0.4869796875 0.9674484375 2 0.3385421875 0.9635421875 2 0.6315109375 0.9739578125 2 0.485896875 0.5626265625 2 0 0 0 0 0 0
1 0.4941328125 0.7480390625 0.290359375 0.430984375 0.4973953125 0.5403640625 2 0.3528640625 0.5416671875 2 0.6328125 0.5390625 2 0.49609375 0.9557296875 2 0 0 0 0 0 0
1 0.6614609375 0.7278671875 0.315109375 0.440109375 0.66796875 0.51953125 2 0.5104171875 0.5221359375 2 0.8138015625 0.5182296875 2 0.66796875 0.9388015625 2 0 0 0 0 0 0
1 0.83528125 0.735671875 0.30078125 0.4296875 0.83203125 0.53515625 2 0.6940109375 0.5364578125 2 0.9765625 0.5299484375 2 0.83356875 0.9451046875 2 0 0 0 0 0 0
1 0.6510390625 0.755859375 0.278640625 0.41796875 0.6489828125 0.959575 2 0.51523125 0.959575 2 0.7868515625 0.959575 2 0.64945 0.55214375 2 0 0 0 0 0 0
1 0.8157578125 0.766921875 0.298171875 0.4453125 0.8151046875 0.97265625 2 0.6731765625 0.9739578125 2 0.94921875 0.9635421875 2 0.8138015625 0.5572921875 2 0 0 0 0 0 0
1 0.146484375 0.2747421875 0.29296875 0.442703125 0.1315109375 0.4869796875 2 0.2708328125 0.4895828125 2 0 0.4869796875 2 0.1302078125 0.0846359375 2 0 0 0 0 0 0
1 0.1568984375 0.2708359375 0.305984375 0.432296875 0.16015625 0.0690109375 2 0.0091140625 0.0677078125 2 0.2981765625 0.07421875 2 0.1497390625 0.4778640625 2 0 0 0 0 0 0
1 0.3274765625 0.24675 0.311203125 0.44140625 0.3255203125 0.0377609375 2 0.1731765625 0.0390625 2 0.4739578125 0.0390625 2 0.325696875 0.461884375 2 0 0 0 0 0 0
1 0.4563828125 0.2884140625 0.303390625 0.423171875 0.4557296875 0.4869796875 2 0.3072921875 0.4830734375 2 0.59765625 0.4869796875 2 0.4622390625 0.0885421875 2 0 0 0 0 0 0
1 0.4772109375 0.2662734375 0.290359375 0.430984375 0.48046875 0.05859375 2 0.3359375 0.0598953125 2 0.6158859375 0.0572921875 2 0.4791671875 0.4739578125 2 0 0 0 0 0 0
1 0.6328203125 0.2565078125 0.315109375 0.440109375 0.6393234375 0.0481765625 2 0.4817703125 0.05078125 2 0.78515625 0.046875 2 0.6315109375 0.4609375 2 0 0 0 0 0 0
1 0.800125 0.283859375 0.30078125 0.4296875 0.796875 0.0833328125 2 0.6588546875 0.0846359375 2 0.9401046875 0.0846359375 2 0.7984125 0.49328125 2 0 0 0 0 0 0
1 0.7727890625 0.30078125 0.298171875 0.4453125 0.7721359375 0.5065109375 2 0.6302078125 0.5078125 2 0.9049484375 0.50390625 2 0.7708328125 0.0911453125 2 0 0 0 0 0 0
1 0.6087265625 0.2734375 0.298171875 0.4453125 0.6080734375 0.4791671875 2 0.4661453125 0.48046875 2 0.7408859375 0.4765625 2 0.6197921875 0.078125 2 0 0 0 0 0 0
1 0.3170625 0.2565078125 0.29296875 0.442703125 0.3020828125 0.46875 2 0.44140625 0.4713546875 2 0.1705734375 0.46875 2 0.3072921875 0.0703125 2 0 0 0 0 0 0
