1 0.4394964664 0.7752253219 0.2848939929 0.3460300429 0.4416961131 0.9227467811 2 0.3036660777 0.928111588 2 0.5764134276 0.9240879828 2 0.437860424 0.6065622318 2 0 0 0 0 0 0
1 0.4483303887 0.7497424893 0.2760600707 0.3326180258 0.4527385159 0.5928111588 2 0.3180212014 0.5968347639 2 0.5797261484 0.5914699571 2 0.4615724382 0.9079935622 2 0 0 0 0 0 0
1 0.6051236749 0.7477253219 0.2826855124 0.3259227468 0.6051236749 0.8999463519 2 0.7387367491 0.8986051502 2 0.4715106007 0.9053111588 2 0.5996024735 0.5901287554 2 0 0 0 0 0 0
1 0.7663427562 0.7678540773 0.2738515901 0.3420171674 0.769655477 0.9173819742 2 0.6338339223 0.9254291845 2 0.8977473498 0.9200643777 2 0.7586130742 0.6008583691 2 0 0 0 0 0 0
1 0.746475265 0.7329828326 0.2716431095 0.3366523605 0.7398409894 0.5887875536 2 0.8767667845 0.5834227468 2 0.6150618375 0.5954935622 2 0.7480176678 0.8970450644 2 0 0 0 0 0 0
1 0.430114841 0.2863519313 0.2882155477 0.4171244635 0.4317579505 0.4801502146 2 0.2948321555 0.4801502146 2 0.5642667845 0.4814914163 2 0.4162985866 0.080472103 2 0 0 0 0 0 0
1 0.4350795053 0.2608690987 0.2893109541 0.4251716738 0.4361749117 0.0657188841 2 0.2981448763 0.0670600858 2 0.5708922261 0.0590128755 2 0.4505300353 0.4653969957 2 0 0 0 0 0 0
1 0.5962897527 0.2655579399 0.2871024735 0.4184549356 0.5973939929 0.4627145923 2 0.7144434629 0.4680793991 2 0.4637809187 0.4653969957 2 0.5830388693 0.0563304721 2 0 0 0 0 0 0
1 0.7315724382 0.2541630901 0.281590106 0.4224892704 0.7232773852 0.0603540773 2 0.8635159011 0.052306867 2 0.5940812721 0.061695279 2 0.7398409894 0.4627145923 2 0 0 0 0 0 0
1 0.7558657244 0.2762875536 0.2860070671 0.4238197425 0.7608215548 0.4774678112 2 0.8889134276 0.473444206 2 0.6294169611 0.4801502146 2 0.7497791519 0.0737660944 2 0 0 0 0 0 0
