0 0.195421875 0.6235416667 0.042046875 0.0442777778 0.176346875 0.6074152778 2 0.1765867188 0.6428763889 2 0.2148945312 0.6433027778 2 0.2158546875 0.6101916667 2 0 0 0 0 0 0
0 0.236734375 0.62525 0.042046875 0.0442777778 0.21765625 0.6091236111 2 0.217896875 0.6445847222 2 0.2562039063 0.6450125 2 0.2571648437 0.6119013889 2 0 0 0 0 0 0
0 0.2045546875 0.6231111111 0.042046875 0.0442777778 0.1854734375 0.6392416667 2 0.1857132813 0.6037805556 2 0.2240210938 0.6033541667 2 0.22438125 0.6354125 2 0 0 0 0 0 0
0 0.246703125 0.6239722222 0.042046875 0.0442777778 0.2276234375 0.6400972222 2 0.2282242188 0.6057194444 2 0.2654507812 0.6063597222 2 0.26593125 0.6377625 2 0 0 0 0 0 0
0 0.1938671875 0.5820972222 0.042046875 0.0442777778 0.1747859375 0.5659722222 2 0.1750257812 0.6014333333 2 0.2133335937 0.6018611111 2 0.21429375 0.5687486111 2 0 0 0 0 0 0
0 0.203828125 0.5814583333 0.042046875 0.0442777778 0.1847523437 0.5975861111 2 0.1849929687 0.562125 2 0.2233007812 0.5616972222 2 0.2236609375 0.5937569444 2 0 0 0 0 0 0
0 0.2453828125 0.5831666667 0.042046875 0.0442777778 0.2265429688 0.5962333333 2 0.2265429688 0.5638333333 2 0.26485 0.5634069444 2 0.2652101562 0.5954652778 2 0 0 0 0 0 0
0 0.236375 0.5820972222 0.042046875 0.0442777778 0.2172960938 0.5659722222 2 0.2175359375 0.6014333333 2 0.25584375 0.6018611111 2 0.2568046875 0.5687486111 2 0 0 0 0 0 0
0 0.2028671875 0.5400138889 0.042046875 0.0442777778 0.1835515625 0.5524486111 2 0.1840320313 0.5206819444 2 0.2223398438 0.5202555556 2 0.2227 0.5523138889 2 0 0 0 0 0 0
0 0.194703125 0.5374583333 0.042046875 0.0442777778 0.1756265625 0.521325 2 0.1758664062 0.5567861111 2 0.2141734375 0.5572138889 2 0.215134375 0.5241027778 2 0 0 0 0 0 0
0 0.2453828125 0.5425833333 0.042046875 0.0442777778 0.2260625 0.5550125 2 0.2265429688 0.5232458333 2 0.26485 0.5228180556 2 0.2652101562 0.5548777778 2 0 0 0 0 0 0
0 0.2362578125 0.5417222222 0.042046875 0.0442777778 0.2171757813 0.5255972222 2 0.21765625 0.5589694444 2 0.2551234375 0.5602513889 2 0.256684375 0.528375 2 0 0 0 0 0 0
0 0.3003828125 0.5432222222 0.042046875 0.0442777778 0.2810617188 0.5556527778 2 0.2815421875 0.5238861111 2 0.31985 0.5234597222 2 0.3202101563 0.5555180556 2 0 0 0 0 0 0
0 0.3068671875 0.5417222222 0.042046875 0.0442777778 0.2877867188 0.5255972222 2 0.2882671875 0.5589694444 2 0.3244125 0.5590791667 2 0.3258539062 0.5283180556 2 0 0 0 0 0 0
0 0.33940625 0.5427916667 0.042046875 0.0442777778 0.3200898437 0.5552263889 2 0.3205703125 0.5234597222 2 0.358878125 0.5230319444 2 0.3592382813 0.5550916667 2 0 0 0 0 0 0
0 0.3403671875 0.5844444444 0.042046875 0.0442777778 0.3223117188 0.5955041667 2 0.323271875 0.5643152778 2 0.3598382813 0.5646875 2 0.3601984375 0.5967472222 2 0 0 0 0 0 0
0 0.299296875 0.5842361111 0.042046875 0.0442777778 0.2812421875 0.5952916667 2 0.2822023437 0.5641027778 2 0.31876875 0.564475 2 0.3191296875 0.5965333333 2 0 0 0 0 0 0
0 0.339765625 0.6250416667 0.042046875 0.0442777778 0.3217109375 0.6360930556 2 0.322671875 0.6049041667 2 0.3592382813 0.6052763889 2 0.3595984375 0.6373361111 2 0 0 0 0 0 0
0 0.29965625 0.6254722222 0.042046875 0.0442777778 0.2816023438 0.6365194444 2 0.2825625 0.6053305556 2 0.3191296875 0.6057027778 2 0.3194898438 0.6377625 2 0 0 0 0 0 0
0 0.306625 0.58125 0.042046875 0.0442777778 0.2885671875 0.5701888889 2 0.289528125 0.6013777778 2 0.3260945312 0.6010055556 2 0.3264546875 0.5689472222 2 0 0 0 0 0 0
0 0.3475703125 0.5786805556 0.042046875 0.0442777778 0.3295164063 0.5676263889 2 0.3304773438 0.5988152778 2 0.36704375 0.5984430556 2 0.3674039062 0.5663833333 2 0 0 0 0 0 0
0 0.3068671875 0.6224722222 0.042046875 0.0442777778 0.2888070313 0.6114180556 2 0.2897679687 0.6426069444 2 0.326334375 0.6422347222 2 0.3266945312 0.6101763889 2 0 0 0 0 0 0
0 0.3478125 0.6209861111 0.042046875 0.0442777778 0.3297570312 0.6099236111 2 0.3307171875 0.6411125 2 0.3672835937 0.6407388889 2 0.36764375 0.6086805556 2 0 0 0 0 0 0
0 0.3457734375 0.539375 0.042046875 0.0442777778 0.327715625 0.5283194444 2 0.3286757812 0.5595083333 2 0.3652421875 0.5591361111 2 0.3656023438 0.5270763889 2 0 0 0 0 0 0
0 0.4821171875 0.542125 0.042046875 0.0442777778 0.4640601562 0.5310611111 2 0.4650203125 0.56225 2 0.5015875 0.5618777778 2 0.5019476563 0.5298180556 2 0 0 0 0 0 0
0 0.4355078125 0.6232638889 0.042046875 0.0442777778 0.4179429687 0.6130888889 2 0.4184109375 0.6433930556 2 0.4537835937 0.6437861111 2 0.4543523437 0.6117402778 2 0 0 0 0 0 0
0 0.4360546875 0.5820972222 0.042046875 0.0442777778 0.4179953125 0.5710416667 2 0.41895625 0.6022305556 2 0.4549210938 0.6019638889 2 0.4555851563 0.567725 2 0 0 0 0 0 0
0 0.43475 0.5417777778 0.042046875 0.0442777778 0.4166914063 0.5307236111 2 0.4176523438 0.5619125 2 0.4526929687 0.5609333333 2 0.4531671875 0.5310791667 2 0 0 0 0 0 0
0 0.3962734375 0.6224583333 0.042046875 0.0442777778 0.3782132812 0.6114027778 2 0.3791742188 0.6425916667 2 0.415740625 0.6422194444 2 0.4161007813 0.6101597222 2 0 0 0 0 0 0
0 0.39603125 0.5821805556 0.042046875 0.0442777778 0.3779765625 0.5711263889 2 0.3789367188 0.6023152778 2 0.415503125 0.6019430556 2 0.4158632812 0.5698833333 2 0 0 0 0 0 0
0 0.3944921875 0.5423333333 0.042046875 0.0442777778 0.3764351563 0.5312722222 2 0.3773960937 0.5624611111 2 0.4139625 0.5620888889 2 0.4143226562 0.5300291667 2 0 0 0 0 0 0
0 0.386546875 0.5454861111 0.042046875 0.0442777778 0.3684929687 0.5565458333 2 0.3694539063 0.5253569444 2 0.4060203125 0.5257291667 2 0.4063804688 0.5577888889 2 0 0 0 0 0 0
0 0.3886875 0.5870277778 0.042046875 0.0442777778 0.3706265625 0.5980875 2 0.3715875 0.5668986111 2 0.4081539063 0.5672708333 2 0.4085140625 0.5993305556 2 0 0 0 0 0 0
0 0.3892734375 0.6277361111 0.042046875 0.0442777778 0.3712195313 0.6387847222 2 0.3721804687 0.6075972222 2 0.408746875 0.6079694444 2 0.4091070313 0.6400277778 2 0 0 0 0 0 0
0 0.428984375 0.629 0.042046875 0.0442777778 0.4109304687 0.6400513889 2 0.4118914062 0.6088625 2 0.4484578125 0.6092347222 2 0.4488179687 0.6412930556 2 0 0 0 0 0 0
0 0.427921875 0.5874583333 0.042046875 0.0442777778 0.4098632812 0.5985083333 2 0.4108242188 0.5673208333 2 0.447390625 0.5676930556 2 0.4477507813 0.5997513889 2 0 0 0 0 0 0
0 0.4263828125 0.5457083333 0.042046875 0.0442777778 0.4083226563 0.5567569444 2 0.4092835938 0.5255680556 2 0.44585 0.5259402778 2 0.4462101562 0.558 2 0 0 0 0 0 0
0 0.5757890625 0.6270416667 0.042046875 0.0442777778 0.557734375 0.6159819444 2 0.5586953125 0.6471708333 2 0.5952617188 0.6467986111 2 0.595621875 0.6147388889 2 0 0 0 0 0 0
0 0.576859375 0.5843472222 0.042046875 0.0442777778 0.5588015625 0.5732888889 2 0.5597617188 0.6044777778 2 0.596328125 0.6041055556 2 0.5966882812 0.5720458333 2 0 0 0 0 0 0
0 0.575078125 0.5422916667 0.042046875 0.0442777778 0.5570234375 0.5312291667 2 0.557984375 0.5624180556 2 0.5945507812 0.5620458333 2 0.5949109375 0.5299861111 2 0 0 0 0 0 0
0 0.5270859375 0.6289305556 0.042046875 0.0442777778 0.509025 0.6178791667 2 0.5099859375 0.6490680556 2 0.5465523437 0.6486958333 2 0.5469125 0.6166361111 2 0 0 0 0 0 0
0 0.5276171875 0.5859305556 0.042046875 0.0442777778 0.5095578125 0.5748708333 2 0.51051875 0.6060597222 2 0.5470851562 0.6056861111 2 0.5474453125 0.5736277778 2 0 0 0 0 0 0
0 0.52459375 0.5432361111 0.042046875 0.0442777778 0.5065359375 0.5321777778 2 0.507496875 0.5633666667 2 0.5440632812 0.5629944444 2 0.5444234375 0.5309347222 2 0 0 0 0 0 0
0 0.4853046875 0.6289305556 0.042046875 0.0442777778 0.4672484375 0.6178791667 2 0.4682085938 0.6490680556 2 0.504775 0.6486958333 2 0.5051351562 0.6166361111 2 0 0 0 0 0 0
0 0.485625 0.584625 0.042046875 0.0442777778 0.4675679687 0.5735652778 2 0.4685289062 0.6047541667 2 0.5050953125 0.6043819444 2 0.5054554687 0.5723222222 2 0 0 0 0 0 0
0 0.6154375 0.5432361111 0.042046875 0.0442777778 0.597378125 0.5321777778 2 0.5983390625 0.5633666667 2 0.6349054687 0.5629944444 2 0.635265625 0.5309347222 2 0 0 0 0 0 0
0 0.795375 0.5443055556 0.042046875 0.0442777778 0.7773210938 0.5332416667 2 0.77828125 0.5644305556 2 0.8148476563 0.5640583333 2 0.8152078125 0.532 2 0 0 0 0 0 0
0 0.616015625 0.6269583333 0.042046875 0.0442777778 0.5979554688 0.6159027778 2 0.5989164063 0.6470916667 2 0.6354828125 0.6467194444 2 0.6358429688 0.6146611111 2 0 0 0 0 0 0
0 0.616859375 0.5859305556 0.042046875 0.0442777778 0.5988007813 0.5748708333 2 0.5997609375 0.6060597222 2 0.6363273437 0.6056861111 2 0.6366875 0.5736277778 2 0 0 0 0 0 0
0 0.4730390625 0.5445 0.042046875 0.0442777778 0.4549820312 0.5555527778 2 0.4559421875 0.5243652778 2 0.4925085937 0.5247375 2 0.49286875 0.5567958333 2 0 0 0 0 0 0
0 0.794484375 0.6280972222 0.042046875 0.0442777778 0.7764304687 0.6170430556 2 0.7773914063 0.6482319444 2 0.8139578125 0.6478597222 2 0.8143179687 0.6158 2 0 0 0 0 0 0
0 0.7639921875 0.5463888889 0.042046875 0.0442777778 0.745934375 0.5574430556 2 0.7468945312 0.5262541667 2 0.7834617188 0.5266263889 2 0.783821875 0.5586847222 2 0 0 0 0 0 0
0 0.6090390625 0.5448194444 0.042046875 0.0442777778 0.590978125 0.5558694444 2 0.5919390625 0.5246805556 2 0.6285054688 0.5250527778 2 0.628865625 0.5571125 2 0 0 0 0 0 0
0 0.6098125 0.6302777778 0.042046875 0.0442777778 0.59175625 0.6413333333 2 0.5927171875 0.6101444444 2 0.6292835937 0.6105166667 2 0.62964375 0.6425763889 2 0 0 0 0 0 0
0 0.6085 0.5887777778 0.042046875 0.0442777778 0.5904453125 0.5998277778 2 0.5914054687 0.5686388889 2 0.627971875 0.5690111111 2 0.6283320313 0.6010694444 2 0 0 0 0 0 0
0 0.5685 0.6311527778 0.042046875 0.0442777778 0.5504460937 0.6422041667 2 0.5514070313 0.6110152778 2 0.5879734375 0.6113875 2 0.5883335938 0.6434458333 2 0 0 0 0 0 0
0 0.56796875 0.5454444444 0.042046875 0.0442777778 0.5499125 0.5565027778 2 0.5508734375 0.5253138889 2 0.5874398438 0.5256861111 2 0.5878 0.5577444444 2 0 0 0 0 0 0
0 0.5164140625 0.5448194444 0.042046875 0.0442777778 0.4983585938 0.5558694444 2 0.4993195313 0.5246805556 2 0.5358851562 0.5250527778 2 0.5362460937 0.5571125 2 0 0 0 0 0 0
0 0.516234375 0.5875138889 0.042046875 0.0442777778 0.4981804688 0.5985625 2 0.4991414062 0.5673736111 2 0.5357078125 0.5677458333 2 0.5360679688 0.5998055556 2 0 0 0 0 0 0
0 0.568328125 0.5884583333 0.042046875 0.0442777778 0.5502679687 0.5995111111 2 0.5512289062 0.5683222222 2 0.5877953125 0.5686944444 2 0.5881554688 0.6007541667 2 0 0 0 0 0 0
0 0.516953125 0.6320972222 0.042046875 0.0442777778 0.4988921875 0.6431527778 2 0.4998523438 0.6119638889 2 0.53641875 0.6123361111 2 0.5367789063 0.6443944444 2 0 0 0 0 0 0
0 0.4744609375 0.6311527778 0.042046875 0.0442777778 0.4564039062 0.6422041667 2 0.4573648438 0.6110152778 2 0.49393125 0.6113875 2 0.4942914063 0.6434458333 2 0 0 0 0 0 0
0 0.474640625 0.5887777778 0.042046875 0.0442777778 0.4565820312 0.5998277778 2 0.4575421875 0.5686388889 2 0.4941085937 0.5690111111 2 0.49446875 0.6010694444 2 0 0 0 0 0 0
0 0.6678515625 0.5470208333 0.043640625 0.0387916667 0.6484289063 0.5297430556 2 0.6497625 0.5640722222 2 0.6871835938 0.5642125 2 0.6880726562 0.5316402778 2 0 0 0 0 0 0
0 0.6674921875 0.5898819444 0.043640625 0.0387916667 0.6480703125 0.5725916667 2 0.649403125 0.6069208333 2 0.686825 0.6070625 2 0.6877132812 0.5744888889 2 0 0 0 0 0 0
0 0.6685625 0.6328819444 0.043640625 0.0387916667 0.6491382813 0.6156041667 2 0.650471875 0.6499333333 2 0.6878929688 0.6500736111 2 0.6887820312 0.6175013889 2 0 0 0 0 0 0
0 0.7114921875 0.6335208333 0.043640625 0.0387916667 0.692071875 0.6162361111 2 0.6934046875 0.6505652778 2 0.7308265625 0.6507069444 2 0.7317148438 0.6181333333 2 0 0 0 0 0 0
0 0.71078125 0.5914513889 0.043640625 0.0387916667 0.6913585937 0.5741736111 2 0.6926921875 0.6085027778 2 0.7301132812 0.6086430556 2 0.7310023437 0.5760708333 2 0 0 0 0 0 0
0 0.7113984375 0.5481319444 0.043640625 0.0387916667 0.6919820313 0.5308486111 2 0.6933148437 0.5651777778 2 0.7307367188 0.5653180556 2 0.731625 0.5327458333 2 0 0 0 0 0 0
0 0.675953125 0.5845625 0.043640625 0.0387916667 0.6565351563 0.6018541667 2 0.6578679687 0.567525 2 0.6952898438 0.5673847222 2 0.696178125 0.5999569444 2 0 0 0 0 0 0
0 0.805125 0.5864097222 0.043640625 0.0387916667 0.7855351563 0.6001638889 2 0.7870414062 0.5693708333 2 0.8244625 0.5692305556 2 0.8253515625 0.6018027778 2 0 0 0 0 0 0
0 0.7652734375 0.6267152778 0.043640625 0.0387916667 0.745984375 0.6377166667 2 0.7471835937 0.6096777778 2 0.7846054687 0.6095361111 2 0.78549375 0.6421097222 2 0 0 0 0 0 0
0 0.8065703125 0.6265486111 0.043640625 0.0387916667 0.7876429687 0.63595 2 0.78848125 0.6095125 2 0.8259023437 0.6093708333 2 0.8267914062 0.6419444444 2 0 0 0 0 0 0
0 0.763953125 0.5845902778 0.043640625 0.0387916667 0.7454742187 0.5975458333 2 0.7458671875 0.5675444444 2 0.7832882813 0.5674041667 2 0.7841773437 0.5999763889 2 0 0 0 0 0 0
0 0.8051953125 0.5463263889 0.043640625 0.0387916667 0.7860484375 0.5577 2 0.787109375 0.5292833333 2 0.8245304687 0.5291416667 2 0.8254195313 0.5617152778 2 0 0 0 0 0 0
0 0.7183359375 0.5437569444 0.043640625 0.0387916667 0.6989148438 0.5610430556 2 0.7002484375 0.5267138889 2 0.7376695313 0.5265736111 2 0.7385585937 0.5591458333 2 0 0 0 0 0 0
0 0.675546875 0.5412569444 0.043640625 0.0387916667 0.6561273437 0.5585458333 2 0.6574609375 0.5242166667 2 0.6948820312 0.524075 2 0.6957710938 0.5566486111 2 0 0 0 0 0 0
0 0.7190859375 0.5872986111 0.043640625 0.0387916667 0.6996625 0.6045888889 2 0.7009953125 0.5702597222 2 0.7384171875 0.5701180556 2 0.73930625 0.6026916667 2 0 0 0 0 0 0
0 0.7199765625 0.6307847222 0.043640625 0.0387916667 0.7005578125 0.6480708333 2 0.7018914063 0.6137416667 2 0.7393125 0.6136 2 0.7402015625 0.6461736111 2 0 0 0 0 0 0
0 0.675734375 0.6291180556 0.043640625 0.0387916667 0.6563125 0.6464013889 2 0.6576460938 0.6120722222 2 0.6950671875 0.6119319444 2 0.6959554688 0.6445041667 2 0 0 0 0 0 0
0 0.7949375 0.5849861111 0.042046875 0.0442777778 0.7768820312 0.5739305556 2 0.7778429688 0.6051194444 2 0.814409375 0.6047472222 2 0.8147695312 0.5726888889 2 0 0 0 0 0 0
0 0.754734375 0.6278055556 0.042046875 0.0442777778 0.736678125 0.6167555556 1 0.7376390625 0.6479444444 2 0.7742054687 0.6475722222 2 0.774565625 0.6155125 2 0 0 0 0 0 0
0 0.7542578125 0.5416388889 0.042046875 0.0442777778 0.736196875 0.5305791667 1 0.7371570312 0.5617680556 2 0.7737234375 0.5613958333 2 0.7740835938 0.5293361111 2 0 0 0 0 0 0
0 0.7549609375 0.5860972222 0.042046875 0.0442777778 0.7369007812 0.5750444444 1 0.7378617187 0.6062333333 2 0.774428125 0.6058597222 2 0.7747882812 0.5738013889 2 0 0 0 0 0 0
0 0.3453984375 0.39325 0.04053125 0.0378055556 0.327446875 0.3799833333 2 0.327446875 0.4086472222 2 0.3615492188 0.4082541667 2 0.361990625 0.3791986111 2 0 0 0 0 0 0
0 0.3513007813 0.3874583333 0.0401953125 0.03525 0.3336273438 0.4013888889 2 0.3346210937 0.3745222222 2 0.3687226563 0.3749152778 2 0.369275 0.4013888889 2 0 0 0 0 0 0
0 0.5264492188 0.4208333333 0.0401953125 0.038 0.5081117188 0.4373041667 2 0.5097671875 0.4065236111 2 0.54386875 0.4069166667 2 0.5447523438 0.4365194444 2 0 0 0 0 0 0
0 0.4308242188 0.3893333333 0.0414140625 0.0405555556 0.411709375 0.3722111111 2 0.4114882813 0.4038194444 2 0.4472460938 0.4048 2 0.4481289063 0.3737819444 2 0 0 0 0 0 0
0 0.3887148437 0.4646111111 0.0401953125 0.03525 0.371040625 0.4785444444 2 0.3720335938 0.4516791667 2 0.4061359375 0.4520708333 2 0.4066875 0.4785444444 2 0 0 0 0 0 0
0 0.4766757812 0.4639305556 0.0401953125 0.0374166667 0.4589445312 0.4788152778 2 0.4599929688 0.4499111111 2 0.4940953125 0.4503041667 2 0.4950335938 0.4790111111 2 0 0 0 0 0 0
0 0.4370507813 0.4621666667 0.0401953125 0.0381944444 0.4189929688 0.4764597222 2 0.4203726562 0.4477513889 2 0.454475 0.4481444444 2 0.4558546875 0.4784222222 2 0 0 0 0 0 0
0 0.4764570312 0.3837361111 0.0401953125 0.03525 0.4587789062 0.3976583333 2 0.4597726563 0.3707930556 2 0.4938742187 0.3711847222 2 0.4944265625 0.3976583333 2 0 0 0 0 0 0
0 0.4368867188 0.4223194444 0.0398671875 0.0370277778 0.4189929688 0.4377833333 2 0.4200414063 0.4084875 2 0.45414375 0.4088791667 2 0.4553023438 0.4375875 2 0 0 0 0 0 0
0 0.525828125 0.3812083333 0.040859375 0.0378055556 0.5078757812 0.3976666667 2 0.5088140625 0.3669902778 2 0.54374375 0.3668430556 2 0.5447367188 0.3966847222 2 0 0 0 0 0 0
0 0.47590625 0.4237777778 0.040640625 0.0383888889 0.4582828125 0.4393541667 2 0.4594414063 0.4092722222 2 0.49354375 0.4096652778 2 0.4939296875 0.4387652778 2 0 0 0 0 0 0
0 0.4372773438 0.3798055556 0.0401953125 0.03525 0.4196 0.3937319444 2 0.42059375 0.3668666667 2 0.4546953125 0.3672583333 2 0.4552476562 0.3937319444 2 0 0 0 0 0 0
0 0.3894882813 0.4267222222 0.0401953125 0.03525 0.3718132813 0.4406527778 2 0.37280625 0.4137875 2 0.4069085937 0.4141805556 2 0.4074601562 0.4406527778 2 0 0 0 0 0 0
0 0.3891601562 0.3892222222 0.0401953125 0.03525 0.3714820313 0.4031555556 2 0.372475 0.3762888889 2 0.4065773437 0.3766819444 2 0.4071289062 0.4031555556 2 0 0 0 0 0 0
0 0.3505273437 0.4640277778 0.0401953125 0.03525 0.3328546875 0.4779555556 2 0.3338484375 0.4510888889 2 0.36795 0.4514819444 2 0.3685023438 0.4779555556 2 0 0 0 0 0 0
0 0.3515195313 0.4267222222 0.0401953125 0.03525 0.3338484375 0.4406527778 2 0.3348414062 0.4137875 2 0.36894375 0.4141805556 2 0.3694953125 0.4406527778 2 0 0 0 0 0 0
0 0.3820390625 0.4323194444 0.04053125 0.0378055556 0.3640875 0.4190527778 2 0.3640875 0.4477166667 2 0.3981898437 0.4473236111 2 0.39863125 0.4182666667 2 0 0 0 0 0 0
0 0.3818203125 0.4704027778 0.04053125 0.0378055556 0.3638671875 0.4571388889 2 0.3638671875 0.4858027778 2 0.39796875 0.4854097222 2 0.3984109375 0.4563541667 2 0 0 0 0 0 0
0 0.3832578125 0.3954166667 0.04053125 0.0378055556 0.3653015625 0.3821430556 2 0.3653015625 0.4108069444 2 0.3994039062 0.4104138889 2 0.3998453125 0.3813583333 2 0 0 0 0 0 0
0 0.3437421875 0.4313472222 0.04053125 0.0378055556 0.3257914062 0.4180708333 2 0.3257914062 0.4467347222 2 0.35989375 0.4463416667 2 0.3603351563 0.4172861111 2 0 0 0 0 0 0
0 0.342859375 0.4692361111 0.04053125 0.0378055556 0.3249085937 0.4559611111 2 0.3249085937 0.484625 2 0.3590109375 0.4842319444 2 0.3594523438 0.4551763889 2 0 0 0 0 0 0
0 0.4301601563 0.429375 0.0414140625 0.0405555556 0.411046875 0.4122611111 2 0.4108265625 0.4438694444 2 0.4468046875 0.4442625 2 0.4474671875 0.4138319444 2 0 0 0 0 0 0
0 0.4301601563 0.4684444444 0.0414140625 0.0405555556 0.411046875 0.4513291667 2 0.4108265625 0.4829375 2 0.4468046875 0.4833305556 2 0.4474671875 0.4529 2 0 0 0 0 0 0
0 0.4698867188 0.4694305556 0.0414140625 0.0405555556 0.450778125 0.4523111111 2 0.4505570312 0.4839194444 2 0.4865351562 0.4843125 2 0.4871976563 0.4538819444 2 0 0 0 0 0 0
0 0.4698867188 0.4305555556 0.0414140625 0.0405555556 0.450778125 0.4134388889 2 0.4505570312 0.4450472222 2 0.4865351562 0.4454402778 2 0.4871976563 0.4150097222 2 0 0 0 0 0 0
0 0.4709960938 0.3914861111 0.0414140625 0.0405555556 0.45188125 0.3743708333 2 0.4516609375 0.4059791667 2 0.4876390625 0.4063708333 2 0.4883015625 0.3759402778 2 0 0 0 0 0 0
0 0.5661523438 0.3808611111 0.0399765625 0.038 0.5477015625 0.3971263889 2 0.5493570313 0.3665444444 2 0.583459375 0.3669375 2 0.584121875 0.3963402778 2 0 0 0 0 0 0
0 0.5655742188 0.4608888889 0.0394296875 0.038 0.5472351562 0.4762527778 2 0.5485046875 0.4465736111 2 0.583103125 0.447 2 0.5838757812 0.4770375 2 0 0 0 0 0 0
0 0.5256171875 0.4610833333 0.04096875 0.0383888889 0.5075046875 0.4756638889 2 0.50805625 0.4462152778 2 0.5434273438 0.4469666667 2 0.5441445312 0.4754680556 2 0 0 0 0 0 0
0 0.5666171875 0.4219166667 0.041078125 0.0409444444 0.5478421875 0.4375916667 2 0.5492765625 0.4061305556 2 0.5833789062 0.4065236111 2 0.5855859375 0.4360208333 2 0 0 0 0 0 0
0 0.5580703125 0.3880416667 0.04096875 0.0383888889 0.5399507812 0.3734708333 2 0.540503125 0.4029208333 2 0.5758742187 0.4021694444 2 0.5765914063 0.3736680556 2 0 0 0 0 0 0
0 0.5571875 0.4267222222 0.04096875 0.0383888889 0.5390679687 0.4121472222 2 0.5396203125 0.4415958333 2 0.5749914063 0.4408444444 2 0.5757085938 0.4123444444 2 0 0 0 0 0 0
0 0.55740625 0.46775 0.04096875 0.0383888889 0.5392890625 0.4531791667 2 0.539840625 0.4826277778 2 0.5752117187 0.4818763889 2 0.5759296875 0.4533763889 2 0 0 0 0 0 0
0 0.517671875 0.4675555556 0.04096875 0.0383888889 0.4995578125 0.4529833333 2 0.5001101562 0.4824319444 2 0.53548125 0.4816805556 2 0.5361984375 0.4531791667 2 0 0 0 0 0 0
0 0.517125 0.4273194444 0.04096875 0.0383888889 0.49900625 0.4127361111 2 0.4995585937 0.4421847222 2 0.5349296875 0.4414333333 2 0.535646875 0.4129333333 2 0 0 0 0 0 0
0 0.5183359375 0.3878472222 0.04096875 0.0383888889 0.5002203125 0.373275 2 0.5007726563 0.4027236111 2 0.53614375 0.4019722222 2 0.5368609375 0.3734708333 2 0 0 0 0 0 0
0 0.6020195312 0.4721944444 0.0365859375 0.0351111111 0.5846679688 0.4581375 1 0.5848890625 0.4875861111 2 0.61855 0.4883708333 2 0.6189914062 0.4579416667 2 0 0 0 0 0 0
0 0.6040820312 0.4337777778 0.0365859375 0.0351111111 0.586725 0.4197111111 1 0.5869453125 0.4491597222 2 0.62060625 0.4499458333 2 0.6210476563 0.4195152778 2 0 0 0 0 0 0
0 0.6130117188 0.389875 0.0399765625 0.038 0.59544375 0.4054583333 2 0.5962164063 0.3755666667 2 0.63031875 0.3759597222 2 0.6309804688 0.4053625 2 0 0 0 0 0 0
0 0.6049375 0.3964166667 0.04096875 0.0383888889 0.5868203125 0.3818416667 2 0.587371875 0.4112916667 2 0.62274375 0.4105388889 2 0.6234609375 0.3820388889 2 0 0 0 0 0 0
0 0.6095039063 0.4675833333 0.0399765625 0.038 0.5919375 0.4831583333 2 0.592709375 0.4532666667 2 0.6268117187 0.4536583333 2 0.6274742187 0.4830625 2 0 0 0 0 0 0
0 0.6484335937 0.4674861111 0.0399765625 0.038 0.6308695313 0.4830694444 2 0.6316421875 0.4531777778 2 0.6657445312 0.4535708333 2 0.66640625 0.4829736111 2 0 0 0 0 0 0
0 0.6119335938 0.4291388889 0.0399765625 0.038 0.594365625 0.4447138889 2 0.5951382813 0.4148222222 2 0.629240625 0.4152152778 2 0.6299023437 0.4446180556 2 0 0 0 0 0 0
0 0.6515976563 0.3887638889 0.0399765625 0.038 0.6340304688 0.4043444444 2 0.634803125 0.3744527778 2 0.6689054688 0.3748444444 2 0.6695679688 0.4042472222 2 0 0 0 0 0 0
0 0.6509414063 0.4277083333 0.0399765625 0.038 0.633378125 0.4432875 2 0.6341507813 0.4133958333 2 0.668253125 0.4137888889 2 0.668915625 0.4431916667 2 0 0 0 0 0 0
0 0.6437109375 0.395125 0.04096875 0.0383888889 0.6255929688 0.3805486111 2 0.6261445313 0.4099972222 2 0.661515625 0.4092458333 2 0.6622335938 0.3807444444 2 0 0 0 0 0 0
0 0.641765625 0.4339166667 0.04096875 0.0383888889 0.6236460938 0.4193402778 2 0.6241984375 0.4487888889 2 0.6595695313 0.4480375 2 0.6602867188 0.4195361111 2 0 0 0 0 0 0
0 0.6401015625 0.4722083333 0.04096875 0.0383888889 0.6219859375 0.4576319444 2 0.6225375 0.4870819444 2 0.657909375 0.4863305556 2 0.6586265625 0.4578291667 2 0 0 0 0 0 0
