1 0.4078638498 0.1322697368 0.4518779343 0.2645394737 0.3912363067 0.2220394737 2 0.1897496088 0.195997807 2 0.6152190923 0.2521929825 2 0.3892801252 0.001370614 2 0 0 0 0 0 0
1 0.3032081377 0.3282785088 0.3951486698 0.2316447368 0.2953834116 0.4194078947 2 0.1154147105 0.4166666667 2 0.4919796557 0.4276315789 2 0.2621283255 0.2206688596 2 0 0 0 0 0 0
1 0.5893035994 0.3837828947 0.4509076682 0.2549342105 0.5760954617 0.4632675439 2 0.3746087637 0.4358552632 2 0.8069248826 0.5016447368 2 0.595657277 0.2617872807 2 0 0 0 0 0 0
1 0.2562676056 0.5133004386 0.3423317684 0.19875 0.247456964 0.5879934211 2 0.0890062598 0.5674342105 2 0.4147104851 0.6071820175 2 0.2210485133 0.4235197368 2 0 0 0 0 0 0
1 0.4479733959 0.5558004386 0.3931924883 0.19875 0.4372065728 0.6304824561 2 0.2591940532 0.6181469298 2 0.6328247261 0.6483004386 2 0.4205790297 0.4577850877 2 0 0 0 0 0 0
1 0.6871126761 0.6167872807 0.4509076682 0.2549342105 0.6739045383 0.6962719298 2 0.4694835681 0.6524122807 2 0.9047339593 0.7387609649 2 0.6934663537 0.4947916667 2 0 0 0 0 0 0
1 0.1767762128 0.6994846491 0.3151799687 0.1889254386 0.1707652582 0.758995614 2 0.0218935837 0.7356798246 2 0.3318967136 0.7890614035 2 0.1475586854 0.6123508772 2 0 0 0 0 0 0
1 0.3488419405 0.7528837719 0.3589671362 0.1889254386 0.3389029734 0.812377193 2 0.1725164319 0.7847653509 2 0.5210516432 0.8448969298 2 0.3227010955 0.6626644737 2 0 0 0 0 0 0
1 0.5439280125 0.7829385965 0.3716744914 0.2060964912 0.5403161189 0.8510328947 2 0.3607949922 0.8240350877 2 0.7224663537 0.8835526316 2 0.5394413146 0.6872061404 2 0 0 0 0 0 0
1 0.7735680751 0.8280263158 0.4088888889 0.2165350877 0.7513646322 0.8909144737 2 0.5709671362 0.859622807 2 0.9702942097 0.933252193 2 0.7666901408 0.7277039474 2 0 0 0 0 0 0
