1 0.2122421875 0.7115859375 0.255203125 0.404953125 0.2200515625 0.53125 2 0.0924484375 0.5182296875 2 0.3346359375 0.54296875 2 0.1783859375 0.90625 2 0 0 0 0 0 0
1 0.5052109375 0.7272109375 0.247390625 0.399734375 0.5052078125 0.5520828125 2 0.3880203125 0.54296875 2 0.62109375 0.56640625 2 0.47265625 0.92578125 2 0 0 0 0 0 0
1 0.4485703125 0.75846875 0.225265625 0.38671875 0.4557296875 0.9440109375 2 0.5583578125 0.9469484375 2 0.3411453125 0.9375 2 0.4895828125 0.5677078125 2 0 0 0 0 0 0
1 0.3593671875 0.7428359375 0.239578125 0.399734375 0.3619796875 0.56640625 2 0.24609375 0.5546875 2 0.4713546875 0.5768234375 2 0.32421875 0.9348953125 2 0 0 0 0 0 0
1 0.1940078125 0.7460859375 0.263015625 0.403640625 0.1966140625 0.9309890625 2 0.06640625 0.9231765625 2 0.3177078125 0.9375 2 0.2330734375 0.5533859375 2 0 0 0 0 0 0
1 0.8222734375 0.6471328125 0.186203125 0.325515625 0.8216140625 0.78515625 2 0.91015625 0.7942703125 2 0.73046875 0.7734375 2 0.8502609375 0.4869796875 2 0 0 0 0 0 0
1 0.7447890625 0.611328125 0.200515625 0.32421875 0.74609375 0.4739578125 2 0.6497390625 0.4635421875 2 0.8411453125 0.4817703125 2 0.71875 0.76953125 2 0 0 0 0 0 0
1 0.6015625 0.6243515625 0.21875 0.329421875 0.6067703125 0.7604171875 2 0.50390625 0.75 2 0.70703125 0.76953125 2 0.640625 0.4518234375 2 0 0 0 0 0 0
1 0.8671875 0.609375 0.203125 0.328125 0.8658859375 0.4713546875 2 0.7708328125 0.4557296875 2 0.9622390625 0.484375 2 0.8385421875 0.76953125 2 0 0 0 0 0 0
1 0.6373671875 0.5846328125 0.186203125 0.333328125 0.6315109375 0.4322921875 2 0.5466171875 0.4221703125 2 0.72265625 0.4453125 2 0.5924484375 0.7447921875 2 0 0 0 0 0 0
1 0.68034375 0.2272109375 0.21484375 0.326828125 0.68359375 0.3684890625 2 0.5833328125 0.3580734375 2 0.7786453125 0.3802078125 2 0.71484375 0.0690109375 2 0 0 0 0 0 0
1 0.893234375 0.2571640625 0.1953125 0.334640625 0.890625 0.3971359375 2 0.9817703125 0.4088546875 2 0.8020828125 0.3841140625 2 0.9166671875 0.09765625 2 0 0 0 0 0 0
1 0.8242265625 0.2220078125 0.190109375 0.313796875 0.8177078125 0.0859375 2 0.7315625 0.069059375 2 0.91015625 0.0963546875 2 0.7916671875 0.3763015625 2 0 0 0 0 0 0
1 0.709640625 0.1959609375 0.1875 0.326828125 0.7044265625 0.0494796875 2 0.6182484375 0.036671875 2 0.7942703125 0.0598953125 2 0.6744796875 0.3528640625 2 0 0 0 0 0 0
1 0.9173125 0.2246015625 0.16015625 0.329421875 0.9361984375 0.0794265625 2 0.8392578125 0.0640484375 2 0.99609375 0.0885421875 2 0.9075515625 0.3854171875 2 0 0 0 0 0 0
1 0.5748671875 0.26496875 0.243484375 0.40234375 0.5755203125 0.0833328125 2 0.45619375 0.0688734375 2 0.6875 0.09375 2 0.5338546875 0.4557296875 2 0 0 0 0 0 0
1 0.41471875 0.2708359375 0.23828125 0.408859375 0.4166671875 0.0885421875 2 0.2985765625 0.071559375 2 0.5325515625 0.09765625 2 0.3841140625 0.46875 2 0 0 0 0 0 0
1 0.252609375 0.2643203125 0.2578125 0.403640625 0.2552078125 0.44140625 2 0.12890625 0.43359375 2 0.375 0.4518234375 2 0.2903640625 0.0651046875 2 0 0 0 0 0 0
1 0.2675703125 0.2285234375 0.266921875 0.412765625 0.26953125 0.05078125 2 0.1471359375 0.0390625 2 0.3880203125 0.0651046875 2 0.2291671875 0.4244796875 2 0 0 0 0 0 0
1 0.5123671875 0.2975234375 0.233078125 0.384109375 0.5130203125 0.4713546875 2 0.3971359375 0.4622390625 2 0.61328125 0.4791671875 2 0.54296875 0.109375 2 0 0 0 0 0 0
