1 0.2545546875 0.2200546875 0.259109375 0.416671875 0.2578125 0.0377609375 2 0.13671875 0.0260421875 2 0.3763015625 0.0455734375 2 0.2395828125 0.4114578125 2 0 0 0 0 0 0
1 0.5123671875 0.2421953125 0.259109375 0.416671875 0.515625 0.0598953125 2 0.39453125 0.0481765625 2 0.6158859375 0.06640625 2 0.4973953125 0.4270828125 2 0 0 0 0 0 0
1 0.2233046875 0.2461015625 0.259109375 0.416671875 0.2252609375 0.4309890625 2 0.3411453125 0.4401046875 2 0.1015625 0.4205734375 2 0.23828125 0.0546875 2 0 0 0 0 0 0
1 0.3678359375 0.2317734375 0.259109375 0.416671875 0.3697921875 0.4166671875 2 0.4817703125 0.421875 2 0.2526046875 0.41015625 2 0.38671875 0.0559890625 2 0 0 0 0 0 0
1 0.86953125 0.79140625 0.2578125 0.4171875 0.8697921875 0.9791671875 2 0.984375 0.9817703125 2 0.7552078125 0.9752609375 2 0.8893234375 0.6158859375 2 0 0 0 0 0 0
1 0.7428359375 0.416671875 0.259109375 0.3359375 0.7395828125 0.5638015625 2 0.8424484375 0.5677078125 2 0.6380203125 0.5598953125 2 0.7552078125 0.2578125 2 0 0 0 0 0 0
1 0.206375 0.7324140625 0.26953125 0.407546875 0.2083328125 0.9153640625 2 0.3229171875 0.9166671875 2 0.0885421875 0.9114578125 2 0.2161453125 0.5377609375 2 0 0 0 0 0 0
1 0.357421875 0.7141953125 0.26953125 0.407546875 0.359375 0.8971359375 2 0.4739578125 0.8984375 2 0.2395828125 0.8932296875 2 0.3776046875 0.53125 2 0 0 0 0 0 0
1 0.509765625 0.7402265625 0.26953125 0.407546875 0.51171875 0.9231765625 2 0.6263015625 0.9244796875 2 0.3919265625 0.9192703125 2 0.5299484375 0.5572921875 2 0 0 0 0 0 0
1 0.6360625 0.822921875 0.26953125 0.3515625 0.6380203125 0.9778640625 2 0.734375 0.98046875 2 0.5481765625 0.9778640625 2 0.6497390625 0.6731765625 2 0 0 0 0 0 0
1 0.75325 0.803390625 0.26953125 0.3515625 0.7552078125 0.9583328125 2 0.8515625 0.9609375 2 0.6653640625 0.9583328125 2 0.7721359375 0.6575515625 2 0 0 0 0 0 0
1 0.861328125 0.82421875 0.25390625 0.3515625 0.87109375 0.9791671875 2 0.9674484375 0.9817703125 2 0.78125 0.9791671875 2 0.8880203125 0.6783859375 2 0 0 0 0 0 0
1 0.6425703125 0.4082109375 0.259109375 0.350265625 0.6458328125 0.2591140625 2 0.5247390625 0.2513015625 2 0.74609375 0.265625 2 0.6328125 0.5651046875 2 0 0 0 0 0 0
1 0.8548203125 0.4134140625 0.259109375 0.350265625 0.8580734375 0.2643234375 2 0.7578125 0.26171875 2 0.9544265625 0.265625 2 0.8450515625 0.5703125 2 0 0 0 0 0 0
1 0.2441328125 0.70378125 0.259109375 0.40234375 0.2473953125 0.5286453125 2 0.1263015625 0.5208328125 2 0.3671875 0.5338546875 2 0.2291671875 0.890625 2 0 0 0 0 0 0
1 0.5032578125 0.708984375 0.259109375 0.40234375 0.5065109375 0.5338546875 2 0.3854171875 0.5260421875 2 0.6263015625 0.5390625 2 0.48828125 0.8958328125 2 0 0 0 0 0 0
1 0.6647109375 0.8046796875 0.259109375 0.356765625 0.6614578125 0.65625 2 0.5638015625 0.6536453125 2 0.7604171875 0.6575515625 2 0.6497390625 0.9622390625 2 0 0 0 0 0 0
1 0.86653125 0.8046796875 0.24609375 0.356765625 0.8697921875 0.65625 2 0.7721359375 0.6536453125 2 0.96875 0.6575515625 2 0.85546875 0.9622390625 2 0 0 0 0 0 0
1 0.6230390625 0.4277421875 0.212234375 0.358078125 0.6145828125 0.5833328125 2 0.7109375 0.5859375 2 0.5403640625 0.5807296875 2 0.6276046875 0.2721359375 2 0 0 0 0 0 0
1 0.5084609375 0.2630234375 0.259109375 0.416671875 0.5104171875 0.4479171875 2 0.62109375 0.44921875 2 0.39453125 0.4479171875 2 0.52734375 0.0872390625 2 0 0 0 0 0 0
1 0.8548203125 0.4309921875 0.259109375 0.348953125 0.8567703125 0.58203125 2 0.9544265625 0.5846359375 2 0.76171875 0.5846359375 2 0.8684890625 0.28125 2 0 0 0 0 0 0
