2 0.7040226337 0.3180138889 0.1348765432 0.1137685185 0.7023786008 0.2640675926 2 0.7648127572 0.2634638889 2 0.6406193416 0.2640675926 2 0.7037222222 0.3721768519 2 0.7688395062 0.3721768519 2 0.6392757202 0.3724787037 2
2 0.6291666667 0.3136064815 0.1301440329 0.1123055556 0.6298765432 0.2598398148 2 0.5701296296 0.2598398148 2 0.6929814815 0.259537963 2 0.6305493827 0.3676472222 2 0.5640884774 0.3676472222 2 0.6916378601 0.3679490741 2
2 0.559691358 0.3188796296 0.1335390947 0.1114259259 0.5580473251 0.2649731481 2 0.4949423868 0.2649731481 2 0.6231646091 0.2649731481 2 0.5560329218 0.3727814815 2 0.4956152263 0.3733851852 2 0.6258497942 0.3727814815 2
2 0.453281893 0.3379814815 0.0858641975 0.0786666667 0.4385534979 0.3030231481 2 0.4110288066 0.3063453704 2 0.4613786008 0.2997018519 2 0.4754753086 0.371875 2 0.4479506173 0.3748953704 2 0.4942716049 0.3694592593 2
2 0.3753600823 0.3176435185 0.1501851852 0.1163055556 0.3849115226 0.2640083333 2 0.3197942387 0.2615925926 2 0.4466728395 0.2652157407 2 0.3661131687 0.3709101852 2 0.30368107 0.3690981481 2 0.4319032922 0.3733259259 2
2 0.3050308642 0.3228472222 0.1369341564 0.111212963 0.3103950617 0.27035 2 0.3714855967 0.2706518519 2 0.2466193416 0.2688398148 2 0.3009958848 0.3757416667 2 0.3654423868 0.3763453704 2 0.238563786 0.375137963 2
2 0.888600823 0.4165972222 0.1187654321 0.0646203704 0.8896419753 0.3873064815 2 0.8352654321 0.3876083333 2 0.9433477366 0.3867027778 2 0.8936707819 0.4467972222 2 0.835936214 0.4470990741 2 0.9420061728 0.4461935185 2
2 0.8280349794 0.4133611111 0.1184567901 0.0638518519 0.8278806584 0.3839851852 2 0.77081893 0.3836824074 2 0.8815864198 0.3833805556 2 0.8272407407 0.4425509259 2 0.7714917695 0.4440796296 2 0.8822572016 0.4431731481 2
2 0.757654321 0.4187407407 0.1160082305 0.0615555556 0.7600781893 0.3903268519 2 0.7043600823 0.3903268519 2 0.8117695473 0.3900240741 2 0.7600781893 0.4477027778 2 0.7043600823 0.4480046296 2 0.8117695473 0.4477027778 2
2 0.6396707819 0.4186851852 0.1163374486 0.0622592593 0.6392427984 0.3894203704 2 0.5875514403 0.3894203704 2 0.6949609053 0.3897222222 2 0.6358847737 0.4474009259 2 0.5835226337 0.4470990741 2 0.6922757202 0.4483064815 2
2 0.5770884774 0.4229351852 0.1146707819 0.0634259259 0.5774814815 0.3930444444 2 0.5257901235 0.3933462963 2 0.6331995885 0.3930444444 2 0.5756419753 0.4515333333 2 0.520037037 0.4515333333 2 0.6319156379 0.4515333333 2
2 0.518117284 0.4181759259 0.1145473251 0.0612777778 0.5184526749 0.3895055556 2 0.4641769547 0.3892055556 2 0.5737263374 0.3896555556 2 0.5157880658 0.4470231481 2 0.461845679 0.4470231481 2 0.5707283951 0.4473222222 2
2 0.4562962963 0.4214166667 0.1141152263 0.0622962963 0.4568518519 0.3920518519 2 0.4032427984 0.3920518519 2 0.5121255144 0.3920518519 2 0.4558518519 0.4501685185 2 0.401244856 0.4498685185 2 0.510127572 0.4503185185 2
2 0.3464403292 0.4234212963 0.1126748971 0.0622685185 0.3477160494 0.3940453704 2 0.2951069959 0.3938953704 2 0.4013251029 0.3941953704 2 0.3453847737 0.452162037 2 0.2904444444 0.452162037 2 0.3989938272 0.452312037 2
2 0.2926028807 0.4186574074 0.1115432099 0.0604259259 0.2904444444 0.3901509259 2 0.2368353909 0.3903009259 2 0.3477160494 0.3900009259 2 0.2897777778 0.4472194444 2 0.2375020576 0.4470694444 2 0.3417222222 0.4470694444 2
2 0.2321707819 0.4239907407 0.106563786 0.0593518519 0.2328395062 0.3959925926 2 0.1808950617 0.3962925926 2 0.2847839506 0.3953935185 2 0.2341728395 0.451862037 2 0.179563786 0.451862037 2 0.2854506173 0.451712037 2
2 0.1735802469 0.4218888889 0.1185596708 0.062037037 0.1705740741 0.3943453704 2 0.1156316872 0.3950935185 2 0.2225185185 0.3929972222 2 0.1788971193 0.4494657407 2 0.1252880658 0.451412963 2 0.2298436214 0.4478185185 2
2 0.1473148148 0.4999166667 0.112654321 0.0599074074 0.1492633745 0.4717555556 2 0.095654321 0.4714564815 2 0.2008744856 0.4720555556 2 0.1465576132 0.5273046296 2 0.0923251029 0.5282240741 2 0.1992098765 0.5286740741 2
2 0.206244856 0.4968333333 0.1152880658 0.0597962963 0.2068683128 0.4686101852 2 0.1529259259 0.4687601852 2 0.2624753086 0.4684601852 2 0.2072016461 0.5252287037 2 0.1509279835 0.5253787037 2 0.263473251 0.5250787037 2
2 0.2697736626 0.5004675926 0.1131687243 0.0618055556 0.2694670782 0.4719055556 2 0.2158580247 0.4719055556 2 0.3250740741 0.4717555556 2 0.2701337449 0.5286740741 2 0.2148580247 0.5288240741 2 0.3250740741 0.5286740741 2
2 0.3310802469 0.4969259259 0.1119135802 0.0595925926 0.3317325103 0.4686101852 2 0.2791234568 0.4683101852 2 0.3856748971 0.4684601852 2 0.3297366255 0.5247796296 2 0.2764588477 0.5241805556 2 0.3850102881 0.5252287037 2
2 0.4418106996 0.5000648148 0.1161316872 0.063037037 0.44468107 0.4713694444 2 0.3890740741 0.4709203704 2 0.4982901235 0.4719685185 2 0.4410185185 0.529037037 2 0.3847469136 0.528287963 2 0.4959588477 0.5296361111 2
2 0.505462963 0.4975833333 0.1102263374 0.0605 0.5059485597 0.4685231481 2 0.4530061728 0.4683740741 2 0.5595576132 0.4688231481 2 0.5059485597 0.5254416667 2 0.4526728395 0.5254416667 2 0.5582263374 0.5252916667 2
2 0.5639197531 0.5014537037 0.1119547325 0.0605555556 0.5655514403 0.4733166667 2 0.5122757202 0.4731666667 2 0.6188271605 0.4733166667 2 0.5635534979 0.5299351852 2 0.5089465021 0.5302351852 2 0.6168292181 0.5302351852 2
2 0.6949485597 0.5003240741 0.1149176955 0.0611111111 0.6960987654 0.472012963 2 0.6398251029 0.472312963 2 0.751372428 0.4715638889 2 0.6960987654 0.5292305556 2 0.6404917695 0.5295305556 2 0.7517057613 0.5290814815 2
2 0.7527057613 0.4959074074 0.1191975309 0.0603703704 0.7533703704 0.4676694444 2 0.6944341564 0.4678194444 2 0.8096419753 0.4676694444 2 0.754037037 0.524137963 2 0.7007592593 0.524437963 2 0.8059814815 0.5239888889 2
2 0.8126028807 0.4997731481 0.1117901235 0.0604166667 0.8123065844 0.4717138889 2 0.7580329218 0.4715638889 2 0.8675802469 0.4717138889 2 0.8123065844 0.5280324074 2 0.7580329218 0.5286324074 2 0.8655823045 0.5283324074 2
2 0.8794444444 0.4980046296 0.1183127572 0.0645648148 0.8848950617 0.4687185185 2 0.8306213992 0.4675194444 2 0.9375061728 0.4699166667 2 0.8772366255 0.524737037 2 0.821962963 0.5235388889 2 0.9331769547 0.5281824074 2
