2 0.13428009 0.2143522267 0.1532620922 0.2757489879 0.1331079865 0.0895168691 2 0.2099741282 0.0923211876 2 0.0590551181 0.0850161943 2 0.135920135 0.3359122807 2 0.2071619798 0.3398421053 2 0.0637424072 0.3291619433 2
2 0.5933633296 0.2059176788 0.0899887514 0.1812820513 0.591488189 0.1311632928 2 0.6336704162 0.1379136302 2 0.5521181102 0.1210377868 2 0.5980506187 0.281925776 2 0.6317964004 0.2898016194 2 0.5586805399 0.272925776 2
2 0.74428009 0.2005735493 0.0937345332 0.1807152497 0.7452193476 0.1266626181 2 0.7892767154 0.1345384615 2 0.7011619798 0.1176626181 2 0.7442823397 0.2774251012 2 0.7836524184 0.2875519568 2 0.7039741282 0.2684251012 2
2 0.9525984252 0.8878340081 0.079167604 0.1449797571 0.9533183352 0.824048583 2 0.9162440945 0.8262415655 2 0.9912114736 0.8183414305 2 0.9480596175 0.9491403509 2 0.9155129359 0.9579190283 2 0.9871889764 0.9478232119 2
2 0.8613892013 0.8969703104 0.0797187852 0.1429824561 0.8621214848 0.8337031039 2 0.822992126 0.8367759784 2 0.900519685 0.8288744939 2 0.8602935883 0.9596747638 2 0.8222609674 0.9658191633 2 0.8935714286 0.9552847503 2
2 0.7744488189 0.9060728745 0.0835658043 0.1440755735 0.773624297 0.8433589744 2 0.7344949381 0.8468704453 2 0.8156782902 0.8394089069 2 0.7725264342 0.9710863698 2 0.7352260967 0.9767921727 2 0.8094623172 0.9675748988 2
2 0.6867772778 0.9146288799 0.0895950506 0.1453981107 0.6876861642 0.8505991903 2 0.6458143982 0.8547692308 2 0.7277300337 0.8455506073 2 0.6917086614 0.9787638327 2 0.6507514061 0.9840310391 2 0.7306546682 0.9754723347 2
2 0.0756974128 0.8836977058 0.1415185602 0.1111740891 0.1413408324 0.8866072874 2 0.1424375703 0.9362051282 2 0.1398773903 0.8330580297 2 0.017735658 0.8839730094 2 0.0235871766 0.9348893387 2 0.0111541057 0.8304251012 2
2 0.1210517435 0.819851552 0.146647919 0.1229959514 0.1874173228 0.8225236167 2 0.1870517435 0.8773900135 2 0.1859550056 0.7619527665 2 0.0583284589 0.8218650472 2 0.063447694 0.877608637 2 0.0521113611 0.76217139 2
2 0.2616535433 0.8147975709 0.1360404949 0.1194736842 0.3197986502 0.8183535762 2 0.3150449944 0.871902834 2 0.326015748 0.7630499325 2 0.2002170979 0.8148421053 2 0.1994859393 0.868391363 2 0.1994859393 0.756465587 2
2 0.2129190101 0.8844466937 0.1329246344 0.1074089069 0.2709786277 0.8876720648 2 0.2684184477 0.93551417 2 0.2742699663 0.8323670715 2 0.1524938133 0.8854777328 2 0.1535905512 0.9363927126 2 0.1499347582 0.830611336 2
2 0.3499718785 0.8875168691 0.1382339708 0.109608637 0.4073824522 0.8922807018 2 0.4011653543 0.940122807 2 0.4139651294 0.836537112 2 0.2878008999 0.8892078273 2 0.2856062992 0.9361727395 2 0.2907255343 0.83434278 2
