3 0.2296153846 0.3013341346 0.1849519231 0.2796875 0.1551778846 0.3049423077 2 0.3013341346 0.1786346154 2 0.3112572115 0.4303461538 2 0 0 0 0 0 0 0 0 0
3 0.1844951923 0.3013341346 0.1849519231 0.2796875 0.1100673077 0.3049423077 2 0.2562235577 0.1786346154 2 0.2661466346 0.4303461538 2 0 0 0 0 0 0 0 0 0
3 0.1420913462 0.2959254808 0.1849519231 0.2796875 0.0676634615 0.2995288462 2 0.2219399038 0.1759278846 2 0.2192331731 0.4294447115 2 0 0 0 0 0 0 0 0 0
3 0.0978846154 0.2923197115 0.1849519231 0.2796875 0.0234567308 0.2959206731 2 0.1822427885 0.1759278846 2 0.1750264423 0.4258365385 2 0 0 0 0 0 0 0 0 0
3 0.0753245192 0.2936538462 0.1398317308 0.2769711538 0 0 0 0.1362307692 0.1723197115 2 0.1299158654 0.4258365385 2 0 0 0 0 0 0 0 0 0
3 0.0509735577 0.2968389423 0.1019471154 0.2760817308 0 0 0 0.0929254808 0.1750264423 2 0.0866105769 0.4285432692 2 0 0 0 0 0 0 0 0 0
3 0.2187740385 0.0866105769 0.1849519231 0.1624038462 0.1443509615 0.0315769231 2 0 0 0 0.3004302885 0.1569831731 2 0 0 0 0 0 0 0 0 0
3 0.1736778846 0.0866105769 0.1849519231 0.1624038462 0.0992403846 0.0315769231 2 0 0 0 0.2553221154 0.1569831731 2 0 0 0 0 0 0 0 0 0
3 0.1294711538 0.0857211538 0.1849519231 0.1624038462 0.0550336538 0.0306754808 2 0 0 0 0.2111129808 0.1560793269 2 0 0 0 0 0 0 0 0 0
3 0.10421875 0.0839182692 0.1488701923 0.1624038462 0.0117283654 0.0288701923 2 0 0 0 0.1651009615 0.1560793269 2 0 0 0 0 0 0 0 0 0
3 0.0645072115 0.0848076923 0.1290144231 0.1624038462 0 0 0 0 0 0 0.1154807692 0.1569831731 2 0 0 0 0 0 0 0 0 0
3 0.0563822115 0.0812019231 0.0604567308 0.1624038462 0 0 0 0 0 0 0.0730769231 0.1533725962 2 0 0 0 0 0 0 0 0 0
3 0.1895793269 0.9020913462 0.3791586538 0.1958173077 0.25 0.8299086538 2 0.3618725962 0.9942932692 2 0.0011418269 0.9657548077 2 0 0 0 0 0 0 0 0 0
3 0.21640625 0.8581490385 0.4328125 0.2837019231 0.2625576923 0.7602740385 2 0.4098173077 0.9965769231 2 0.0011418269 0.8778557692 2 0 0 0 0 0 0 0 0 0
3 0.218125 0.7725240385 0.3449038462 0.2837019231 0.2203197115 0.6746586538 2 0.3675793269 0.9109591346 2 0 0 0 0 0 0 0 0 0 0 0 0
3 0.1724519231 0.6709134615 0.3449038462 0.2837019231 0.1746586538 0.5730600962 2 0.3219182692 0.8093605769 2 0 0 0 0 0 0 0 0 0 0 0 0
3 0.1964302885 0.6418269231 0.3928605769 0.4241346154 0.1872139423 0.4874423077 2 0.3812788462 0.82534375 2 0 0 0 0 0 0 0 0 0 0 0 0
3 0.19015625 0.4517427885 0.2638701923 0.4298317308 0.1164375 0.2945216346 1 0.3105024038 0.6324206731 2 0 0 0 0 0 0 0 0 0 0 0 0
3 0.5658653846 0.22125 0.1764423077 0.2835576923 0.6259831731 0.2174903846 2 0.4782716346 0.1075721154 2 0.4813653846 0.3428389423 2 0 0 0 0 0 0 0 0 0
3 0.6273918269 0.2073076923 0.2623317308 0.3547596154 0.7321105769 0.2166923077 2 0.5053557692 0.0510769231 2 0.5425048077 0.3722451923 2 0 0 0 0 0 0 0 0 0
3 0.8262860577 0.2235576923 0.2623317308 0.3547596154 0.9310024038 0.2329447115 2 0.70425 0.0673293269 2 0.7413966346 0.3884975962 2 0 0 0 0 0 0 0 0 0
3 0.6014663462 0.3442788462 0.2414423077 0.2680769231 0.4863028846 0.3807596154 2 0.6701971154 0.2259783654 2 0.6787115385 0.5053557692 1 0 0 0 0 0 0 0 0 0
3 0.6869831731 0.3423557692 0.2592548077 0.2843269231 0.58071875 0.3776634615 2 0.7739014423 0.2128221154 2 0.7731274038 0.5022620192 1 0 0 0 0 0 0 0 0 0
3 0.7736658654 0.3763942308 0.2592548077 0.2843269231 0.6673966346 0.4117139423 2 0.8605769231 0.246875 2 0.8598028846 0.5363125 1 0 0 0 0 0 0 0 0 0
3 0.6310096154 0.1045673077 0.2764423077 0.2091346154 0.5172596154 0.0358509615 2 0 0 0 0.7561009615 0.1934759615 2 0 0 0 0 0 0 0 0 0
3 0.7430889423 0.1189423077 0.2755048077 0.2378846154 0.6287019231 0.0644855769 2 0 0 0 0.8598028846 0.2228822115 2 0 0 0 0 0 0 0 0 0
3 0.8490985577 0.1204927885 0.2755048077 0.2409855769 0.7396298077 0.0647956731 2 0 0 0 0.9658076923 0.2259783654 2 0 0 0 0 0 0 0 0 0
3 0.9043990385 0.0986298077 0.1912019231 0.1972596154 0.8370745192 0.0210721154 2 0 0 0 0 0 0 0 0 0 0 0 0 0 0 0
3 0.8677524038 0.3737740385 0.2592548077 0.2843269231 0.7828293269 0.4093245192 2 0.9793245192 0.2418028846 2 0.9538870192 0.5336802885 1 0 0 0 0 0 0 0 0 0
3 0.9238461538 0.3556009615 0.1523076923 0.2342788462 0.8639567308 0.3661274038 2 0 0 0 0 0 0 0 0 0 0 0 0 0 0 0
3 0.7010216346 0.8444350962 0.2703125 0.3111298077 0.5821153846 0.8249735577 2 0.8249735577 0.6985408654 2 0.7396298077 0.9972379808 2 0 0 0 0 0 0 0 0 0
3 0.7489543269 0.8444350962 0.2703125 0.3111298077 0.6300552885 0.8249735577 2 0.8729110577 0.6985408654 2 0.7875697115 0.9972379808 2 0 0 0 0 0 0 0 0 0
3 0.8453485577 0.8491706731 0.2703125 0.2974278846 0.7264591346 0.8365625 2 0.95140625 0.7064423077 2 0.8744927885 0.9935504808 2 0 0 0 0 0 0 0 0 0
3 0.7992788462 0.8461538462 0.28125 0.3076923077 0.6753605769 0.8339278846 2 0.9124206731 0.7011105769 2 0.8355096154 0.9961201923 2 0 0 0 0 0 0 0 0 0
3 0.8479807692 0.8512860577 0.1765384615 0.2974278846 0.7759807692 0.8386706731 2 0 0 0 0.9240120192 0.99565625 2 0 0 0 0 0 0 0 0 0
3 0.9222836538 0.8362860577 0.1533653846 0.2516105769 0.8618485577 0.8465721154 2 0 0 0 1 0.9787355769 2 0 0 0 0 0 0 0 0 0
3 0.8978365385 0.8521634615 0.2043269231 0.2908653846 0.8139086538 0.8434110577 2 0 0 0 0.9672091346 0.9966466346 2 0 0 0 0 0 0 0 0 0
3 0.9472956731 0.8607692308 0.1054086538 0.1804807692 0.9108413462 0.8470985577 2 0 0 0 0 0 0 0 0 0 0 0 0 0 0 0
