1 0.2530978261 0.7652350427 0.3498913043 0.4326923077 0.2598532609 0.9455128205 2 0.0968097826 0.957534188 2 0.4127065217 0.9334957265 2 0.2510597826 0.5543333333 2 0 0 0 0 0 0
1 0.2861956522 0.7231837607 0.3583695652 0.4153418803 0.285326087 0.5368589744 2 0.1137934783 0.547542735 2 0.4608369565 0.5207264957 2 0.2841304348 0.9255854701 2 0 0 0 0 0 0
1 0.4611413043 0.726517094 0.3040217391 0.4113247863 0.470451087 0.9121282051 2 0.6080163043 0.9067863248 2 0.3129347826 0.926974359 2 0.4628423913 0.526017094 2 0 0 0 0 0 0
1 0.6530434783 0.7231623932 0.3583695652 0.4206837607 0.6691576087 0.909457265 2 0.8237119565 0.8961025641 2 0.4783641304 0.9281923077 2 0.6895380435 0.5248418803 2 0 0 0 0 0 0
1 0.6334782609 0.6911111111 0.2989130435 0.41 0.6419836957 0.5021367521 1 0.7791793478 0.4912777778 1 0.5044184783 0.5141581197 1 0.635201087 0.8909316239 2 0 0 0 0 0 0
1 0.3031521739 0.320534188 0.3481521739 0.4433760684 0.3057065217 0.5141581197 2 0.1358695652 0.5275128205 2 0.4738478261 0.4927905983 2 0.2785326087 0.1028333333 2 0 0 0 0 0 0
1 0.5282065217 0.2751282051 0.3498913043 0.438034188 0.5315923913 0.4674145299 2 0.6963315217 0.4580683761 2 0.3576684783 0.4886025641 2 0.5163043478 0.0654401709 2 0 0 0 0 0 0
1 0.7022554348 0.2517307692 0.3413586957 0.4687606838 0.6929347826 0.0534188034 2 0.8661684783 0.0333888889 2 0.5400815217 0.0694444444 2 0.7099184783 0.4767649573 2 0 0 0 0 0 0
1 0.7371195652 0.2957905983 0.3498913043 0.4607264957 0.7387934783 0.4941239316 2 0.9018369565 0.4847777778 2 0.5706521739 0.5114871795 2 0.7286032609 0.0734529915 2 0 0 0 0 0 0
1 0.3354619565 0.2684188034 0.3244021739 0.4594017094 0.3260869565 0.0614316239 2 0.4857336957 0.0480769231 2 0.1749347826 0.0721153846 2 0.3372826087 0.4923376068 2 0 0 0 0 0 0
