1 0.2924541284 0.2333624454 0.3841743119 0.4339737991 0.291 0.0313886463 2 0.1103807339 0.0368471616 2 0.4730504587 0.025930131 2 0.3038990826 0.4407772926 2 0 0 0 0 0 0
1 0.6823623853 0.2320087336 0.3841743119 0.4339737991 0.6809082569 0.0300218341 2 0.5088899083 0.0300218341 2 0.8629587156 0.0300218341 2 0.6938073394 0.4394104803 2 0 0 0 0 0 0
1 0.2824082569 0.2633842795 0.3841743119 0.442139738 0.2795321101 0.4639737991 2 0.1017798165 0.468069869 2 0.4544174312 0.4612445415 2 0.2651972477 0.0491266376 2 0 0 0 0 0 0
1 0.5002981651 0.2470087336 0.3841743119 0.442139738 0.4974220183 0.4475982533 2 0.3196697248 0.4516943231 2 0.6723073394 0.4448689956 2 0.4873853211 0.0395764192 2 0 0 0 0 0 0
1 0.7210321101 0.2620305677 0.3841743119 0.442139738 0.7181788991 0.4626113537 2 0.5404266055 0.4667030568 2 0.8930642202 0.4598820961 2 0.7110091743 0.0463973799 2 0 0 0 0 0 0
1 0.2852522936 0.7273799127 0.3841743119 0.3466375546 0.2838302752 0.5690524017 2 0.1032110092 0.574510917 2 0.4601513761 0.5676855895 2 0.2895642202 0.8938340611 2 0 0 0 0 0 0
1 0.2594724771 0.7553275109 0.372706422 0.3452401747 0.2637614679 0.91430131 2 0.0888761468 0.9183973799 2 0.432912844 0.9088427948 2 0.2537293578 0.5881572052 2 0 0 0 0 0 0
1 0.6737385321 0.7096069869 0.3841743119 0.3466375546 0.6723073394 0.5554061135 2 0.4916880734 0.556768559 2 0.8486238532 0.5499475983 2 0.6780412844 0.8760917031 2 0 0 0 0 0 0
1 0.7081422018 0.7293886463 0.372706422 0.3452401747 0.7124449541 0.8883755459 2 0.537559633 0.8924672489 2 0.8815963303 0.8829170306 2 0.7052752294 0.5649563319 2 0 0 0 0 0 0
1 0.480206422 0.7293886463 0.372706422 0.3452401747 0.4845183486 0.8883755459 2 0.3096330275 0.8924672489 2 0.6536697248 0.8829170306 2 0.477353211 0.5649563319 2 0 0 0 0 0 0
