1 0.3095486936 0.7882762313 0.3963895487 0.3774089936 0.3117577197 0.9635974304 2 0.1217339667 0.9649357602 2 0.497327791 0.9649357602 2 0.3132422803 0.6062633833 2 0 0 0 0 0 0
1 0.3533372922 0.7595074946 0.4008313539 0.3894646681 0.3637173397 0.5821734475 2 0.169239905 0.5835117773 2 0.5507719715 0.5861884368 2 0.3510356295 0.9493190578 2 0 0 0 0 0 0
1 0.5604275534 0.7661991435 0.3904513064 0.3707280514 0.5581947743 0.9395074946 2 0.3726247031 0.9421841542 2 0.7407957245 0.9395074946 2 0.5656175772 0.5835117773 2 0 0 0 0 0 0
1 0.7987054632 0.7922912206 0.3889548694 0.369379015 0.7957244656 0.9635974304 2 0.6071852732 0.9635974304 2 0.984263658 0.9649357602 2 0.8105700713 0.6116167024 2 0 0 0 0 0 0
1 0.7764251781 0.7628586724 0.3948931116 0.3881156317 0.7719714964 0.5808351178 2 0.9605106888 0.5888650964 2 0.5864014252 0.5821734475 2 0.7586104513 0.9395074946 2 0 0 0 0 0 0
1 0.2597980998 0.39748394 0.2583135392 0.2489293362 0.2597980998 0.5125802998 2 0.1306413302 0.5125802998 2 0.3770783848 0.5125802998 2 0.2583230404 0.2761563169 2 0 0 0 0 0 0
1 0.2798456057 0.3767558887 0.2627790974 0.242248394 0.2795985748 0.2621905782 2 0.1550190024 0.2626124197 2 0.4008978622 0.2647237687 2 0.2783396675 0.4948051392 2 0 0 0 0 0 0
1 0.4123752969 0.3882119914 0.2449406176 0.2368522484 0.4126057007 0.4990471092 2 0.2917743468 0.4990471092 2 0.5315629454 0.4994689507 2 0.4109714964 0.2727751606 2 0 0 0 0 0 0
1 0.5598931116 0.3974625268 0.256175772 0.2521413276 0.5606009501 0.5141627409 2 0.4346175772 0.5141627409 2 0.6809619952 0.5141627409 2 0.5634109264 0.2751948608 2 0 0 0 0 0 0
1 0.5427909739 0.3828586724 0.2491448931 0.2398072805 0.5432707838 0.2680171306 2 0.4213657957 0.2659721627 2 0.659888361 0.2692826552 2 0.5442090261 0.501496788 2 0 0 0 0 0 0
