1 0.2532578125 0.259109375 0.438796875 0.40625 0.2513015625 0.0690109375 2 0.0416671875 0.0690109375 2 0.4622390625 0.0690109375 2 0.2682296875 0.4518234375 2 0 0 0 0 0 0
1 0.2942734375 0.2845078125 0.434890625 0.412765625 0.2981765625 0.4674484375 2 0.0859375 0.47265625 2 0.5013015625 0.4674484375 2 0.2838546875 0.08203125 2 0 0 0 0 0 0
1 0.5104140625 0.2734296875 0.432296875 0.388015625 0.5052078125 0.0872390625 2 0.3020828125 0.08984375 2 0.7122390625 0.08984375 2 0.5247390625 0.4635421875 2 0 0 0 0 0 0
1 0.7643203125 0.25 0.427078125 0.3984375 0.76171875 0.0677078125 2 0.5611984375 0.06640625 2 0.96875 0.0638015625 2 0.7864578125 0.4401046875 2 0 0 0 0 0 0
1 0.759109375 0.2740859375 0.4375 0.407546875 0.75390625 0.4661453125 2 0.9674484375 0.4622390625 2 0.546875 0.4661453125 2 0.7291671875 0.0755203125 2 0 0 0 0 0 0
1 0.217453125 0.7428359375 0.4296875 0.412765625 0.22265625 0.5546875 2 0.01171875 0.5572921875 2 0.4270828125 0.546875 2 0.25 0.9388015625 2 0 0 0 0 0 0
1 0.2799453125 0.770828125 0.434890625 0.4140625 0.2799484375 0.9596359375 2 0.0690109375 0.9661453125 2 0.4908859375 0.9583328125 2 0.2565109375 0.5677078125 2 0 0 0 0 0 0
1 0.4889375 0.759765625 0.42578125 0.40234375 0.48828125 0.5716140625 2 0.6953125 0.5716140625 2 0.2825515625 0.5716140625 2 0.5169265625 0.9583328125 2 0 0 0 0 0 0
1 0.75065625 0.72721875 0.43359375 0.40234375 0.7408859375 0.54296875 2 0.5390625 0.5481765625 2 0.9557296875 0.5390625 2 0.78125 0.9231765625 2 0 0 0 0 0 0
1 0.7486953125 0.7662734375 0.440109375 0.391921875 0.7473953125 0.9453125 2 0.9544265625 0.9427078125 2 0.5364578125 0.9518234375 2 0.71484375 0.5716140625 2 0 0 0 0 0 0
