3 0.1302163462 0.215 0.2043269231 0.2029807692 0.1241995192 0.2951394231 2 0.0320504808 0.1442307692 2 0.2123389423 0.1322115385 2 0 0 0 0 0 0 0 0 0
3 0.1428846154 0.2871274038 0.2029807692 0.2190144231 0.1375528846 0.3752668269 2 0.04540625 0.2243581731 2 0.2310360577 0.1976490385 2 0 0 0 0 0 0 0 0 0
3 0.1415625 0.3686057692 0.2270192308 0.2056730769 0.1415600962 0.4500528846 2 0.0494134615 0.2991442308 2 0.2270288462 0.2897980769 2 0 0 0 0 0 0 0 0 0
3 0.1388942308 0.4500480769 0.2270192308 0.2056730769 0.1388894231 0.5315168269 2 0.0467427885 0.3806081731 2 0.2243581731 0.3712620192 2 0 0 0 0 0 0 0 0 0
3 0.1442307692 0.5328605769 0.2270192308 0.2056730769 0.1442307692 0.6143149038 2 0.0440697115 0.4447115385 2 0.2296995192 0.4540600962 2 0 0 0 0 0 0 0 0 0
3 0.1509134615 0.6116586538 0.2270192308 0.2056730769 0.1509086538 0.6931081731 2 0.0507475962 0.5235048077 2 0.2363774038 0.5328533654 2 0 0 0 0 0 0 0 0 0
3 0.1535817308 0.7011298077 0.2270192308 0.2056730769 0.1522427885 0.7839206731 2 0.0534182692 0.6129807692 2 0.2417211538 0.6290072115 2 0 0 0 0 0 0 0 0 0
3 0.1749519231 0.8026201923 0.2270192308 0.2056730769 0.1736105769 0.8854158654 2 0.0747860577 0.7144759615 2 0.2630889423 0.7305024038 2 0 0 0 0 0 0 0 0 0
3 0.1716105769 0.9011778846 0.215 0.1976442308 0.2003197115 0.9922548077 2 0.0761225962 0.8480240385 2 0.26709375 0.8170408654 2 0 0 0 0 0 0 0 0 0
3 0.3759495192 0.1014903846 0.2443990385 0.2029807692 0.3739326923 0.1909711538 2 0.2604158654 0.02003125 2 0.4807692308 0.0080120192 2 0 0 0 0 0 0 0 0 0
3 0.3806129808 0.1769471154 0.2483894231 0.2337019231 0.3766033654 0.2817836538 2 0.2630865385 0.11084375 2 0.4927884615 0.0801274038 2 0 0 0 0 0 0 0 0 0
3 0.3819350962 0.2690865385 0.2483894231 0.2337019231 0.3779375 0.3739302885 2 0.2644230769 0.2029903846 2 0.494125 0.1722764423 2 0 0 0 0 0 0 0 0 0
3 0.3812740385 0.3725841346 0.2630769231 0.2243509615 0.3819447115 0.4607379808 2 0.2684302885 0.2897956731 2 0.5008004808 0.2697644231 2 0 0 0 0 0 0 0 0 0
3 0.3919471154 0.4807572115 0.2630769231 0.2243509615 0.3926274038 0.5689110577 2 0.2791129808 0.39796875 2 0.5114855769 0.3779375 2 0 0 0 0 0 0 0 0 0
3 0.390625 0.5635697115 0.2630769231 0.2243509615 0.3912932692 0.6517091346 2 0.2777764423 0.4807692308 2 0.5101490385 0.4607379808 2 0 0 0 0 0 0 0 0 0
3 0.4079807692 0.6784254808 0.2630769231 0.2243509615 0.4086538462 0.7665600962 2 0.2831201923 0.5769230769 2 0.5275096154 0.5755865385 2 0 0 0 0 0 0 0 0 0
3 0.4320192308 0.7946033654 0.2630769231 0.2243509615 0.4326923077 0.8827451923 2 0.3071586538 0.6931081731 2 0.5515480769 0.6917740385 2 0 0 0 0 0 0 0 0 0
3 0.4587379808 0.8971634615 0.2844471154 0.2056730769 0.4700865385 0.9946586538 2 0.3338677885 0.8159711538 2 0.5889423077 0.8036850962 2 0 0 0 0 0 0 0 0 0
3 0.7138100962 0.126875 0.3218509615 0.25375 0.7184831731 0.2297019231 2 0.5662403846 0.0307163462 2 0.8627139423 0.0093485577 2 0 0 0 0 0 0 0 0 0
3 0.7298317308 0.2243629808 0.3432211538 0.2804567308 0.7238245192 0.3405456731 2 0.5715817308 0.1415600962 2 0.8907596154 0.1028317308 2 0 0 0 0 0 0 0 0 0
3 0.7325 0.3298557692 0.3432211538 0.2644230769 0.7264951923 0.4313581731 2 0.5742524038 0.2323725962 2 0.8880865385 0.2123389423 2 0 0 0 0 0 0 0 0 0
3 0.6951201923 0.4727524038 0.3298557692 0.2483894231 0.6957788462 0.5662403846 2 0.5435360577 0.3672548077 2 0.8466875 0.3659182692 2 0 0 0 0 0 0 0 0 0
3 0.7017788462 0.5902764423 0.3298557692 0.2483894231 0.7024567308 0.6837620192 2 0.5502139423 0.4847764423 2 0.8533653846 0.4834399038 2 0 0 0 0 0 0 0 0 0
3 0.7124759615 0.6917668269 0.3298557692 0.2483894231 0.7131418269 0.7852572115 2 0.5608966346 0.5862716346 2 0.8547019231 0.5902788462 2 0 0 0 0 0 0 0 0 0
3 0.7258173077 0.8052764423 0.3298557692 0.2483894231 0.7398509615 0.9107908654 2 0.5689110577 0.7144759615 2 0.8680552885 0.7037932692 2 0 0 0 0 0 0 0 0 0
3 0.8629807692 0.1370192308 0.2740384615 0.2740384615 0.8961009615 0.0227019231 2 0.7438557692 0.2524038462 2 0 0 0 0 0 0 0 0 0 0 0 0
3 0.8804807692 0.2891346154 0.2390384615 0.2764423077 0.9308221154 0.1736105769 2 0.7785793269 0.4033125 1 0 0 0 0 0 0 0 0 0 0 0 0
3 0.8689903846 0.4050480769 0.2620192308 0.2764423077 0.9094543269 0.2897956731 2 0.7438557692 0.51415625 1 0 0 0 0 0 0 0 0 0 0 0 0
3 0.8664543269 0.4987980769 0.2670913462 0.2764423077 0.9027764423 0.3832788462 2 0.7371802885 0.6076394231 1 0 0 0 0 0 0 0 0 0 0 0 0
3 0.8822115385 0.5384615385 0.2355769231 0.2115384615 0.91746875 0.4553942308 2 0.7905985577 0.6169879808 2 1 0.5502139423 2 0 0 0 0 0 0 0 0 0
3 0.8971634615 0.6169831731 0.2056730769 0.2083413462 0.9401706731 0.5422019231 2 0.8173076923 0.7051274038 2 1 0.6116466346 2 0 0 0 0 0 0 0 0 0
3 0.6494471154 0.0881370192 0.2577403846 0.1762740385 0.6463677885 0.0026706731 2 0.5502139423 0.1455673077 1 0.7532043269 0.1388894231 2 0 0 0 0 0 0 0 0 0
