1 0.1873391304 0.4000251256 0.3426782609 0.4096649916 0.1880017391 0.206758794 2 0.024 0.2080435511 2 0.3440052174 0.2080435511 2 0.2026695652 0.5881708543 2 0 0 0 0 0 0
1 0.5273391304 0.3987520938 0.3426782609 0.4096649916 0.5280069565 0.2054740369 2 0.3640052174 0.206758794 2 0.6840086957 0.206758794 2 0.5426730435 0.5868860972 2 0 0 0 0 0 0
1 0.374 0.3993969849 0.3426782609 0.4032495812 0.3746713043 0.5894539363 2 0.2106695652 0.5881708543 2 0.5306730435 0.5881708543 2 0.3600052174 0.2144639866 2 0 0 0 0 0 0
1 0.19 0.4148073702 0.3426782609 0.4032495812 0.1906695652 0.6048643216 2 0.0386678261 0.6061490787 2 0.3466713043 0.6035812395 2 0.1653356522 0.2298743719 2 0 0 0 0 0 0
1 0.5686782609 0.416080402 0.3426782609 0.4032495812 0.5693408696 0.6061490787 2 0.4173391304 0.6074338358 2 0.7253426087 0.6048643216 2 0.5506730435 0.2273065327 2 0 0 0 0 0 0
1 0.4080173913 0.8186934673 0.2986782609 0.2915242881 0.4106713043 0.9528877722 2 0.2746695652 0.9541708543 2 0.5440069565 0.950318258 2 0.3920052174 0.6844857621 2 0 0 0 0 0 0
1 0.7560173913 0.8122613065 0.2986782609 0.2915242881 0.7586765217 0.9464656616 2 0.6226747826 0.9477504188 2 0.8920104348 0.9438978224 2 0.7373426087 0.6844857621 2 0 0 0 0 0 0
1 0.5760173913 0.8058458961 0.2986782609 0.2915242881 0.5786747826 0.9400452261 2 0.4426713043 0.9413299832 2 0.7120086957 0.9374773869 2 0.5626730435 0.6780653266 2 0 0 0 0 0 0
1 0.4133391304 0.8032830821 0.2986782609 0.2915242881 0.4160052174 0.6690753769 2 0.2800034783 0.6677922948 2 0.5493408696 0.6716448911 2 0.4306713043 0.938760469 2 0 0 0 0 0 0
1 0.7093391304 0.8058458961 0.2986782609 0.2915242881 0.7120086957 0.6716448911 2 0.5760069565 0.670360134 2 0.8466765217 0.670360134 2 0.7280086957 0.9297721943 2 0 0 0 0 0 0
