3 0.1855528846 0.7555048077 0.3711057692 0.4889903846 0 0.8831995192 2 0.3258581731 0.5158918269 2 0.1319375 0.9965336538 2 0 0 0 0 0 0 0 0 0
3 0.2579326923 0.7548197115 0.3820192308 0.4903605769 0.1133485577 0.8668149038 2 0.4460336538 0.5295456731 2 0.2739639423 1 2 0 0 0 0 0 0 0 0 0
3 0.3173076923 0.7884615385 0.2596153846 0.4230769231 0.2362548077 0.8436009615 2 0.4460336538 0.6442451923 2 0.4296442308 1 2 0 0 0 0 0 0 0 0 0
3 0.3815264423 0.8353725962 0.1375721154 0.2855528846 0.3591610577 0.8436009615 2 0.4501298077 0.7521153846 2 0.4473990385 0.9146057692 2 0 0 0 0 0 0 0 0 0
3 0.7965985577 0.6269831731 0.4068028846 0.2311298077 0.8994230769 0.5254495192 2 0 0 0 0.6044447115 0.6701875 2 0 0 0 0 0 0 0 0 0
3 0.7853125 0.6897956731 0.4245673077 0.2283894231 0.8857644231 0.5991850962 2 1 0.7794254808 2 0.6003485577 0.7589423077 2 0 0 0 0 0 0 0 0 0
3 0.8749759615 0.39359375 0.1941826923 0.2309375 0.7929038462 0.4312331731 2 0.9696153846 0.2814278846 2 0.8939591346 0.5036033654 2 0 0 0 0 0 0 0 0 0
3 0.8340144231 0.3922235577 0.1941826923 0.2309375 0.7519350962 0.4298677885 2 0.9286466346 0.2800625 2 0.8529903846 0.5022355769 2 0 0 0 0 0 0 0 0 0
3 0.7984855769 0.3915504808 0.1941826923 0.2377644231 0.7164278846 0.4257716346 2 0.8884975962 0.2851298077 2 0.8147524038 0.5022355769 2 0 0 0 0 0 0 0 0 0
3 0.7609495192 0.3956370192 0.2092067308 0.2350240385 0.6713605769 0.4285024038 2 0.8529903846 0.2878605769 2 0.7669567308 0.5063341346 2 0 0 0 0 0 0 0 0 0
3 0.7199639423 0.3908653846 0.2092067308 0.2391346154 0.6303918269 0.4216754808 2 0.8174831731 0.2933221154 2 0.7246201923 0.5076995192 2 0 0 0 0 0 0 0 0 0
3 0.6776322115 0.3867788462 0.2092067308 0.2391346154 0.5880576923 0.4175793269 2 0.7806129808 0.2946875 2 0.6822860577 0.5036033654 2 0 0 0 0 0 0 0 0 0
3 0.6387139423 0.3922355769 0.2324278846 0.2391346154 0.5416274038 0.4189447115 2 0.7300841346 0.3001490385 2 0.6317596154 0.5090649038 2 0 0 0 0 0 0 0 0 0
3 0.5950120192 0.3867788462 0.2324278846 0.2391346154 0.4979254808 0.4134831731 2 0.7068677885 0.2905913462 2 0.5880576923 0.5036033654 2 0 0 0 0 0 0 0 0 0
3 0.5595072115 0.3874519231 0.2187740385 0.2459615385 0.4555913462 0.4107524038 2 0.6686298077 0.2892259615 2 0.5484543269 0.5063341346 2 0 0 0 0 0 0 0 0 0
3 0.5397235577 0.3833653846 0.1818990385 0.2459615385 0.4105264423 0.4039230769 1 0.6303918269 0.2851298077 2 0.5102163462 0.5022355769 2 0 0 0 0 0 0 0 0 0
3 0.8653846154 0.1310096154 0.2019230769 0.2620192308 0.7807067308 0.1134350962 2 0.9581274038 0.2543413462 2 0.9236586538 0 2 0 0 0 0 0 0 0 0 0
3 0.828125 0.1346153846 0.1995192308 0.2692307692 0.7421826923 0.1144495192 2 0.9206153846 0.2583942308 2 0.8891875 0 2 0 0 0 0 0 0 0 0 0
3 0.7764423077 0.1322115385 0.2067307692 0.2644230769 0.6996009615 0.1032980769 2 0.8648557692 0.2583942308 2 0.8476201923 0 2 0 0 0 0 0 0 0 0 0
3 0.7764423077 0.1322115385 0.2067307692 0.2644230769 0.6996009615 0.1032980769 2 0.8648557692 0.2583942308 2 0.8476201923 0 2 0 0 0 0 0 0 0 0 0
3 0.7283653846 0.1322115385 0.1875 0.2644230769 0.6539783654 0.1002572115 2 0.8121370192 0.2523125 2 0.8131490385 0 2 0 0 0 0 0 0 0 0 0
3 0.6875 0.1322115385 0.1875 0.2644230769 0.6164663462 0.0850504808 2 0.7685408654 0.2533269231 2 0.7725961538 0 2 0 0 0 0 0 0 0 0 0
3 0.6459014423 0.1282331731 0.1866105769 0.2564663462 0.5769254808 0.0739014423 2 0.7208918269 0.2421754808 2 0.7300144231 0 2 0 0 0 0 0 0 0 0 0
3 0.6007932692 0.1282331731 0.1673557692 0.2564663462 0.5333317308 0.0637644231 2 0.6722259615 0.2391346154 2 0.6752692308 0 2 0 0 0 0 0 0 0 0 0
3 0.5600961538 0.1189903846 0.1634615385 0.2379807692 0.4948052885 0.0445024038 2 0.6225480769 0.2178461538 2 0.6124110577 0 2 0 0 0 0 0 0 0 0 0
3 0.5237259615 0.1104927885 0.1450480769 0.2209855769 0.4552668269 0.0343653846 2 0.5759134615 0.2016274038 2 0.5363725962 0 2 0 0 0 0 0 0 0 0 0
3 0.3017548077 0.1956730769 0.22875 0.3263942308 0.3958509615 0.2027548077 2 0.1920697115 0.0446177885 2 0.2153894231 0.3446730769 2 0 0 0 0 0 0 0 0 0
3 0.2496995192 0.3528125 0.2389663462 0.3060576923 0.15253125 0.3700168269 2 0.3390769231 0.2128918269 2 0.3583389423 0.4947019231 2 0 0 0 0 0 0 0 0 0
3 0.1554206731 0.3224038462 0.2389663462 0.3060576923 0.0785216346 0.3365649038 2 0.2549278846 0.1824807692 2 0.2701346154 0.4622644231 2 0 0 0 0 0 0 0 0 0
3 0.1012379808 0.3264663462 0.2024759615 0.3060576923 0 0 0 0.1642403846 0.1865360577 2 0.1890288462 0.4663173077 2 0 0 0 0 0 0 0 0 0
3 0.1177884615 0.1814903846 0.2355769231 0.3245192308 0.2174158654 0.1895769231 2 0.0065384615 0.0344807692 2 0.0369543269 0.3314951923 2 0 0 0 0 0 0 0 0 0
3 0.3394230769 0.3497836538 0.2217307692 0.3060576923 0.2508725962 0.3669759615 2 0.4374182692 0.2098509615 2 0.4465432692 0.4855793269 2 0 0 0 0 0 0 0 0 0
3 0.0712860577 0.1951682692 0.1425721154 0.2219711538 0.1222860577 0.1905913462 2 0 0.1023966346 2 0 0.2858798077 2 0 0 0 0 0 0 0 0 0
