0 0.2266458333 0.5609814815 0.0331458333 0.0324444444 0.211815625 0.5487277778 2 0.2119395833 0.5738907407 2 0.2418614583 0.5743314815 2 0.2417375 0.5478444444 2 0 0 0 0 0 0
0 0.2266875 0.5258888889 0.0331458333 0.0324444444 0.2118541667 0.5136314815 2 0.211978125 0.5387944444 2 0.2419010417 0.539237037 2 0.2417760417 0.5127481481 2 0 0 0 0 0 0
0 0.2308020833 0.5228518519 0.0331458333 0.0324444444 0.2159708333 0.5351018519 2 0.2160947917 0.5099388889 2 0.2460166667 0.5094981481 2 0.2458927083 0.5359851852 2 0 0 0 0 0 0
0 0.2584583333 0.5244074074 0.0331458333 0.0324444444 0.243625 0.51215 2 0.2437489583 0.537312963 2 0.273671875 0.5377555556 2 0.273546875 0.5112666667 2 0 0 0 0 0 0
0 0.2628854167 0.5222962963 0.0331458333 0.0324444444 0.2480541667 0.5345462963 2 0.248178125 0.5093833333 2 0.2781 0.5089425926 2 0.2779760417 0.5354296296 2 0 0 0 0 0 0
0 0.2899166667 0.5231111111 0.0331458333 0.0324444444 0.2750833333 0.5108537037 2 0.2752072917 0.5360166667 2 0.3051302083 0.5364592593 2 0.3050052083 0.5099703704 2 0 0 0 0 0 0
0 0.29465625 0.5198888889 0.0331458333 0.0324444444 0.279825 0.5321388889 2 0.2799489583 0.5069759259 2 0.3098708333 0.5065351852 2 0.309746875 0.5330222222 2 0 0 0 0 0 0
0 0.2319479167 0.5565555556 0.0331458333 0.0324444444 0.2171166667 0.5688055556 2 0.217240625 0.5436425926 2 0.2471625 0.5432018519 2 0.2470385417 0.5696888889 2 0 0 0 0 0 0
0 0.2596666667 0.5578333333 0.0331458333 0.0324444444 0.2448364583 0.5455796296 2 0.2449604167 0.5707425926 2 0.2748822917 0.5711833333 2 0.2747583333 0.5446962963 2 0 0 0 0 0 0
0 0.2647604167 0.5532222222 0.0331458333 0.0324444444 0.2499291667 0.5654722222 2 0.250053125 0.5403092593 2 0.279975 0.5398685185 2 0.2798510417 0.5663555556 2 0 0 0 0 0 0
0 0.2931041667 0.5561666667 0.0331458333 0.0324444444 0.2782739583 0.543912963 2 0.2783979167 0.5690759259 2 0.3083197917 0.5695166667 2 0.3081958333 0.5430296296 2 0 0 0 0 0 0
0 0.2991354167 0.5534074074 0.0331458333 0.0324444444 0.2843041667 0.5656574074 2 0.284428125 0.5404944444 2 0.31435 0.5400537037 2 0.3142260417 0.5665407407 2 0 0 0 0 0 0
0 0.2385104167 0.5887777778 0.0331458333 0.0324444444 0.2236791667 0.6010277778 2 0.223803125 0.5758648148 2 0.253725 0.5754240741 2 0.2536010417 0.6019111111 2 0 0 0 0 0 0
0 0.2321666667 0.5930185185 0.0331458333 0.0324444444 0.2173364583 0.5807648148 2 0.2174604167 0.6059277778 2 0.2473822917 0.6063685185 2 0.2472583333 0.5798814815 2 0 0 0 0 0 0
0 0.2659166667 0.591537037 0.0331458333 0.0324444444 0.2510864583 0.5792833333 2 0.2512104167 0.6044462963 2 0.2811322917 0.604887037 2 0.2810083333 0.5784 2 0 0 0 0 0 0
0 0.2983125 0.5887592593 0.0331458333 0.0294814815 0.2836458333 0.5775925926 2 0.28360625 0.6016685185 2 0.313528125 0.6021092593 2 0.3135416667 0.5766666667 2 0 0 0 0 0 0
0 0.2723645833 0.5863703704 0.0331458333 0.0324444444 0.2575333333 0.5986203704 2 0.2576572917 0.5734574074 2 0.2875791667 0.5730166667 2 0.2874552083 0.5995037037 2 0 0 0 0 0 0
0 0.3048645833 0.5841481481 0.0331458333 0.0324444444 0.2900333333 0.5963981481 2 0.2901572917 0.5712351852 2 0.3200791667 0.5707944444 2 0.3199552083 0.5972814815 2 0 0 0 0 0 0
0 0.24278125 0.6208148148 0.0331458333 0.0324444444 0.22795 0.6330648148 2 0.2280739583 0.6079018519 2 0.2579958333 0.6074611111 2 0.2582291667 0.6331481481 2 0 0 0 0 0 0
0 0.2748645833 0.6198888889 0.0331458333 0.0324444444 0.2600333333 0.6321388889 2 0.2601572917 0.6069759259 2 0.2900791667 0.6065351852 2 0.2903125 0.6322222222 2 0 0 0 0 0 0
0 0.30778125 0.616 0.0331458333 0.0324444444 0.29295 0.62825 2 0.2930739583 0.603087037 2 0.3229958333 0.6026462963 2 0.3232291667 0.6283333333 2 0 0 0 0 0 0
0 0.2356041667 0.6248703704 0.0331458333 0.030962963 0.2207739583 0.6133574074 2 0.2208979167 0.6385203704 2 0.2508333333 0.6368518519 2 0.2506958333 0.6124740741 2 0 0 0 0 0 0
0 0.26925 0.6219074074 0.0331458333 0.030962963 0.2544197917 0.6103944444 2 0.25454375 0.6355574074 2 0.2844791667 0.6338888889 2 0.2843416667 0.6095111111 2 0 0 0 0 0 0
0 0.3025833333 0.6198703704 0.0331458333 0.030962963 0.287753125 0.6083574074 2 0.2878770833 0.6335203704 2 0.3178125 0.6318518519 2 0.317675 0.6074740741 2 0 0 0 0 0 0
0 0.3094479167 0.6474814815 0.0331458333 0.0324444444 0.2946166667 0.6597314815 2 0.294740625 0.6345685185 2 0.3246625 0.6341277778 2 0.3248958333 0.6598148148 2 0 0 0 0 0 0
0 0.2767395833 0.6504444444 0.0331458333 0.0324444444 0.2619083333 0.6626944444 2 0.2620322917 0.6375314815 2 0.2919541667 0.6370907407 2 0.2921875 0.6627777778 2 0 0 0 0 0 0
0 0.2453854167 0.6522962963 0.0331458333 0.0324444444 0.2305541667 0.6645462963 2 0.230678125 0.6393833333 2 0.2606 0.6389425926 2 0.2608333333 0.6646296296 2 0 0 0 0 0 0
0 0.2359166667 0.6576481481 0.0331458333 0.030962963 0.2210864583 0.6461351852 2 0.2212104167 0.6712981481 2 0.2511458333 0.6696296296 2 0.2510083333 0.6452518519 2 0 0 0 0 0 0
0 0.2709166667 0.6550555556 0.0331458333 0.030962963 0.2560864583 0.6435425926 2 0.2562104167 0.6687055556 2 0.2861458333 0.667037037 2 0.2860083333 0.6426592593 2 0 0 0 0 0 0
0 0.3033125 0.6517222222 0.0331458333 0.030962963 0.2884822917 0.6402092593 2 0.28860625 0.6653722222 2 0.3185416667 0.6637037037 2 0.3184041667 0.6393259259 2 0 0 0 0 0 0
0 0.3888333333 0.6452407407 0.0331458333 0.030962963 0.374003125 0.6337277778 2 0.3741270833 0.6588907407 2 0.4035416667 0.6590740741 2 0.4034375 0.6327777778 2 0 0 0 0 0 0
0 0.41971875 0.6433888889 0.032 0.030962963 0.405625 0.6322222222 2 0.405625 0.6564814815 2 0.434375 0.6568518519 2 0.434375 0.6309259259 2 0 0 0 0 0 0
0 0.4514375 0.6420925926 0.0318958333 0.030962963 0.4366666667 0.6298148148 2 0.4366666667 0.6557407407 2 0.4659375 0.6553703704 2 0.4659041667 0.6296962963 2 0 0 0 0 0 0
0 0.4558125 0.6400555556 0.0318958333 0.030962963 0.4410416667 0.6523259259 2 0.4410416667 0.6264 2 0.4703125 0.6267703704 2 0.4702791667 0.6524444444 2 0 0 0 0 0 0
0 0.4245625 0.641537037 0.0318958333 0.030962963 0.4097916667 0.6538074074 2 0.4097916667 0.6278814815 2 0.4390625 0.6282518519 2 0.4390291667 0.6539259259 2 0 0 0 0 0 0
0 0.3937291667 0.6437592593 0.0318958333 0.030962963 0.3789583333 0.6560296296 2 0.3789583333 0.6301037037 2 0.4082291667 0.6304740741 2 0.4081958333 0.6561481481 2 0 0 0 0 0 0
0 0.3891458333 0.6133888889 0.0331458333 0.030962963 0.374315625 0.6018759259 2 0.3744395833 0.6270388889 2 0.4038541667 0.6272222222 2 0.40375 0.6009259259 2 0 0 0 0 0 0
0 0.3934166667 0.6111666667 0.0314791667 0.030962963 0.3791666667 0.6231481481 2 0.3792708333 0.597962963 2 0.4077083333 0.5978814815 2 0.407675 0.6235555556 2 0 0 0 0 0 0
0 0.4202916667 0.6120925926 0.0331458333 0.030962963 0.4054614583 0.6005796296 2 0.4055854167 0.6257425926 2 0.435 0.6259259259 2 0.4348958333 0.5996296296 2 0 0 0 0 0 0
0 0.4512291667 0.6106111111 0.0331458333 0.030962963 0.4363989583 0.5990981481 2 0.4365229167 0.6242611111 2 0.4659375 0.6244444444 2 0.4658333333 0.5981481481 2 0 0 0 0 0 0
0 0.4246666667 0.6102407407 0.0318958333 0.030962963 0.4098958333 0.6225111111 2 0.4098958333 0.5965851852 2 0.4391666667 0.5969555556 2 0.4391333333 0.6226296296 2 0 0 0 0 0 0
0 0.4558125 0.6082037037 0.0312708333 0.030962963 0.4416666667 0.6207407407 2 0.4416666667 0.595 2 0.47 0.5949185185 2 0.4699666667 0.6205925926 2 0 0 0 0 0 0
0 0.3901875 0.5804259259 0.0331458333 0.030962963 0.3753572917 0.568912963 2 0.37548125 0.5940759259 2 0.4048958333 0.5942592593 2 0.4047916667 0.567962963 2 0 0 0 0 0 0
0 0.4209166667 0.5804259259 0.0331458333 0.030962963 0.4060864583 0.568912963 2 0.4062104167 0.5940759259 2 0.435625 0.5942592593 2 0.4355208333 0.567962963 2 0 0 0 0 0 0
0 0.4522708333 0.5783888889 0.0331458333 0.030962963 0.437440625 0.5668759259 2 0.4375645833 0.5920388889 2 0.4669791667 0.5922222222 2 0.466875 0.5659259259 2 0 0 0 0 0 0
0 0.3943541667 0.5791296296 0.0314791667 0.030962963 0.3801041667 0.5911111111 2 0.3802083333 0.5659259259 2 0.4086458333 0.5658444444 2 0.4086125 0.5915185185 2 0 0 0 0 0 0
0 0.4252916667 0.5785740741 0.0314791667 0.030962963 0.4110416667 0.5905555556 2 0.4111458333 0.5653703704 2 0.4395833333 0.5652888889 2 0.43955 0.590962963 2 0 0 0 0 0 0
0 0.4566458333 0.577462963 0.0314791667 0.030962963 0.4423958333 0.5894444444 2 0.4425 0.5642592593 2 0.4709375 0.5641777778 2 0.4709041667 0.5898518519 2 0 0 0 0 0 0
0 0.3931979167 0.5490740741 0.0331458333 0.030962963 0.3783645833 0.5375574074 2 0.3784885417 0.5627203704 2 0.4079041667 0.5629037037 2 0.4078 0.5366074074 2 0 0 0 0 0 0
0 0.4245052083 0.5485740741 0.0320520833 0.030962963 0.410221875 0.5370703704 2 0.410346875 0.5622333333 2 0.4387552083 0.5619759259 2 0.4390291667 0.5352388889 2 0 0 0 0 0 0
0 0.4544583333 0.5480925926 0.0309583333 0.030962963 0.4407125 0.5365833333 2 0.4408364583 0.5617481481 2 0.4685614583 0.5617333333 2 0.4686989583 0.5357240741 2 0 0 0 0 0 0
0 0.4585625 0.5450185185 0.0314791667 0.0292962963 0.4443104167 0.5578444444 2 0.4444145833 0.5326611111 2 0.4728520833 0.5325777778 2 0.47281875 0.5582537037 2 0 0 0 0 0 0
0 0.4279375 0.5463518519 0.0314791667 0.030962963 0.4136833333 0.5583314815 2 0.4137875 0.5331462963 2 0.442225 0.5330648148 2 0.4421916667 0.5587388889 2 0 0 0 0 0 0
0 0.3974479167 0.5465925926 0.0314791667 0.030962963 0.3831927083 0.5585740741 2 0.3832979167 0.5333888889 2 0.411734375 0.5333074074 2 0.4117010417 0.5589814815 2 0 0 0 0 0 0
0 0.4544583333 0.5160555556 0.0309583333 0.030962963 0.4407125 0.5045462963 2 0.4408364583 0.5297092593 2 0.4685614583 0.5296962963 2 0.4686989583 0.503687037 2 0 0 0 0 0 0
0 0.4240416667 0.5167962963 0.0309583333 0.030962963 0.4102958333 0.5052888889 2 0.4104197917 0.53045 2 0.4381447917 0.530437037 2 0.4382822917 0.5044277778 2 0 0 0 0 0 0
0 0.3932083333 0.5166111111 0.032625 0.030962963 0.3789583333 0.505 2 0.3791666667 0.5305555556 2 0.4081447917 0.5302518519 2 0.4082822917 0.5042425926 2 0 0 0 0 0 0
0 0.4591875 0.5133518519 0.0314791667 0.0292962963 0.4449354167 0.5261796296 2 0.4450395833 0.5009925926 2 0.4734770833 0.500912963 2 0.47344375 0.5265851852 2 0 0 0 0 0 0
0 0.4286666667 0.5139074074 0.0314791667 0.0292962963 0.4144145833 0.5267351852 2 0.41451875 0.50155 2 0.44295625 0.5014685185 2 0.4429229167 0.5271407407 2 0 0 0 0 0 0
0 0.3986666667 0.5150185185 0.0314791667 0.0292962963 0.3844145833 0.5278444444 2 0.38451875 0.5026611111 2 0.41295625 0.5025777778 2 0.4129229167 0.5282537037 2 0 0 0 0 0 0
0 0.5022708333 0.6406111111 0.0318958333 0.030962963 0.4875 0.6283333333 2 0.4875 0.6542592593 2 0.5157291667 0.6531481481 2 0.5157291667 0.6275925926 2 0 0 0 0 0 0
0 0.4971666667 0.6389444444 0.0318958333 0.0291111111 0.4823958333 0.6521407407 2 0.4823958333 0.6262148148 2 0.5116666667 0.6265851852 2 0.5116666667 0.6507407407 2 0 0 0 0 0 0
0 0.5310729167 0.6382037037 0.0297083333 0.030962963 0.5173958333 0.6259259259 2 0.5173958333 0.6518518519 2 0.545 0.6509259259 2 0.5447916667 0.6264814815 2 0 0 0 0 0 0
0 0.5266458333 0.6369074074 0.0285625 0.0291111111 0.5135416667 0.6501037037 2 0.5135416667 0.6241777778 2 0.5397916667 0.6246296296 2 0.5402083333 0.6475925926 2 0 0 0 0 0 0
0 0.5559166667 0.6344074074 0.0298125 0.0311481481 0.5421875 0.6486222222 2 0.5421875 0.6212962963 2 0.5696875 0.6214814815 2 0.57 0.6468518519 2 0 0 0 0 0 0
0 0.5602395833 0.6358888889 0.0297083333 0.0304074074 0.5465625 0.6242592593 2 0.5465625 0.6492592593 2 0.5741666667 0.6483333333 2 0.5738541667 0.6246296296 2 0 0 0 0 0 0
0 0.5014895833 0.6077407407 0.0297083333 0.0304074074 0.4878125 0.5961111111 2 0.4878125 0.6211111111 2 0.5154166667 0.6201851852 2 0.5151041667 0.5964814815 2 0 0 0 0 0 0
0 0.5313854167 0.6064444444 0.0297083333 0.0304074074 0.5177083333 0.5948148148 2 0.5177083333 0.6198148148 2 0.5453125 0.6188888889 2 0.545 0.5951851852 2 0 0 0 0 0 0
0 0.5618020833 0.6044074074 0.0297083333 0.0304074074 0.548125 0.5927777778 2 0.548125 0.6177777778 2 0.5757291667 0.6168518519 2 0.5754166667 0.5931481481 2 0 0 0 0 0 0
0 0.49675 0.6070925926 0.0318958333 0.0291111111 0.4819791667 0.6202888889 2 0.4819791667 0.594362963 2 0.51125 0.5947333333 2 0.51125 0.6188888889 2 0 0 0 0 0 0
0 0.5264375 0.6039444444 0.0293958333 0.0291111111 0.5129166667 0.6171407407 2 0.5129166667 0.5912148148 2 0.5394791667 0.5922222222 2 0.5390625 0.6153703704 2 0 0 0 0 0 0
0 0.5577916667 0.6022777778 0.0304375 0.0291111111 0.54375 0.6154740741 2 0.54375 0.5895481481 2 0.5709375 0.5901851852 2 0.5713541667 0.6137037037 2 0 0 0 0 0 0
0 0.56221875 0.5729259259 0.0297083333 0.0304074074 0.5485416667 0.5612962963 2 0.5485416667 0.5862962963 2 0.5761458333 0.5853703704 2 0.5758333333 0.5616666667 2 0 0 0 0 0 0
0 0.5328958333 0.5747777778 0.0302291667 0.0304074074 0.5189583333 0.5631481481 2 0.5189583333 0.5881481481 2 0.5471875 0.5866666667 2 0.5471875 0.5635185185 2 0 0 0 0 0 0
0 0.5021145833 0.5762592593 0.0297083333 0.0304074074 0.4884375 0.5646296296 2 0.4884375 0.5896296296 2 0.5160416667 0.5887037037 2 0.5157291667 0.565 2 0 0 0 0 0 0
0 0.4982083333 0.5750555556 0.0318958333 0.0291111111 0.4834375 0.5882518519 2 0.4834375 0.5623259259 2 0.5127083333 0.5626962963 2 0.5127083333 0.5868518519 2 0 0 0 0 0 0
0 0.5293541667 0.5737592593 0.0318958333 0.0291111111 0.5145833333 0.5844444444 2 0.5145833333 0.5610296296 2 0.5417708333 0.5612962963 2 0.541875 0.5848148148 2 0 0 0 0 0 0
0 0.5585208333 0.5722777778 0.0318958333 0.0291111111 0.54375 0.582962963 2 0.54375 0.5595481481 2 0.5709375 0.5598148148 2 0.5710416667 0.5833333333 2 0 0 0 0 0 0
0 0.5041979167 0.5451481481 0.0297083333 0.0304074074 0.4905208333 0.5335185185 2 0.4905208333 0.5585185185 2 0.518125 0.5575925926 2 0.5178125 0.5338888889 2 0 0 0 0 0 0
0 0.5336770833 0.5432962963 0.0297083333 0.0304074074 0.52 0.5316666667 2 0.52 0.5566666667 2 0.5476041667 0.5557407407 2 0.5472916667 0.532037037 2 0 0 0 0 0 0
0 0.5626354167 0.5425555556 0.0297083333 0.0304074074 0.5489583333 0.5309259259 2 0.5489583333 0.5559259259 2 0.5765625 0.555 2 0.57625 0.5312962963 2 0 0 0 0 0 0
0 0.4981041667 0.5435740741 0.0318958333 0.0291111111 0.4833333333 0.5567703704 2 0.4833333333 0.5308444444 2 0.5126041667 0.5312148148 2 0.5126041667 0.5553703704 2 0 0 0 0 0 0
0 0.5288333333 0.542462963 0.0318958333 0.0291111111 0.5148958333 0.555 2 0.5148958333 0.5303703704 2 0.5433333333 0.5301037037 2 0.5433333333 0.5542592593 2 0 0 0 0 0 0
0 0.5585208333 0.5407962963 0.0293958333 0.0291111111 0.545625 0.5533333333 2 0.5451041667 0.5285185185 2 0.5717708333 0.528437037 2 0.5717708333 0.5525925926 2 0 0 0 0 0 0
0 0.5038854167 0.5131111111 0.0286666667 0.0304074074 0.4907291667 0.5014814815 2 0.4907291667 0.5264814815 2 0.5170833333 0.5253703704 2 0.516875 0.5018518519 2 0 0 0 0 0 0
0 0.5329479167 0.5123703704 0.0297083333 0.0304074074 0.5192708333 0.5007407407 2 0.5192708333 0.5257407407 2 0.546875 0.5248148148 2 0.5465625 0.5011111111 2 0 0 0 0 0 0
0 0.5621145833 0.5114444444 0.0297083333 0.0304074074 0.5484375 0.4998148148 2 0.5484375 0.5248148148 2 0.5760416667 0.5238888889 2 0.5757291667 0.5001851852 2 0 0 0 0 0 0
0 0.49925 0.5107962963 0.0298125 0.0291111111 0.4855208333 0.5239925926 2 0.4855208333 0.4980666667 2 0.5133333333 0.4981481481 2 0.5133333333 0.5216666667 2 0 0 0 0 0 0
0 0.5295104167 0.5100555556 0.031375 0.0291111111 0.515 0.5232518519 2 0.515 0.4973259259 2 0.5435416667 0.4974074074 2 0.54375 0.5209259259 2 0 0 0 0 0 0
0 0.5588333333 0.5098703704 0.0293958333 0.0291111111 0.5453125 0.5230666667 2 0.5453125 0.4971407407 2 0.5716666667 0.4972222222 2 0.5715625 0.5214814815 2 0 0 0 0 0 0
0 0.59721875 0.6336666667 0.0297083333 0.0304074074 0.5835416667 0.622037037 2 0.5835416667 0.647037037 2 0.6111458333 0.6461111111 2 0.6108333333 0.6224074074 2 0 0 0 0 0 0
0 0.62784375 0.6329259259 0.0297083333 0.0304074074 0.6141666667 0.6212962963 2 0.6141666667 0.6462962963 2 0.6417708333 0.6453703704 2 0.6414583333 0.6216666667 2 0 0 0 0 0 0
0 0.6579479167 0.6310740741 0.0297083333 0.0304074074 0.6442708333 0.6194444444 2 0.6442708333 0.6444444444 2 0.671875 0.6435185185 2 0.6715625 0.6198148148 2 0 0 0 0 0 0
0 0.6021666667 0.6312592593 0.0298125 0.0311481481 0.5884375 0.6454740741 2 0.5884375 0.6181481481 2 0.6159375 0.6183333333 2 0.61625 0.6437037037 2 0 0 0 0 0 0
0 0.6326875 0.6303333333 0.0298125 0.0311481481 0.6189583333 0.6445481481 2 0.6189583333 0.6172222222 2 0.6464583333 0.6174074074 2 0.6467708333 0.6427777778 2 0 0 0 0 0 0
0 0.6619583333 0.6297777778 0.0298125 0.0311481481 0.6482291667 0.6439925926 2 0.6482291667 0.6166666667 2 0.6757291667 0.6168518519 2 0.6760416667 0.6422222222 2 0 0 0 0 0 0
0 0.5995104167 0.6014444444 0.0297083333 0.0304074074 0.5858333333 0.5898148148 2 0.5858333333 0.6148148148 2 0.6134375 0.6138888889 2 0.613125 0.5901851852 2 0 0 0 0 0 0
0 0.62940625 0.6014444444 0.0297083333 0.0304074074 0.6157291667 0.5898148148 2 0.6157291667 0.6148148148 2 0.6433333333 0.6138888889 2 0.6430208333 0.5901851852 2 0 0 0 0 0 0
0 0.6583645833 0.6005185185 0.0297083333 0.0304074074 0.6446875 0.5888888889 2 0.6446875 0.6138888889 2 0.6722916667 0.612962963 2 0.6719791667 0.5892592593 2 0 0 0 0 0 0
0 0.663625 0.5968148148 0.0298125 0.0311481481 0.6498958333 0.6110296296 2 0.6498958333 0.5837037037 2 0.6773958333 0.5838888889 2 0.6777083333 0.6092592593 2 0 0 0 0 0 0
0 0.6341458333 0.5984814815 0.0298125 0.0311481481 0.6204166667 0.6126962963 2 0.6204166667 0.5853703704 2 0.6479166667 0.5855555556 2 0.6482291667 0.6109259259 2 0 0 0 0 0 0
0 0.6043541667 0.5984814815 0.0298125 0.0311481481 0.590625 0.6126962963 2 0.590625 0.5853703704 2 0.618125 0.5855555556 2 0.6184375 0.6109259259 2 0 0 0 0 0 0
0 0.60096875 0.5695925926 0.0297083333 0.0304074074 0.5872916667 0.557962963 2 0.5872916667 0.582962963 2 0.6148958333 0.582037037 2 0.6145833333 0.5583333333 2 0 0 0 0 0 0
0 0.6308645833 0.5686666667 0.0297083333 0.0304074074 0.6171875 0.557037037 2 0.6171875 0.582037037 2 0.6447916667 0.5811111111 2 0.6444791667 0.5574074074 2 0 0 0 0 0 0
0 0.66159375 0.5681111111 0.0297083333 0.0304074074 0.6479166667 0.5564814815 2 0.6479166667 0.5814814815 2 0.6755208333 0.5805555556 2 0.6752083333 0.5568518519 2 0 0 0 0 0 0
0 0.6653958333 0.5655185185 0.0298125 0.0311481481 0.6516666667 0.5797333333 2 0.6516666667 0.5524074074 2 0.6791666667 0.5525925926 2 0.6794791667 0.577962963 2 0 0 0 0 0 0
0 0.6358125 0.5666296296 0.0298125 0.0311481481 0.6220833333 0.5808444444 2 0.6220833333 0.5535185185 2 0.6495833333 0.5537037037 2 0.6498958333 0.5790740741 2 0 0 0 0 0 0
0 0.6062291667 0.5668148148 0.0298125 0.0311481481 0.5925 0.5810296296 2 0.5925 0.5537037037 2 0.62 0.5538888889 2 0.6203125 0.5792592593 2 0 0 0 0 0 0
0 0.6018020833 0.5379259259 0.0297083333 0.0304074074 0.588125 0.5262962963 2 0.588125 0.5512962963 2 0.6157291667 0.5503703704 2 0.6154166667 0.5266666667 2 0 0 0 0 0 0
0 0.63190625 0.5368148148 0.0297083333 0.0304074074 0.6182291667 0.5251851852 2 0.6182291667 0.5501851852 2 0.6458333333 0.5492592593 2 0.6455208333 0.5255555556 2 0 0 0 0 0 0
0 0.6613854167 0.5368148148 0.0297083333 0.0304074074 0.6477083333 0.5251851852 2 0.6477083333 0.5501851852 2 0.6753125 0.5492592593 2 0.675 0.5255555556 2 0 0 0 0 0 0
0 0.6658125 0.5334814815 0.0298125 0.0311481481 0.6520833333 0.5476962963 2 0.6520833333 0.5203703704 2 0.6795833333 0.5205555556 2 0.6798958333 0.5459259259 2 0 0 0 0 0 0
0 0.6374791667 0.5345925926 0.0298125 0.0311481481 0.62375 0.5488074074 2 0.62375 0.5214814815 2 0.650834375 0.5222222222 2 0.650834375 0.5475925926 2 0 0 0 0 0 0
0 0.6066458333 0.5342222222 0.0298125 0.0285555556 0.592709375 0.5464814815 2 0.5929166667 0.5224074074 2 0.6200010417 0.5231481481 2 0.619896875 0.5462962963 2 0 0 0 0 0 0
0 0.60378125 0.5058888889 0.0297083333 0.0304074074 0.5901041667 0.4942592593 2 0.5901041667 0.5192592593 2 0.6177083333 0.5183333333 2 0.6173958333 0.4946296296 2 0 0 0 0 0 0
0 0.63284375 0.5060740741 0.0297083333 0.0304074074 0.6191666667 0.4944444444 2 0.6191666667 0.5194444444 2 0.6467708333 0.5185185185 2 0.6464583333 0.4948148148 2 0 0 0 0 0 0
0 0.6624270833 0.5057037037 0.0297083333 0.0304074074 0.64875 0.4940740741 2 0.64875 0.5190740741 2 0.6763541667 0.5181481481 2 0.6760416667 0.4944444444 2 0 0 0 0 0 0
0 0.6670625 0.5025555556 0.0298125 0.0311481481 0.6533333333 0.5167703704 2 0.6533333333 0.4894444444 2 0.6808333333 0.4896296296 2 0.6811458333 0.515 2 0 0 0 0 0 0
0 0.6387291667 0.502 0.0298125 0.0311481481 0.625 0.5162148148 2 0.625 0.4888888889 2 0.6525 0.4890740741 2 0.6528125 0.5144444444 2 0 0 0 0 0 0
0 0.608 0.5031111111 0.0298125 0.0311481481 0.5942708333 0.5173259259 2 0.5942708333 0.49 2 0.6217708333 0.4901851852 2 0.6220833333 0.5155555556 2 0 0 0 0 0 0
0 0.69034375 0.6198703704 0.0199166667 0.0565185185 0.695521875 0.6459259259 2 0.6819802083 0.6435185185 2 0.6838552083 0.5946314815 2 0.6987510417 0.5964833333 2 0 0 0 0 0 0
0 0.7096666667 0.617462963 0.0206458333 0.0565185185 0.7150010417 0.6427796296 2 0.699896875 0.6401851852 2 0.7031260417 0.5933351852 2 0.7184385417 0.5940740741 2 0 0 0 0 0 0
0 0.7372395833 0.5041111111 0.0285625 0.0304074074 0.7241302083 0.4924851852 2 0.7241302083 0.5174851852 2 0.7504166667 0.5174074074 2 0.7504166667 0.4931481481 2 0 0 0 0 0 0
0 0.7423645833 0.5030740741 0.0291875 0.0311481481 0.7288541667 0.5157407407 2 0.7289385417 0.4899759259 2 0.7558333333 0.49 2 0.7558333333 0.5153703704 2 0 0 0 0 0 0
0 0.7706979167 0.5023333333 0.0289791667 0.0311481481 0.7572916667 0.515 2 0.7573760417 0.4892351852 2 0.7835416667 0.49 2 0.7835416667 0.5146296296 2 0 0 0 0 0 0
0 0.79871875 0.5030740741 0.0283541667 0.0311481481 0.785625 0.5157407407 2 0.785709375 0.4899759259 2 0.8108333333 0.49 2 0.8113541667 0.5151851852 2 0 0 0 0 0 0
0 0.7656770833 0.5042962963 0.0285625 0.0304074074 0.7525677083 0.4926703704 2 0.7525677083 0.5176703704 2 0.7788541667 0.5175925926 2 0.7788541667 0.4933333333 2 0 0 0 0 0 0
0 0.79328125 0.5041111111 0.0285625 0.0304074074 0.7808333333 0.4924074074 2 0.7808333333 0.517037037 2 0.8064583333 0.5174074074 2 0.8064583333 0.4931481481 2 0 0 0 0 0 0
0 0.7434583333 0.5345555556 0.028875 0.0311481481 0.7301041667 0.5472222222 2 0.7301885417 0.5214574074 2 0.7560416667 0.5212962963 2 0.7561458333 0.5462962963 2 0 0 0 0 0 0
0 0.7717916667 0.5336296296 0.028875 0.0311481481 0.7584375 0.5462962963 2 0.758521875 0.5205314815 2 0.784375 0.5203703704 2 0.7844791667 0.5453703704 2 0 0 0 0 0 0
0 0.8004375 0.5330740741 0.028875 0.0311481481 0.7870833333 0.5457407407 2 0.7871677083 0.5199759259 2 0.8130208333 0.5198148148 2 0.813125 0.5448148148 2 0 0 0 0 0 0
0 0.7349479167 0.5355925926 0.0285625 0.0304074074 0.7218385417 0.5239666667 2 0.7218385417 0.5489666667 2 0.748125 0.5488888889 2 0.748125 0.5246296296 2 0 0 0 0 0 0
0 0.7647395833 0.535037037 0.0285625 0.0304074074 0.7516302083 0.5234111111 2 0.7516302083 0.5484111111 2 0.7779166667 0.5483333333 2 0.7779166667 0.5240740741 2 0 0 0 0 0 0
0 0.7949479167 0.5326296296 0.0285625 0.0304074074 0.7818385417 0.5210037037 2 0.7818385417 0.5460037037 2 0.8073958333 0.5459259259 2 0.8073958333 0.5216666667 2 0 0 0 0 0 0
0 0.737625 0.5630740741 0.0299166667 0.0285555556 0.7236458333 0.5755555556 2 0.723834375 0.5512722222 2 0.7515625 0.5514814815 2 0.7513541667 0.5748148148 2 0 0 0 0 0 0
0 0.76746875 0.5636296296 0.0302291667 0.0285555556 0.7544791667 0.5755555556 2 0.7544791667 0.552037037 2 0.7810416667 0.5518518519 2 0.7810416667 0.5768518519 2 0 0 0 0 0 0
0 0.79653125 0.5628888889 0.0302291667 0.0285555556 0.7835416667 0.5748148148 2 0.7835416667 0.5512962963 2 0.8101041667 0.5511111111 2 0.8101041667 0.5761111111 2 0 0 0 0 0 0
0 0.7316145833 0.5667037037 0.0285625 0.0304074074 0.7185052083 0.5550777778 2 0.7185052083 0.5800777778 2 0.7447916667 0.58 2 0.7447916667 0.5557407407 2 0 0 0 0 0 0
0 0.7625520833 0.5652222222 0.0285625 0.0304074074 0.7494427083 0.5535962963 2 0.7494427083 0.5785962963 2 0.7757291667 0.5785185185 2 0.7757291667 0.5542592593 2 0 0 0 0 0 0
0 0.7900520833 0.5652222222 0.0285625 0.0304074074 0.7769427083 0.5535962963 2 0.7769427083 0.5785962963 2 0.8032291667 0.5785185185 2 0.8032291667 0.5542592593 2 0 0 0 0 0 0
0 0.79503125 0.5922777778 0.0287708333 0.0285555556 0.7821875 0.6040740741 2 0.7822916667 0.58 2 0.8078833333 0.5804962963 2 0.8078833333 0.6054962963 2 0 0 0 0 0 0
0 0.76690625 0.5933888889 0.0302291667 0.0285555556 0.7539260417 0.6053111111 2 0.7539260417 0.5817925926 2 0.7804885417 0.5816074074 2 0.7804885417 0.6066074074 2 0 0 0 0 0 0
0 0.737 0.5954814815 0.0299166667 0.0285555556 0.7230208333 0.607962963 2 0.723209375 0.5836796296 2 0.7509375 0.5838888889 2 0.7507291667 0.6072222222 2 0 0 0 0 0 0
0 0.7889895833 0.5972777778 0.0302291667 0.0285555556 0.7760083333 0.5853648148 2 0.7760083333 0.6088833333 2 0.8025708333 0.6090685185 2 0.8025708333 0.5840685185 2 0 0 0 0 0 0
0 0.7610729167 0.5980185185 0.0302291667 0.0285555556 0.7480916667 0.5861055556 2 0.7480916667 0.6096240741 2 0.7746541667 0.6098092593 2 0.7746541667 0.5848092593 2 0 0 0 0 0 0
0 0.72815625 0.5983888889 0.0302291667 0.0285555556 0.715175 0.5864759259 1 0.715175 0.6099944444 1 0.7417375 0.6101796296 2 0.7417375 0.5851796296 2 0 0 0 0 0 0
0 0.7238854167 0.6291296296 0.0302291667 0.0285555556 0.7109041667 0.6172166667 1 0.7109041667 0.6407351852 1 0.7374666667 0.6409203704 2 0.7374666667 0.6159203704 2 0 0 0 0 0 0
0 0.73184375 0.6258518519 0.0291875 0.0285555556 0.7182291667 0.6383333333 2 0.7184177083 0.61405 2 0.7448958333 0.6140740741 2 0.7451041667 0.6372222222 2 0 0 0 0 0 0
0 0.78346875 0.6280185185 0.0302291667 0.0285555556 0.7704875 0.6161055556 2 0.7704875 0.6396240741 2 0.79705 0.6398092593 2 0.79705 0.6148092593 2 0 0 0 0 0 0
0 0.76371875 0.6254814815 0.0291875 0.0285555556 0.7501041667 0.637962963 2 0.7502927083 0.6136796296 2 0.7767708333 0.6137037037 2 0.7769791667 0.6368518519 2 0 0 0 0 0 0
0 0.79215625 0.6243703704 0.0291875 0.0285555556 0.7785416667 0.6368518519 2 0.7787302083 0.6125685185 2 0.8052083333 0.6125925926 2 0.8054166667 0.6357407407 2 0 0 0 0 0 0
0 0.7545104167 0.6293148148 0.0302291667 0.0285555556 0.7415302083 0.6174018519 2 0.7415302083 0.6409203704 2 0.7680927083 0.6411055556 2 0.7680927083 0.6161055556 2 0 0 0 0 0 0
0 0.7480052083 0.3559907407 0.04284375 0.0359444444 0.7281416667 0.3702777778 2 0.7281416667 0.3400203704 2 0.768303125 0.3405111111 2 0.768584375 0.3711759259 2 0 0 0 0 0 0
0 0.704359375 0.3536018519 0.04284375 0.0359444444 0.684496875 0.3678814815 2 0.684496875 0.3376240741 2 0.7246583333 0.3381148148 2 0.724940625 0.3687796296 2 0 0 0 0 0 0
0 0.740421875 0.3586944444 0.04284375 0.0359444444 0.720559375 0.3444 2 0.720559375 0.3746555556 2 0.7607197917 0.3741666667 2 0.7610020833 0.3435 2 0 0 0 0 0 0
0 0.696953125 0.3571944444 0.04284375 0.0359444444 0.6770833333 0.3429018519 2 0.6770833333 0.3731592593 2 0.7175260417 0.3744722222 2 0.7175260417 0.3420018519 2 0 0 0 0 0 0
0 0.7461510417 0.3940462963 0.04284375 0.0359444444 0.7262885417 0.4083240741 2 0.7262885417 0.3780666667 2 0.76645 0.3785574074 2 0.76673125 0.4092222222 2 0 0 0 0 0 0
0 0.7461510417 0.3940462963 0.04284375 0.0359444444 0.7262885417 0.4083240741 2 0.7262885417 0.3780666667 2 0.76645 0.3785574074 2 0.76673125 0.4092222222 2 0 0 0 0 0 0
0 0.7031822917 0.3922314815 0.04284375 0.0359444444 0.6833177083 0.4065259259 2 0.6833177083 0.3762685185 2 0.7234791667 0.3767592593 2 0.7237604167 0.4074259259 2 0 0 0 0 0 0
0 0.696109375 0.3943425926 0.04284375 0.0359444444 0.676240625 0.3800481481 2 0.676240625 0.4103055556 2 0.7166833333 0.4116185185 2 0.7166833333 0.37915 2 0 0 0 0 0 0
0 0.739578125 0.3967314815 0.04284375 0.0359444444 0.7197166667 0.3824444444 2 0.7197166667 0.4127018519 2 0.760159375 0.4140166667 2 0.760159375 0.3815462963 2 0 0 0 0 0 0
0 0.746828125 0.4338796296 0.04284375 0.0359444444 0.7269625 0.4481685185 2 0.7269625 0.4179111111 2 0.7671239583 0.4184 2 0.7674052083 0.4490666667 2 0 0 0 0 0 0
0 0.7026822917 0.431787037 0.04284375 0.0359444444 0.6828125 0.4460703704 2 0.6828125 0.415812963 2 0.7229729167 0.4163037037 2 0.7232552083 0.4469703704 2 0 0 0 0 0 0
0 0.696109375 0.434787037 0.04284375 0.0359444444 0.676240625 0.4204907407 2 0.676240625 0.4507481481 2 0.7166833333 0.452062963 2 0.7166833333 0.4195925926 2 0 0 0 0 0 0
0 0.739921875 0.4356759259 0.04284375 0.0359444444 0.720053125 0.4213907407 2 0.720053125 0.4516481481 2 0.7604958333 0.4529611111 2 0.760496875 0.4204907407 2 0 0 0 0 0 0
0 0.6421510417 0.4371018519 0.04284375 0.0372407407 0.6222822917 0.4221574074 2 0.6228125 0.4548148148 2 0.662725 0.4537296296 2 0.662725 0.4212592593 2 0 0 0 0 0 0
0 0.6486197917 0.4328981481 0.04284375 0.0359444444 0.62875 0.4471814815 2 0.62875 0.4169240741 2 0.6689104167 0.4174148148 2 0.6691927083 0.4480814815 2 0 0 0 0 0 0
0 0.596734375 0.4393240741 0.04284375 0.0372407407 0.576865625 0.4243814815 2 0.5773958333 0.457037037 2 0.6173083333 0.4559518519 2 0.6173083333 0.4234814815 2 0 0 0 0 0 0
0 0.603203125 0.4353055556 0.04284375 0.0359444444 0.5833333333 0.4495888889 2 0.5833333333 0.4193314815 2 0.62349375 0.4198222222 2 0.6237760417 0.4504888889 2 0 0 0 0 0 0
0 0.649140625 0.392712963 0.04409375 0.0359444444 0.6290625 0.407037037 2 0.6290625 0.377037037 2 0.6700572917 0.3772296296 2 0.6703385417 0.4078962963 2 0 0 0 0 0 0
0 0.6044010417 0.3956759259 0.0454479167 0.0359444444 0.5832291667 0.4090740741 2 0.5832291667 0.3801851852 2 0.6259947917 0.3801925926 2 0.6262760417 0.4108592593 2 0 0 0 0 0 0
0 0.6444010417 0.3960462963 0.04315625 0.0359444444 0.6239583333 0.3814814815 2 0.6239583333 0.4118518519 2 0.664328125 0.4115222222 2 0.664609375 0.3808555556 2 0 0 0 0 0 0
0 0.5950260417 0.4010462963 0.04315625 0.0359444444 0.5745833333 0.3864814815 2 0.5745833333 0.4168518519 2 0.614953125 0.4165222222 2 0.615234375 0.3858574074 2 0 0 0 0 0 0
0 0.6467447917 0.3554907407 0.04409375 0.0359444444 0.6266666667 0.3698148148 2 0.6266666667 0.3398148148 2 0.6676614583 0.3400074074 2 0.6679427083 0.3706740741 2 0 0 0 0 0 0
0 0.6416927083 0.3582685185 0.04315625 0.0359444444 0.62125 0.3437037037 2 0.62125 0.3740740741 2 0.66161875 0.3737444444 2 0.6619010417 0.3430777778 2 0 0 0 0 0 0
0 0.5950260417 0.3623425926 0.04315625 0.0359444444 0.5745833333 0.3477777778 2 0.5745833333 0.3781481481 2 0.614953125 0.3778185185 2 0.615234375 0.3471537037 2 0 0 0 0 0 0
0 0.6023697917 0.3566018519 0.04409375 0.0359444444 0.5822916667 0.3709259259 2 0.5822916667 0.3409259259 2 0.6232864583 0.3411185185 2 0.6235677083 0.3717851852 2 0 0 0 0 0 0
0 0.5455364583 0.4430277778 0.0458645833 0.0372407407 0.5238541667 0.4283333333 2 0.5240625 0.4598148148 2 0.5666666667 0.4590740741 2 0.5663541667 0.4274074074 2 0 0 0 0 0 0
0 0.5002239583 0.4461759259 0.0458645833 0.0372407407 0.4785416667 0.4314814815 2 0.47875 0.462962963 2 0.5213541667 0.4622222222 2 0.5210416667 0.4305555556 2 0 0 0 0 0 0
0 0.5384114583 0.4384537037 0.0451354167 0.0359444444 0.5171875 0.4553703704 2 0.5170833333 0.4244444444 2 0.5598489583 0.4229703704 2 0.5601302083 0.453637037 2 0 0 0 0 0 0
0 0.4926822917 0.4408611111 0.0451354167 0.0359444444 0.4714583333 0.4577777778 2 0.4713541667 0.4268518519 2 0.5141197917 0.4253777778 2 0.5144010417 0.4560444444 2 0 0 0 0 0 0
0 0.5505364583 0.4021018519 0.0458645833 0.0372407407 0.5288541667 0.3874074074 2 0.5290625 0.4188888889 2 0.5716666667 0.4181481481 2 0.5713541667 0.3864814815 2 0 0 0 0 0 0
0 0.5041822917 0.4035833333 0.0458645833 0.0372407407 0.4825 0.3888888889 2 0.4827083333 0.4203703704 2 0.5253125 0.4196296296 2 0.525 0.387962963 2 0 0 0 0 0 0
0 0.4968489583 0.3982685185 0.0451354167 0.0359444444 0.475625 0.4151851852 2 0.475625 0.3831481481 2 0.5182864583 0.3827851852 2 0.5185677083 0.4134518519 2 0 0 0 0 0 0
0 0.5421614583 0.3986388889 0.0451354167 0.0359444444 0.5209375 0.4155555556 2 0.5209375 0.3835185185 2 0.5635979167 0.3831555556 2 0.5638802083 0.4138222222 2 0 0 0 0 0 0
0 0.548453125 0.3626574074 0.0458645833 0.0372407407 0.5267708333 0.347962963 2 0.5269791667 0.3794444444 2 0.5695833333 0.3787037037 2 0.5692708333 0.347037037 2 0 0 0 0 0 0
0 0.5020989583 0.3633981481 0.0458645833 0.0372407407 0.4804166667 0.3487037037 2 0.480625 0.3801851852 2 0.5232291667 0.3794444444 2 0.5229166667 0.3477777778 2 0 0 0 0 0 0
0 0.4940364583 0.3601203704 0.0451354167 0.0359444444 0.4728125 0.377037037 2 0.4728125 0.345 2 0.5154729167 0.344637037 2 0.5157552083 0.3753037037 2 0 0 0 0 0 0
0 0.5402864583 0.3593796296 0.0451354167 0.0359444444 0.5190625 0.3762962963 2 0.5190625 0.3442592593 2 0.5617239583 0.3438962963 2 0.5620052083 0.374562963 2 0 0 0 0 0 0
0 0.445234375 0.4416944444 0.0471145833 0.0383518519 0.4233333333 0.4590740741 2 0.4233333333 0.4264814815 2 0.4672447917 0.4250074074 2 0.4675260417 0.4556740741 2 0 0 0 0 0 0
0 0.4385052083 0.4465462963 0.0486770833 0.0372407407 0.4158333333 0.4307407407 2 0.4158333333 0.4625925926 2 0.4610416667 0.4625925926 2 0.4607291667 0.4309259259 2 0 0 0 0 0 0
0 0.3902760417 0.4491388889 0.04846875 0.0372407407 0.3678125 0.4324074074 2 0.3677083333 0.4657407407 2 0.4129166667 0.4648148148 2 0.4128125 0.4316666667 2 0 0 0 0 0 0
0 0.3973177083 0.4428055556 0.0471145833 0.0383518519 0.3754166667 0.4601851852 2 0.3754166667 0.4275925926 2 0.419328125 0.4261185185 2 0.419609375 0.4567851852 2 0 0 0 0 0 0
0 0.3837135417 0.4078425926 0.04846875 0.0372407407 0.36125 0.3911111111 2 0.3611458333 0.4244444444 2 0.4063541667 0.4235185185 2 0.40625 0.3903703704 2 0 0 0 0 0 0
0 0.437984375 0.4046944444 0.04846875 0.0372407407 0.4155208333 0.387962963 2 0.4154166667 0.4212962963 2 0.460625 0.4203703704 2 0.4605208333 0.3872222222 2 0 0 0 0 0 0
0 0.3979947917 0.3998425926 0.0493020833 0.0413148148 0.3747916667 0.4175925926 2 0.375 0.3831481481 2 0.4205208333 0.3825925926 2 0.4207291667 0.4188888889 2 0 0 0 0 0 0
0 0.4462239583 0.3994722222 0.0493020833 0.0413148148 0.4230208333 0.4172222222 2 0.4232291667 0.3827777778 2 0.46875 0.3822222222 2 0.4689583333 0.4185185185 2 0 0 0 0 0 0
0 0.3844427083 0.3643240741 0.04846875 0.0372407407 0.3619791667 0.3475925926 2 0.361875 0.3809259259 2 0.4070833333 0.38 2 0.4069791667 0.3468518519 2 0 0 0 0 0 0
0 0.432671875 0.3635833333 0.04846875 0.0372407407 0.4102083333 0.3468518519 2 0.4101041667 0.3801851852 2 0.4553125 0.3792592593 2 0.4552083333 0.3461111111 2 0 0 0 0 0 0
0 0.4411197917 0.3582685185 0.0451354167 0.0359444444 0.4198958333 0.3751851852 2 0.4198958333 0.3431481481 2 0.4625572917 0.3427851852 2 0.4628385417 0.3734518519 2 0 0 0 0 0 0
0 0.3925260417 0.3586388889 0.04753125 0.0359444444 0.370625 0.3738888889 2 0.370625 0.3431481481 2 0.4151614583 0.3431555556 2 0.4154427083 0.3738222222 2 0 0 0 0 0 0
0 0.2747135417 0.3583981481 0.0512395833 0.0379074074 0.2510260417 0.3736425926 2 0.2509583333 0.3419259259 2 0.2984802083 0.3418537037 2 0.2988927083 0.373887037 2 0 0 0 0 0 0
0 0.326015625 0.3578981481 0.0512395833 0.0379074074 0.30233125 0.3731537037 2 0.3022635417 0.341437037 2 0.3497854167 0.3413648148 2 0.3501979167 0.3733981481 2 0 0 0 0 0 0
0 0.2660729167 0.3640648148 0.0513541667 0.0372407407 0.2422229167 0.3460111111 2 0.2420854167 0.3807333333 2 0.2901677083 0.3797555556 2 0.2900635417 0.3466074074 2 0 0 0 0 0 0
0 0.3180729167 0.3635833333 0.0513541667 0.0372407407 0.294215625 0.3455222222 2 0.294078125 0.3802444444 2 0.3421604167 0.3792666667 2 0.34205625 0.3461185185 2 0 0 0 0 0 0
0 0.3272552083 0.4004537037 0.0512395833 0.0379074074 0.3035697917 0.4157018519 2 0.3035010417 0.3839851852 2 0.3510239583 0.383912963 2 0.3514364583 0.4159462963 2 0 0 0 0 0 0
0 0.2760885417 0.4014351852 0.0512395833 0.0379074074 0.2524010417 0.4166796296 2 0.2523333333 0.384962963 2 0.2998552083 0.3848907407 2 0.3002677083 0.4169240741 2 0 0 0 0 0 0
0 0.2673125 0.4083240741 0.0513541667 0.0372407407 0.2434604167 0.3902703704 2 0.2433229167 0.4249944444 2 0.2914052083 0.4240166667 2 0.2913010417 0.3908685185 2 0 0 0 0 0 0
0 0.3182083333 0.4068611111 0.0513541667 0.0372407407 0.294353125 0.3888037037 2 0.294215625 0.4235259259 2 0.3422979167 0.4225481481 2 0.34219375 0.3894 2 0 0 0 0 0 0
0 0.279109375 0.444712963 0.0512395833 0.0379074074 0.2554270833 0.4599611111 2 0.255359375 0.4282444444 2 0.30288125 0.4281722222 2 0.30329375 0.4602074074 2 0 0 0 0 0 0
0 0.3302760417 0.4434907407 0.0512395833 0.0379074074 0.3065958333 0.4587388889 2 0.3065270833 0.4270222222 2 0.35405 0.42695 2 0.3544625 0.4589833333 2 0 0 0 0 0 0
0 0.27075 0.4503981481 0.0513541667 0.0372407407 0.2469 0.4323296296 2 0.2467614583 0.4670537037 2 0.29484375 0.4660740741 2 0.2947395833 0.4329259259 2 0 0 0 0 0 0
0 0.3220625 0.4496574074 0.0513541667 0.0372407407 0.2982052083 0.4315962963 2 0.2980677083 0.4663203704 2 0.3461489583 0.4653407407 2 0.3460458333 0.4321925926 2 0 0 0 0 0 0
0 0.7034114583 0.2666388889 0.04284375 0.0359444444 0.683540625 0.2523462963 2 0.683540625 0.2826037037 2 0.723984375 0.2839166667 2 0.723984375 0.2514462963 2 0 0 0 0 0 0
0 0.747890625 0.2686759259 0.04596875 0.0359444444 0.7264572917 0.2543833333 2 0.7264572917 0.2846407407 2 0.7688541667 0.2862962963 2 0.76875 0.2525925926 2 0 0 0 0 0 0
0 0.711859375 0.2650833333 0.04409375 0.0381666667 0.691371875 0.2782518519 2 0.691371875 0.2479944444 2 0.7327083333 0.247962963 2 0.7328125 0.2818518519 2 0 0 0 0 0 0
0 0.7550885417 0.2666574074 0.04409375 0.0346481481 0.7346010417 0.2815851852 2 0.7346010417 0.2513277778 2 0.7744791667 0.2516666667 2 0.7755208333 0.2814814815 2 0 0 0 0 0 0
0 0.693515625 0.2292314815 0.04284375 0.0359444444 0.6736447917 0.2149388889 2 0.6736447917 0.2451944444 2 0.7140885417 0.2465092593 2 0.7140885417 0.2140388889 2 0 0 0 0 0 0
0 0.7367447917 0.230712963 0.04284375 0.0359444444 0.7168739583 0.2164203704 2 0.7168739583 0.2466777778 2 0.7573177083 0.2479907407 2 0.7573177083 0.2155203704 2 0 0 0 0 0 0
0 0.747171875 0.2298055556 0.04409375 0.0346481481 0.726684375 0.2447333333 2 0.7265625 0.2135185185 2 0.7673958333 0.2142592593 2 0.7676041667 0.2446296296 2 0 0 0 0 0 0
0 0.7029010417 0.2275833333 0.04409375 0.0346481481 0.6824135417 0.2425111111 2 0.6822916667 0.2112962963 2 0.723125 0.212037037 2 0.7233333333 0.2424074074 2 0 0 0 0 0 0
0 0.7359114583 0.194787037 0.04284375 0.0359444444 0.716040625 0.1804944444 2 0.716040625 0.21075 2 0.756484375 0.2120648148 2 0.756484375 0.1795944444 2 0 0 0 0 0 0
0 0.6927864583 0.1923796296 0.04284375 0.0359444444 0.6729166667 0.178087037 2 0.6729166667 0.2083425926 2 0.713359375 0.2096574074 2 0.713359375 0.177187037 2 0 0 0 0 0 0
0 0.7441510417 0.1936944444 0.04409375 0.0346481481 0.7236635417 0.2086222222 2 0.7235416667 0.1774074074 2 0.764375 0.1781481481 2 0.7645833333 0.2085185185 2 0 0 0 0 0 0
0 0.700609375 0.1907314815 0.04409375 0.0346481481 0.680121875 0.2056592593 2 0.68 0.1744444444 2 0.7208333333 0.1751851852 2 0.7210416667 0.2055555556 2 0 0 0 0 0 0
0 0.631515625 0.1941759259 0.04284375 0.0359444444 0.611646875 0.1798814815 2 0.611646875 0.2101388889 2 0.6520895833 0.2114518519 2 0.6520895833 0.1789833333 2 0 0 0 0 0 0
0 0.6396822917 0.1899166667 0.04409375 0.0346481481 0.6191895833 0.2048611111 2 0.6190666667 0.1736462963 2 0.6599 0.174387037 2 0.6601083333 0.2047574074 2 0 0 0 0 0 0
0 0.594125 0.1901203704 0.0456666667 0.0346481481 0.5733072917 0.2054777778 2 0.5733072917 0.1753555556 2 0.6151260417 0.174587037 2 0.615334375 0.2049574074 2 0 0 0 0 0 0
0 0.5213020833 0.1866574074 0.0454791667 0.0453148148 0.5008270833 0.1672851852 2 0.4996552083 0.1977703704 2 0.5401083333 0.2074111111 2 0.5421604167 0.1792703704 2 0 0 0 0 0 0
0 0.5946875 0.2284351852 0.0456666667 0.0346481481 0.57386875 0.2437814815 2 0.57386875 0.2136574074 2 0.6156875 0.2128888889 2 0.6158958333 0.2432592593 2 0 0 0 0 0 0
0 0.63934375 0.2288240741 0.0456666667 0.0346481481 0.6185302083 0.2441796296 2 0.6185302083 0.2140574074 2 0.6603489583 0.2132888889 2 0.6605572917 0.2436592593 2 0 0 0 0 0 0
0 0.586734375 0.2334722222 0.04284375 0.0359444444 0.5668729167 0.2191814815 2 0.5668729167 0.2494388889 2 0.607315625 0.2507518519 2 0.607315625 0.2182833333 2 0 0 0 0 0 0
0 0.631734375 0.2344722222 0.04284375 0.0359444444 0.6118708333 0.2201796296 2 0.6118708333 0.250437037 2 0.6523135417 0.25175 2 0.6523135417 0.2192814815 2 0 0 0 0 0 0
0 0.6374375 0.2697314815 0.0456666667 0.0346481481 0.6166229167 0.2850759259 2 0.6166229167 0.2549537037 2 0.6584416667 0.2541851852 2 0.65865 0.2845555556 2 0 0 0 0 0 0
0 0.59165625 0.2709166667 0.0456666667 0.0346481481 0.5708385417 0.2862740741 2 0.5708385417 0.25615 2 0.6126583333 0.2553814815 2 0.612865625 0.2857518519 2 0 0 0 0 0 0
0 0.6309114583 0.2730092593 0.04284375 0.0359444444 0.61105 0.2587296296 2 0.61105 0.288987037 2 0.651521875 0.2884685185 2 0.6514927083 0.2578296296 2 0 0 0 0 0 0
0 0.5844635417 0.2760092593 0.04284375 0.0359444444 0.5645927083 0.2617222222 2 0.5645927083 0.2919796296 2 0.6050645833 0.2914611111 2 0.6050364583 0.2608222222 2 0 0 0 0 0 0
0 0.4766041667 0.1783055556 0.0460625 0.0453148148 0.45583125 0.1589462963 2 0.4546583333 0.1894333333 2 0.496284375 0.1967296296 2 0.4978958333 0.1680666667 2 0 0 0 0 0 0
0 0.586296875 0.1925648148 0.04284375 0.0359444444 0.5664333333 0.1782722222 2 0.5664333333 0.2085296296 2 0.6068760417 0.2098444444 2 0.6068760417 0.1773740741 2 0 0 0 0 0 0
0 0.52815625 0.1885555556 0.0433125 0.0450740741 0.5075697917 0.1964685185 2 0.5091822917 0.1696296296 2 0.5489020833 0.1782277778 2 0.5478760417 0.2087148148 2 0 0 0 0 0 0
0 0.4846302083 0.1770925926 0.0480104167 0.0450740741 0.463159375 0.1876092593 2 0.4653572917 0.1581648148 2 0.5053708333 0.1662425926 2 0.505225 0.19725 2 0 0 0 0 0 0
0 0.5280104167 0.2292037037 0.0433125 0.0450740741 0.5072760417 0.2399833333 2 0.5090354167 0.2102777778 2 0.5489020833 0.2175740741 2 0.5481697917 0.2491037037 2 0 0 0 0 0 0
0 0.4844114583 0.2172222222 0.04521875 0.0450740741 0.4627197917 0.2279962963 2 0.464478125 0.1982925926 2 0.505078125 0.2081944444 2 0.5044916667 0.2373777778 2 0 0 0 0 0 0
0 0.4749895833 0.21975 0.0460625 0.0453148148 0.45421875 0.2003759259 2 0.4530458333 0.230862963 2 0.494671875 0.2381592593 2 0.4962833333 0.2094962963 2 0 0 0 0 0 0
0 0.5199895833 0.231212963 0.0460625 0.0453148148 0.4987760417 0.2113203704 2 0.49906875 0.2418074074 2 0.5387885417 0.249362963 2 0.540840625 0.2201796296 2 0 0 0 0 0 0
0 0.516 0.2630925926 0.0433125 0.0450740741 0.4952572917 0.2738574074 2 0.4970166667 0.2441518519 2 0.5368833333 0.2514481481 2 0.5361510417 0.2829759259 2 0 0 0 0 0 0
0 0.4714375 0.255 0.0433125 0.0450740741 0.4507010417 0.2657796296 2 0.452459375 0.2360740741 2 0.4923260417 0.2433703704 2 0.49159375 0.2749 2 0 0 0 0 0 0
0 0.4749895833 0.2200092593 0.0460625 0.0453148148 0.4537791667 0.2001166667 2 0.454071875 0.2306018519 2 0.4937927083 0.2381592593 2 0.49584375 0.2089759259 2 0 0 0 0 0 0
0 0.4632604167 0.2583148148 0.0460625 0.0453333333 0.442053125 0.2384185185 2 0.4423458333 0.2689055556 2 0.4820666667 0.276462963 2 0.48411875 0.2472796296 2 0 0 0 0 0 0
0 0.50753125 0.267962963 0.0460625 0.0453333333 0.4863177083 0.2480611111 2 0.4866104167 0.2785462963 2 0.5263302083 0.2861037037 2 0.5283822917 0.2569203704 2 0 0 0 0 0 0
0 0.4125 0.2372777778 0.0495625 0.0453333333 0.3899114583 0.2172296296 2 0.3907447917 0.2501240741 2 0.4330572917 0.2554203704 2 0.4351083333 0.226237037 2 0 0 0 0 0 0
0 0.3648229167 0.2328240741 0.0495625 0.0453148148 0.3422354167 0.2127833333 2 0.34306875 0.2456796296 2 0.3854114583 0.2489388889 2 0.3869114583 0.216637037 2 0 0 0 0 0 0
0 0.3585052083 0.2253703704 0.0464895833 0.0450740741 0.336178125 0.2361444444 2 0.3379364583 0.2064388889 2 0.3795760417 0.2118944444 2 0.378909375 0.2447907407 2 0 0 0 0 0 0
0 0.4048489583 0.2318888889 0.0464895833 0.0450740741 0.3825208333 0.242662963 2 0.3842791667 0.2129592593 2 0.42591875 0.2184148148 2 0.4252520833 0.2513092593 2 0 0 0 0 0 0
0 0.4071666667 0.195787037 0.0495625 0.0453148148 0.3845770833 0.1757388889 2 0.3854114583 0.2086351852 2 0.427721875 0.2139314815 2 0.4297739583 0.1847481481 2 0 0 0 0 0 0
0 0.35965625 0.1895462963 0.0495625 0.0453148148 0.3370677083 0.1695148148 2 0.3379010417 0.2024111111 2 0.3802125 0.2077074074 2 0.3822645833 0.1785240741 2 0 0 0 0 0 0
0 0.3533385417 0.1827037037 0.0464895833 0.0450740741 0.3310104167 0.1934685185 2 0.33276875 0.163762963 2 0.3744083333 0.1692185185 2 0.3737416667 0.2021148148 2 0 0 0 0 0 0
0 0.4001822917 0.1892222222 0.04815625 0.0450740741 0.3772427083 0.2015222222 2 0.3780760417 0.1727759259 2 0.4220854167 0.1757388889 2 0.42141875 0.2086351852 2 0 0 0 0 0 0
0 0.4091666667 0.1581388889 0.0495625 0.0453148148 0.386578125 0.1381018519 2 0.3874114583 0.1709981481 2 0.4297229167 0.1762944444 2 0.431775 0.1471111111 2 0 0 0 0 0 0
0 0.36165625 0.1489537037 0.0495625 0.0453148148 0.33906875 0.1289148148 2 0.3399020833 0.1618111111 2 0.3822135417 0.1671074074 2 0.384265625 0.1379240741 2 0 0 0 0 0 0
0 0.353671875 0.1450555556 0.0464895833 0.0450740741 0.33134375 0.1558314815 2 0.3331020833 0.1261259259 2 0.3747416667 0.1315814815 2 0.374075 0.1644777778 2 0 0 0 0 0 0
0 0.4021822917 0.1518703704 0.0464895833 0.0450740741 0.379853125 0.1626481481 2 0.3816125 0.1329425926 2 0.4232520833 0.1383981481 2 0.4225854167 0.1712944444 2 0 0 0 0 0 0
