1 0.8593828125 0.4824296875 0.236984375 0.201828125 0.86328125 0.5013015625 2 0.9700515625 0.43359375 2 0.76171875 0.5716140625 2 0.7565109375 0.3919265625 2 0 0 0 0 0 0
1 0.34309375 0.4433515625 0.16796875 0.157546875 0.3463546875 0.4713546875 2 0.421875 0.5104171875 2 0.265625 0.44921875 2 0.38671875 0.375 2 0 0 0 0 0 0
1 0.5162734375 0.7265546875 0.227859375 0.130203125 0.5208328125 0.7747390625 2 0.6236984375 0.7760421875 2 0.4361984375 0.7864578125 2 0.5104171875 0.6653640625 2 0 0 0 0 0 0
1 0.3828125 0.911328125 0.2421875 0.17421875 0.3971359375 0.95703125 2 0.4934890625 0.9283859375 2 0.28125 0.9895828125 2 0.3463546875 0.828125 2 0 0 0 0 0 0
1 0.1515625 0.93984375 0.221875 0.1203125 0.13671875 0.9205734375 2 0.0416671875 0.8893234375 2 0.25 0.9518234375 2 0.1080734375 1 2 0 0 0 0 0 0
1 0.08515625 0.68359375 0.1703125 0.1484375 0.0286453125 0.6796875 2 0.0546875 0.7578125 2 0 0.6328125 2 0.1575515625 0.6354171875 2 0 0 0 0 0 0
1 0.3138046875 0.28059375 0.143234375 0.13671875 0.3072921875 0.2604171875 2 0.24609375 0.3125 2 0.3606765625 0.2161453125 2 0.375 0.33984375 2 0 0 0 0 0 0
1 0.5006484375 0.43034375 0.147140625 0.12890625 0.5377609375 0.4244796875 2 0.50390625 0.3723953125 2 0.5625 0.4765625 2 0.44140625 0.4700515625 2 0 0 0 0 0 0
1 0.5800703125 0.30534375 0.141921875 0.14453125 0.5768234375 0.328125 2 0.510903125 0.3757828125 2 0.62890625 0.30078125 2 0.5169265625 0.2434890625 2 0 0 0 0 0 0
1 0.6334609375 0.446609375 0.123703125 0.140625 0.6263015625 0.45703125 2 0.65625 0.50390625 2 0.58984375 0.3880203125 2 0.68359375 0.42578125 2 0 0 0 0 0 0
1 0.673171875 0.8964921875 0.2265625 0.162765625 0.6731765625 0.9596359375 2 0.5627515625 0.9758125 2 0.7799484375 0.953125 2 0.6497390625 0.8177078125 2 0 0 0 0 0 0
1 0.5722734375 0.177734375 0.131515625 0.11328125 0.578125 0.1940109375 2 0.625 0.1731765625 2 0.5221359375 0.23046875 2 0.5416671875 0.1236984375 2 0 0 0 0 0 0
1 0.1223984375 0.3483046875 0.145828125 0.118484375 0.1236984375 0.3606765625 2 0.0846359375 0.40625 2 0.18359375 0.31640625 2 0.0546875 0.3020828125 2 0 0 0 0 0 0
1 0.1953125 0.3971328125 0.1484375 0.130203125 0.2057296875 0.4401046875 2 0.1302078125 0.4505203125 2 0.26171875 0.4453125 2 0.1927078125 0.3424484375 2 0 0 0 0 0 0
1 0.7532578125 0.079421875 0.126296875 0.1015625 0.7552078125 0.0846359375 2 0.8072921875 0.05078125 2 0.703125 0.12890625 2 0.7096359375 0.0325515625 2 0 0 0 0 0 0
