1 0.1009666667 0.6350833333 0.1708666667 0.2449 0.08681 0.7438133333 2 0.02376 0.7492966667 2 0.1809266667 0.7392466667 2 0.0593966667 0.5217666667 2 0 0 0 0 0 0
1 0.1836833333 0.6232166667 0.1389 0.2449 0.1854966667 0.7319366667 2 0.1224466667 0.73742 2 0.2485466667 0.7273666667 2 0.16174 0.5135433333 2 0 0 0 0 0 0
1 0.2659166667 0.63325 0.1389 0.2449 0.2677366667 0.7419866667 2 0.2046866667 0.74747 2 0.3307866667 0.73742 2 0.24398 0.5235933333 2 0 0 0 0 0 0
1 0.3390166667 0.6250166667 0.1389 0.2449 0.34084 0.7337633333 2 0.27779 0.7392466667 2 0.40389 0.7291933333 2 0.32622 0.51537 2 0 0 0 0 0 0
1 0.4166833333 0.61955 0.1389 0.2449 0.41851 0.72828 2 0.35546 0.7337633333 2 0.4769933333 0.7191433333 2 0.4075433333 0.5089733333 2 0 0 0 0 0 0
1 0.4907166667 0.5967166667 0.1389 0.2449 0.4925266667 0.7054366667 2 0.4294766667 0.71092 2 0.5555766667 0.70178 2 0.47882 0.4870433333 2 0 0 0 0 0 0
1 0.57935 0.6113166667 0.1389 0.2449 0.5811633333 0.7200566667 2 0.5181133333 0.72554 2 0.63873 0.7127466667 2 0.5674566667 0.5016633333 2 0 0 0 0 0 0
1 0.6451166667 0.6085833333 0.1389 0.2449 0.6469533333 0.7173166667 2 0.5839033333 0.7227966667 2 0.7045233333 0.7100066667 2 0.6332466667 0.4989233333 2 0 0 0 0 0 0
1 0.71275 0.61405 0.1389 0.2321 0.7127466667 0.7145733333 2 0.6515233333 0.7218833333 2 0.7721433333 0.70909 2 0.7026966667 0.5089733333 2 0 0 0 0 0 0
1 0.78175 0.6191 0.1197 0.2275333333 0.7831066667 0.7200566667 2 0.7227966667 0.7218833333 2 0.83702 0.7191433333 2 0.7776233333 0.5108 2 0 0 0 0 0 0
1 0.848 0.6177333333 0.1316 0.2156666667 0.8498133333 0.7164033333 2 0.9082933333 0.7100066667 2 0.78402 0.7218833333 2 0.8406766667 0.5117166667 2 0 0 0 0 0 0
1 0.9115 0.61635 0.1215333333 0.2129 0.9110366667 0.7154866667 2 0.9704333333 0.7127466667 2 0.85226 0.7201133333 2 0.9121866667 0.51257 2 0 0 0 0 0 0
