1 0.222 0.4023359375 0.30859375 0.309890625 0.2213546875 0.2578125 2 0.0729171875 0.2591140625 2 0.3619796875 0.2552078125 2 0.23828125 0.5559890625 2 0 0 0 0 0 0
1 0.5481796875 0.4049453125 0.307296875 0.322921875 0.5416671875 0.2578125 2 0.3984375 0.2565109375 2 0.6940109375 0.2552078125 2 0.5533859375 0.5651046875 2 0 0 0 0 0 0
1 0.2109453125 0.432296875 0.299484375 0.3203125 0.2174484375 0.57421875 2 0.0651046875 0.5768234375 2 0.35546875 0.5729171875 2 0.1940109375 0.2708328125 2 0 0 0 0 0 0
1 0.393234375 0.4049453125 0.3046875 0.315109375 0.39453125 0.5520828125 2 0.5377609375 0.5520828125 2 0.2486984375 0.5546875 2 0.3802078125 0.25390625 2 0 0 0 0 0 0
1 0.5807265625 0.435546875 0.302078125 0.33203125 0.5729171875 0.5768234375 2 0.7200515625 0.5846359375 2 0.4322921875 0.57421875 2 0.5703125 0.2721359375 2 0 0 0 0 0 0
1 0.5748671875 0.7884140625 0.287765625 0.287765625 0.5755203125 0.6536453125 2 0.7096359375 0.6575515625 2 0.4375 0.6549484375 2 0.5807296875 0.92578125 2 0 0 0 0 0 0
1 0.265625 0.7884140625 0.28125 0.290359375 0.2669265625 0.66015625 2 0.1276046875 0.6588546875 2 0.3971359375 0.6575515625 2 0.28515625 0.9270828125 2 0 0 0 0 0 0
1 0.26953125 0.81184375 0.28125 0.28515625 0.2669265625 0.9388015625 2 0.1354171875 0.9361984375 2 0.3997390625 0.9427078125 2 0.2447921875 0.671875 2 0 0 0 0 0 0
1 0.4277421875 0.78190625 0.287765625 0.30078125 0.4283859375 0.9205734375 2 0.5625 0.9244796875 2 0.2890625 0.9205734375 2 0.4153640625 0.6497390625 2 0 0 0 0 0 0
1 0.6022109375 0.80403125 0.287765625 0.30078125 0.6028640625 0.9427078125 2 0.7369796875 0.9466140625 2 0.4635421875 0.9427078125 2 0.59375 0.67578125 2 0 0 0 0 0 0
