1 0.4876328125 0.528 0.555984375 0.75390625 0.4817703125 0.8841140625 2 0.2174484375 0.875 2 0.7586171875 0.8954453125 2 0.5013015625 0.1640625 2 0 0 0 0 0 0
1 0.654953125 0.282546875 0.2421875 0.3203125 0.6549484375 0.1354171875 2 0.5390625 0.1328125 2 0.76953125 0.1432296875 2 0.6302078125 0.4348953125 2 0 0 0 0 0 0
1 0.6640703125 0.3033828125 0.190109375 0.317703125 0.6471359375 0.4505203125 2 0.75390625 0.44921875 2 0.5703125 0.453125 2 0.6651484375 0.1485359375 2 0 0 0 0 0 0
1 0.8125078125 0.322265625 0.229171875 0.30078125 0.81640625 0.45703125 2 0.7057296875 0.4609375 2 0.91796875 0.4518234375 2 0.8372390625 0.1796875 2 0 0 0 0 0 0
1 0.8216171875 0.2890703125 0.276046875 0.322921875 0.8190109375 0.1536453125 2 0.9544265625 0.13671875 2 0.6966140625 0.1705734375 2 0.8125 0.4440109375 2 0 0 0 0 0 0
1 0.919921875 0.3294296875 0.16015625 0.307296875 0.9557296875 0.46484375 2 0.8418625 0.4792 2 0.9973953125 0.4622390625 2 0.9947921875 0.1888015625 2 0 0 0 0 0 0
1 0.2825703125 0.314921875 0.131296875 0.17315625 0.2816203125 0.2521265625 2 0.218578125 0.2305234375 2 0.33965625 0.2673484375 2 0.2625921875 0.38151875 2 0 0 0 0 0 0
1 0.2288125 0.33109375 0.12653125 0.188375 0.2264375 0.404353125 2 0.290490625 0.422909375 2 0.1684015625 0.3948390625 2 0.235 0.24736875 2 0 0 0 0 0 0
1 0.163640625 0.3077890625 0.137 0.193140625 0.16364375 0.236903125 2 0.09686875 0.21365 2 0.2226328125 0.257834375 2 0.1436640625 0.3862765625 2 0 0 0 0 0 0
1 0.13653125 0.317765625 0.12653125 0.188375 0.1370046875 0.3938875 2 0.198203125 0.409590625 2 0.0789671875 0.3824703125 2 0.1389078125 0.2397578125 2 0 0 0 0 0 0
1 0.0629453125 0.313671875 0.111734375 0.173875 0.0583203125 0.38425625 2 0.11555 0.3951578125 2 0.0098109375 0.3755359375 2 0.0605 0.230553125 2 0 0 0 0 0 0
1 0.0795703125 0.2965078125 0.114453125 0.172234375 0.07085625 0.22074375 2 0.0237890625 0.2125578125 2 0.1324453125 0.2332796875 2 0.068675 0.37880625 2 0 0 0 0 0 0
