2 0.7272175926 0.3655 0.0459166667 0.1521851852 0.7239759259 0.2938604938 2 0.7440416667 0.2933962963 2 0.7046074074 0.2943234568 2 0.7279194444 0.4363469136 2 0.7497240741 0.436191358 2 0.7076222222 0.4368098765 2
2 0.702287037 0.3612716049 0.0442962963 0.1503950617 0.7019333333 0.2900444444 2 0.6802444444 0.2912814815 2 0.7225787037 0.2884987654 2 0.7069212963 0.433908642 2 0.6874361111 0.434062963 2 0.7242027778 0.4337530864 2
2 0.6827453704 0.3674876543 0.0476759259 0.1511234568 0.6804824074 0.2964246914 2 0.6589092593 0.2968876543 2 0.7004314815 0.2956506173 2 0.6847740741 0.4410604938 2 0.6648240741 0.4409061728 2 0.703562963 0.4409061728 2
2 0.658462963 0.3650617284 0.0457407407 0.1492098765 0.6571111111 0.2940271605 2 0.6366981481 0.2941814815 2 0.6764805556 0.293408642 2 0.6619824074 0.4371320988 2 0.6423814815 0.4377506173 2 0.6811194444 0.4371320988 2
2 0.6155555556 0.3720987654 0.0420185185 0.147382716 0.6154768519 0.301862963 2 0.5964611111 0.3020962963 2 0.6348407407 0.301862963 2 0.6147787037 0.4430037037 2 0.5954138889 0.4430037037 2 0.6353638889 0.4427716049 2
2 0.5929583333 0.3668765432 0.0425462963 0.1476049383 0.5927972222 0.2965148148 2 0.572212037 0.2969802469 2 0.6133833333 0.295817284 2 0.5934953704 0.4380777778 2 0.571862963 0.4383098765 2 0.6140805556 0.4380777778 2
2 0.5710416667 0.3713024691 0.0416388889 0.1470493827 0.5708064815 0.3006716049 2 0.5509185185 0.3009037037 2 0.5899972222 0.3004395062 2 0.5704527778 0.4425691358 2 0.5513314815 0.4428962963 2 0.5906768519 0.4424061728 2
2 0.5472777778 0.3667777778 0.0428888889 0.1483209877 0.5483703704 0.2959419753 2 0.528125 0.2959419753 2 0.5682277778 0.2956839506 2 0.5474981481 0.4380320988 2 0.5260907407 0.4384197531 2 0.5681314815 0.4379037037 2
2 0.505625 0.3805864198 0.0408425926 0.1371481481 0.5056296296 0.3146666667 2 0.4876685185 0.3146666667 2 0.5253731481 0.3146666667 2 0.5048925926 0.4473506173 2 0.4852851852 0.4472 2 0.5246138889 0.4473506173 2
2 0.4846064815 0.3749814815 0.0394351852 0.1384814815 0.4852851852 0.308908642 2 0.4666907407 0.3085950617 2 0.5037657407 0.3088950617 2 0.4835944444 0.4417938272 2 0.4651138889 0.4419432099 2 0.5037657407 0.4419432099 2
2 0.4640833333 0.379117284 0.0403148148 0.1382345679 0.4644481481 0.3126666667 2 0.4447277778 0.3123666667 2 0.4839435185 0.3126666667 2 0.4630962963 0.4460012346 2 0.4443898148 0.4463024691 2 0.4830425926 0.4460012346 2
2 0.4422777778 0.373154321 0.0401296296 0.139691358 0.4436222222 0.3071604938 2 0.422887037 0.3064098765 2 0.4618777778 0.3077617284 2 0.4422703704 0.4397580247 2 0.423225 0.4397580247 2 0.4608638889 0.439608642 2
2 0.4002777778 0.3715 0.0456111111 0.1408518519 0.4017018519 0.303454321 2 0.3791638889 0.3031530864 2 0.4217601852 0.3033037037 2 0.3994481481 0.4387271605 2 0.3781490741 0.4388777778 2 0.4200703704 0.4390271605 2
2 0.3796296296 0.3663580247 0.0434074074 0.1431358025 0.3806898148 0.2985419753 2 0.3615324074 0.297791358 2 0.3996212963 0.2989925926 2 0.3782101852 0.4347444444 2 0.3584898148 0.4345950617 2 0.3974805556 0.4350444444 2
2 0.3557314815 0.3721049383 0.044962963 0.1436666667 0.3589407407 0.3025975309 2 0.3401212963 0.3024469136 2 0.3777601852 0.3025975309 2 0.3562361111 0.4409024691 2 0.3342611111 0.4412037037 2 0.3777601852 0.4413530864 2
2 0.3360462963 0.3651296296 0.0432407407 0.1418888889 0.3376425926 0.297054321 2 0.3166824074 0.2957024691 2 0.3562361111 0.2972049383 2 0.334712037 0.4338432099 2 0.3144277778 0.4335432099 2 0.3555601852 0.4342938272 2
2 0.728 0.5587222222 0.0409444444 0.1447283951 0.7282416667 0.4902654321 2 0.7085805556 0.4904654321 2 0.7476027778 0.4898654321 2 0.7256898148 0.6290950617 2 0.7076796296 0.6284950617 2 0.7456509259 0.6290950617 2
2 0.7062268519 0.5547654321 0.0415277778 0.1454567901 0.7067796296 0.4850641975 2 0.6895194444 0.4846641975 2 0.7262907407 0.4848641975 2 0.7046777778 0.6244938272 2 0.6865175926 0.6244938272 2 0.7258398148 0.6244938272 2
2 0.6851157407 0.5584074074 0.0416203704 0.1442222222 0.6857675926 0.4887530864 2 0.6667064815 0.4885530864 2 0.7049777778 0.4889530864 2 0.6839657407 0.6285444444 2 0.6653555556 0.6283444444 2 0.7028768519 0.6287444444 2
2 0.6626712963 0.5534135802 0.0447685185 0.1438395062 0.6634046296 0.4845148148 2 0.6444935185 0.4841135802 2 0.6841166667 0.4847148148 2 0.6613027778 0.6219246914 2 0.6404416667 0.6219246914 2 0.6817148148 0.6223246914 2
2 0.6242175926 0.5579382716 0.0369722222 0.1442469136 0.6241935185 0.4882345679 2 0.6069333333 0.4882345679 2 0.6414527778 0.4882345679 2 0.624037037 0.627517284 2 0.6060759259 0.6280296296 2 0.6419981481 0.6276876543 2
2 0.603037037 0.5523765432 0.0416481481 0.1448765432 0.6032537037 0.4827148148 2 0.583625 0.4823728395 2 0.6235240741 0.4827148148 2 0.602612037 0.6218901235 2 0.5827268519 0.6222320988 2 0.6218564815 0.6222320988 2
2 0.5817638889 0.5580246914 0.0409166667 0.1441481481 0.5818287037 0.488854321 2 0.5616861111 0.4886839506 2 0.6003027778 0.4885123457 2 0.5814435185 0.6275012346 2 0.5618148148 0.6278432099 2 0.6009444444 0.6276716049 2
2 0.5598240741 0.5527469136 0.0432222222 0.1437654321 0.5599537037 0.4834271605 2 0.5405814815 0.4834271605 2 0.5799675926 0.4834271605 2 0.5590555556 0.6222753086 2 0.538912963 0.6224469136 2 0.5802240741 0.6221049383 2
2 0.5143935185 0.5507037037 0.0365648148 0.1351111111 0.5148824074 0.4874259259 2 0.4969453704 0.4875333333 2 0.5317768519 0.4867901235 2 0.5147444444 0.6159407407 2 0.496312963 0.6161234568 2 0.5318009259 0.6159407407 2
2 0.4949351852 0.5559876543 0.0385 0.1338518519 0.4953509259 0.4916432099 2 0.4785694444 0.4912765432 2 0.5132314815 0.4916432099 2 0.494937963 0.6206901235 2 0.4765064815 0.6205061728 2 0.5135064815 0.6206901235 2
2 0.4756481481 0.5505555556 0.0384444444 0.1343950617 0.4749935185 0.4857592593 2 0.4578 0.4857592593 2 0.493837963 0.4857592593 2 0.4743055556 0.6146395062 2 0.456562037 0.6148234568 2 0.493562037 0.6144567901 2
2 0.4557592593 0.5563148148 0.0366296296 0.135 0.455187037 0.4916259259 2 0.4375805556 0.4916259259 2 0.4734805556 0.4912592593 2 0.455187037 0.6204888889 2 0.4378555556 0.6210395062 2 0.4736175926 0.6206728395 2
2 0.4158101852 0.5494012346 0.0431018519 0.1365308642 0.4150287037 0.4854814815 2 0.3963222222 0.4856641975 2 0.4341472222 0.4851148148 2 0.4183296296 0.6141790123 2 0.3986601852 0.6149123457 2 0.4364851852 0.6141790123 2
2 0.3959953704 0.5560246914 0.0395092593 0.1349135802 0.3959092593 0.4913271605 2 0.3766527778 0.4916938272 2 0.4140657407 0.4909604938 2 0.3976972222 0.6214567901 2 0.3774777778 0.6216407407 2 0.4157157407 0.6209074074 2
2 0.3751898148 0.5513024691 0.0394351852 0.1358888889 0.3750018519 0.4863432099 2 0.3560203704 0.4857925926 2 0.3931583333 0.4857925926 2 0.3767898148 0.6159407407 2 0.3591842593 0.6163074074 2 0.3945333333 0.6153901235 2
2 0.3550416667 0.5570925926 0.0412314815 0.1360617284 0.3549203704 0.4916592593 2 0.3352509259 0.4916592593 2 0.3750018519 0.4912925926 2 0.3567083333 0.6218246914 2 0.3374518519 0.6221901235 2 0.3750018519 0.6216407407 2
2 0.606375 0.2745308642 0.026287037 0.0654567901 0.606787037 0.2454876543 2 0.5939638889 0.2457308642 2 0.6181453704 0.2454876543 2 0.6071537037 0.3050641975 1 0.595612963 0.305308642 1 0.6183287037 0.3050641975 1
2 0.5917777778 0.2720679012 0.0300740741 0.0664814815 0.5910333333 0.2425567901 2 0.5769268519 0.2435333333 2 0.6038564815 0.2415802469 2 0.5932314815 0.301645679 1 0.5818731481 0.3021333333 2 0.6066046296 0.3009135802 1
2 0.5781111111 0.2766296296 0.0254444444 0.0617530864 0.5772935185 0.248417284 2 0.5655694444 0.2491493827 2 0.5895675926 0.2476851852 2 0.5783925926 0.3045753086 1 0.5672175926 0.305308642 1 0.5901166667 0.3043308642 1
2 0.5617083333 0.2724567901 0.0270833333 0.061308642 0.5615388889 0.2449987654 2 0.5485324074 0.2454876543 2 0.574362037 0.2442666667 2 0.562637963 0.3009135802 1 0.5501814815 0.3018901235 1 0.5747287037 0.3001802469 1
2 0.5469907407 0.2767530864 0.0273333333 0.0600246914 0.5470666667 0.2503703704 2 0.5331444444 0.2503703704 2 0.5600731481 0.249882716 2 0.5476166667 0.3045530864 1 0.5353425926 0.3047975309 1 0.5600731481 0.304308642 1
2 0.5195740741 0.2795 0.0257777778 0.0641851852 0.518962963 0.2503024691 2 0.5072388889 0.2498135802 2 0.5314203704 0.2500580247 2 0.5187805556 0.3098790123 1 0.5077888889 0.3096345679 1 0.530687963 0.3096345679 1
2 0.5035138889 0.276537037 0.0277314815 0.0661851852 0.5037583333 0.2459074074 2 0.4909351852 0.2459074074 2 0.5165814815 0.245662963 2 0.5037583333 0.3079259259 1 0.4911185185 0.3076814815 1 0.5167648148 0.3081703704 1
2 0.4893564815 0.2792839506 0.0268796296 0.0650864198 0.4892861111 0.2485925926 2 0.477012037 0.248837037 2 0.5019268519 0.248837037 2 0.4889898148 0.3100271605 1 0.477012037 0.3098790123 1 0.5024759259 0.3096345679 1
2 0.4742731481 0.2761666667 0.0278611111 0.0674197531 0.4744472222 0.2446864198 2 0.4618074074 0.2449308642 2 0.4880037037 0.2444419753 2 0.4749972222 0.3069493827 1 0.4614407407 0.3071938272 1 0.487637037 0.3064604938 1
2 0.4600416667 0.2794012346 0.0276203704 0.0672962963 0.4597925926 0.2485925926 2 0.4469685185 0.248837037 2 0.4733481481 0.2483481481 2 0.4607083333 0.3113444444 1 0.4484342593 0.3113444444 1 0.4731657407 0.3113444444 1
2 0.4385046296 0.2915185185 0.0153055556 0.0328148148 0.438725 0.2769160494 2 0.4321305556 0.2766728395 2 0.4458694444 0.2764283951 2 0.438725 0.3057283951 1 0.4312148148 0.3062160494 1 0.4453203704 0.3057283951 1
2 0.4297083333 0.2944444444 0.0153055556 0.0328148148 0.4299324074 0.2798469136 2 0.423337037 0.2796024691 2 0.4370768519 0.2793580247 2 0.4299324074 0.3086580247 1 0.4224212963 0.3091469136 1 0.4365268519 0.3086580247 1
2 0.4207268519 0.2902962963 0.0153055556 0.0328148148 0.4209555556 0.2756950617 2 0.4143611111 0.2754518519 2 0.4281 0.2752074074 2 0.4209555556 0.3045074074 1 0.4134444444 0.3049962963 1 0.4275509259 0.3045074074 1
2 0.4035138889 0.2893209877 0.0153055556 0.0328148148 0.4037351852 0.2747185185 2 0.3971407407 0.2744753086 2 0.4108796296 0.2742308642 2 0.4037351852 0.3035308642 1 0.396225 0.3040185185 1 0.4103305556 0.3035308642 1
2 0.4123009259 0.294691358 0.0153055556 0.0328148148 0.4125287037 0.2800901235 2 0.4059342593 0.2798469136 2 0.4196731481 0.2796024691 2 0.4125287037 0.3089024691 1 0.4050175926 0.309391358 1 0.4191240741 0.3089024691 1
2 0.3941712963 0.2927283951 0.0153055556 0.0328148148 0.3943925926 0.278137037 2 0.3877981481 0.2778925926 2 0.401537037 0.2776481481 2 0.3943925926 0.3069493827 1 0.3868814815 0.307437037 1 0.400987963 0.3069493827 1
