1 0.3805221239 0.6944471545 0.4041238938 0.448504065 0.3746318584 0.487804878 2 0.185840708 0.4918699187 2 0.5560477876 0.4850943089 2 0.3782230088 0.9130455285 2 0 0 0 0 0 0
1 0.7728584071 0.6890162602 0.4041238938 0.448504065 0.7669610619 0.4823853659 2 0.592920354 0.4810292683 2 0.9483769912 0.4796747967 2 0.7705539823 0.9076260163 2 0 0 0 0 0 0
1 0.3598849558 0.7283170732 0.4041238938 0.448504065 0.3539823009 0.9349593496 2 0.1710920354 0.9376699187 2 0.5339238938 0.9349593496 2 0.3480831858 0.5054195122 2 0 0 0 0 0 0
1 0.7957168142 0.7107073171 0.3849557522 0.448504065 0.8008849558 0.9173447154 2 0.6179946903 0.9200536585 2 0.9808265487 0.9173447154 2 0.8112088496 0.5040650407 2 0 0 0 0 0 0
1 0.5700530973 0.7025772358 0.3849557522 0.448504065 0.5752212389 0.9092146341 2 0.3908548673 0.9159886179 2 0.7551628319 0.9051495935 2 0.5722707965 0.4932243902 2 0 0 0 0 0 0
1 0.3193185841 0.2466178862 0.3879115044 0.3739837398 0.3215345133 0.4159886179 2 0.1386424779 0.418699187 2 0.5014743363 0.4159886179 2 0.314159292 0.066395122 2 0 0 0 0 0 0
1 0.5494070796 0.2195121951 0.3879115044 0.3739837398 0.5516230088 0.3888894309 2 0.3687309735 0.391598374 2 0.7315628319 0.3888894309 2 0.5442477876 0.039295935 2 0 0 0 0 0 0
1 0.7721327434 0.2317073171 0.3879115044 0.3739837398 0.7743362832 0.4010845528 2 0.5914460177 0.4037934959 2 0.9542778761 0.4010845528 2 0.7787610619 0.0514910569 2 0 0 0 0 0 0
1 0.348079646 0.2269674797 0.4041238938 0.3726341463 0.3421823009 0.0542 2 0.1548672566 0.0514910569 2 0.5235982301 0.0514910569 2 0.3421823009 0.4037934959 2 0 0 0 0 0 0
1 0.7536902655 0.2147723577 0.4041238938 0.3726341463 0.7477876106 0.042004878 2 0.5604725664 0.039295935 2 0.9292035398 0.039295935 2 0.7477876106 0.3834682927 2 0 0 0 0 0 0
