3 0.717296875 0.2004921875 0.18415625 0.188609375 0.6356203125 0.190834375 2 0.7952671875 0.10766875 2 0.7856140625 0.2851375 2 0 0 0 0 0 0 0 0 0
3 0.674984375 0.1990078125 0.18415625 0.188609375 0.5932953125 0.18935 2 0.7529421875 0.106184375 2 0.7432890625 0.283653125 2 0 0 0 0 0 0 0 0 0
3 0.644234375 0.2032265625 0.18415625 0.188609375 0.562559375 0.193578125 2 0.7134609375 0.1043671875 2 0.7134609375 0.28059375 2 0 0 0 0 0 0 0 0 0
3 0.603171875 0.2083671875 0.18415625 0.188609375 0.521496875 0.1987109375 2 0.6723984375 0.1095 2 0.6826640625 0.28059375 2 0 0 0 0 0 0 0 0 0
3 0.57409375 0.202375 0.18415625 0.204 0.4924109375 0.200421875 2 0.639890625 0.106078125 2 0.653578125 0.2823046875 2 0 0 0 0 0 0 0 0 0
3 0.536453125 0.2075 0.18415625 0.204 0.4547703125 0.2055546875 2 0.6108046875 0.112921875 2 0.6159375 0.2874375 2 0 0 0 0 0 0 0 0 0
3 0.500515625 0.2075 0.18415625 0.204 0.418840625 0.2055546875 2 0.574875 0.112921875 2 0.5800078125 0.2874375 2 0 0 0 0 0 0 0 0 0
3 0.46459375 0.202375 0.18415625 0.204 0.3829109375 0.200421875 2 0.5457890625 0.11634375 2 0.5389453125 0.29428125 2 0 0 0 0 0 0 0 0 0
3 0.430375 0.20065625 0.18415625 0.204 0.3486921875 0.1987109375 2 0.5115703125 0.1146328125 2 0.5047265625 0.2925703125 2 0 0 0 0 0 0 0 0 0
3 0.4158203125 0.19553125 0.131109375 0.204 0.3076296875 0.193578125 1 0.49275 0.112921875 2 0.441421875 0.277171875 2 0 0 0 0 0 0 0 0 0
3 0.5675859375 0.3561875 0.377484375 0.15096875 0.5432296875 0.416678125 2 0.3952265625 0.2994140625 2 0.7442578125 0.345609375 2 0 0 0 0 0 0 0 0 0
3 0.191640625 0.73025 0.2098125 0.29296875 0.1091 0.72145 2 0.2754609375 0.60225 2 0.2583515625 0.8606 2 0 0 0 0 0 0 0 0 0
3 0.23440625 0.733671875 0.2098125 0.29296875 0.1518734375 0.724871875 2 0.318234375 0.605671875 2 0.301125 0.8640234375 2 0 0 0 0 0 0 0 0 0
3 0.2611875 0.738796875 0.17096875 0.29296875 0.19806875 0.7300046875 2 0.348590625 0.6155125 2 0.3473203125 0.86915625 2 0 0 0 0 0 0 0 0 0
3 0.2823984375 0.7396796875 0.128546875 0.216953125 0.2404984375 0.735309375 2 0.3465078125 0.6523546875 2 0.3394375 0.8150015625 2 0 0 0 0 0 0 0 0 0
3 0.3036171875 0.7370390625 0.086109375 0.151546875 0.282928125 0.7406125 2 0.3482765625 0.6859453125 2 0.3482765625 0.7937875 2 0 0 0 0 0 0 0 0 0
3 0.265890625 0.1731796875 0.1603125 0.346359375 0.2081015625 0.09738125 2 0 0 0 0.3482765625 0.3076140625 2 0 0 0 0 0 0 0 0 0
3 0.23828125 0.21171875 0.2140625 0.4234375 0.155065625 0.1132921875 2 0 0 0 0.344740625 0.39070625 2 0 0 0 0 0 0 0 0 0
3 0.1881015625 0.218265625 0.245171875 0.43653125 0.087884375 0.08500625 2 0 0 0 0.298775 0.41545625 2 0 0 0 0 0 0 0 0 0
3 0.15078125 0.21015625 0.2453125 0.4203125 0.050759375 0.0690953125 2 0 0 0 0.26165 0.3995453125 2 0 0 0 0 0 0 0 0 0
3 0.11484375 0.21015625 0.2296875 0.4203125 0.008228125 0.0690953125 2 0 0 0 0.21911875 0.3995453125 2 0 0 0 0 0 0 0 0 0
3 0.7087421875 0.744390625 0.275234375 0.34246875 0.5935046875 0.71084375 2 0.8291453125 0.604621875 2 0.75489375 0.8945578125 2 0 0 0 0 0 0 0 0 0
3 0.7600234375 0.740859375 0.275234375 0.34246875 0.6447734375 0.7073078125 2 0.88571875 0.609925 2 0.784946875 0.9016296875 2 0 0 0 0 0 0 0 0 0
3 0.8059765625 0.756765625 0.275234375 0.34246875 0.6907390625 0.72321875 2 0.9316828125 0.6258359375 2 0.8309125 0.917540625 2 0 0 0 0 0 0 0 0 0
3 0.8484140625 0.7744375 0.275234375 0.34246875 0.73316875 0.740896875 2 0.9741125 0.643515625 2 0.8733421875 0.93521875 2 0 0 0 0 0 0 0 0 0
3 0.875 0.7859375 0.25 0.34375 0.7738296875 0.7532734375 2 0 0 0 0.9140046875 0.9475953125 2 0 0 0 0 0 0 0 0 0
3 0.8969453125 0.8045 0.206109375 0.34246875 0.816259375 0.7709515625 2 1 0.6983203125 2 0.956434375 0.9652734375 2 0 0 0 0 0 0 0 0 0
3 0.9208125 0.831015625 0.158375 0.26821875 0.86399375 0.7833265625 2 1 0.7230703125 2 1 0.9458265625 2 0 0 0 0 0 0 0 0 0
3 0.94290625 0.831890625 0.1141875 0.209875 0.9028859375 0.7921671875 2 1 0.746053125 2 1 0.89809375 2 0 0 0 0 0 0 0 0 0
3 0.959703125 0.82040625 0.08059375 0.1409375 0.9488515625 0.806309375 2 0 0 0 0 0 0 0 0 0 0 0 0 0 0 0
