1 0.60221875 0.7760390625 0.20703125 0.380203125 0.6015625 0.5963546875 2 0.5065109375 0.5963546875 2 0.69921875 0.5963546875 2 0.60103125 0.961353125 2 0 0 0 0 0 0
1 0.8235625 0.80859375 0.21484375 0.3828125 0.8229171875 0.6263015625 2 0.7278640625 0.62890625 2 0.9231765625 0.6263015625 2 0.822340625 0.995175 2 0 0 0 0 0 0
1 0.37175 0.713546875 0.19140625 0.3671875 0.3684890625 0.5416671875 2 0.2838546875 0.5455734375 2 0.4609375 0.5416671875 2 0.3815109375 0.8893234375 2 0 0 0 0 0 0
1 0.1686171875 0.7174453125 0.196609375 0.346359375 0.1588546875 0.5520828125 2 0.0768234375 0.5559890625 2 0.2604171875 0.55078125 2 0.1744796875 0.8815109375 2 0 0 0 0 0 0
1 0.174484375 0.7395859375 0.1953125 0.364578125 0.1809890625 0.9049484375 2 0.0846359375 0.9114578125 2 0.2643234375 0.8958328125 2 0.1733640625 0.5618875 2 0 0 0 0 0 0
1 0.2818984375 0.7259140625 0.186203125 0.337234375 0.28125 0.88671875 2 0.37109375 0.8802078125 2 0.1911484375 0.8902796875 2 0.2708328125 0.5611984375 2 0 0 0 0 0 0
1 0.5911484375 0.7942734375 0.208328125 0.380203125 0.58960625 0.9795828125 2 0.4896046875 0.9795828125 2 0.6926859375 0.9795828125 2 0.58995625 0.608959375 2 0 0 0 0 0 0
1 0.5943984375 0.2760390625 0.212234375 0.411453125 0.59375 0.0872390625 2 0.4973953125 0.0859375 2 0.6861984375 0.09765625 2 0.58203125 0.4661453125 2 0 0 0 0 0 0
1 0.571609375 0.290359375 0.203125 0.390625 0.5690109375 0.4713546875 2 0.4752609375 0.4609375 2 0.6627609375 0.4778640625 2 0.5704546875 0.0999765625 2 0 0 0 0 0 0
1 0.6868515625 0.2851484375 0.196609375 0.380203125 0.6848953125 0.46484375 2 0.78125 0.4674484375 2 0.59375 0.4596359375 2 0.6953125 0.1028640625 2 0 0 0 0 0 0
1 0.8059921875 0.2812421875 0.213546875 0.388015625 0.8072921875 0.0963546875 2 0.90625 0.0963546875 2 0.7083328125 0.0963546875 2 0.7981765625 0.46875 2 0 0 0 0 0 0
1 0.7070390625 0.7936171875 0.190109375 0.384109375 0.7083328125 0.9739578125 2 0.796875 0.9752609375 2 0.6184890625 0.9739578125 2 0.7081171875 0.6064046875 2 0 0 0 0 0 0
1 0.1673203125 0.236328125 0.180984375 0.35546875 0.1705734375 0.3997390625 2 0.0833328125 0.40625 2 0.25390625 0.3919265625 2 0.14453125 0.0625 2 0 0 0 0 0 0
1 0.1653671875 0.20378125 0.174484375 0.33984375 0.1640625 0.0403640625 2 0.0833328125 0.0416671875 2 0.2434890625 0.0403640625 2 0.1783859375 0.3684890625 2 0 0 0 0 0 0
1 0.2701796875 0.2135390625 0.170578125 0.341140625 0.26953125 0.3763015625 2 0.1875 0.3776046875 2 0.3489578125 0.3736984375 2 0.2526046875 0.0481765625 2 0 0 0 0 0 0
1 0.3854140625 0.2213515625 0.174484375 0.346359375 0.3841140625 0.3763015625 2 0.3020828125 0.37890625 2 0.4661453125 0.3697921875 2 0.3736984375 0.05078125 2 0 0 0 0 0 0
1 0.3945390625 0.735671875 0.190109375 0.375 0.39453125 0.9075515625 2 0.3059890625 0.9114578125 2 0.484375 0.9049484375 2 0.3828125 0.5559890625 2 0 0 0 0 0 0
