0 0.2190766551 0.5160294118 0.0977351916 0.0153921569 0.1735191638 0.5093137255 2 0.1731707317 0.5221568627 2 0.2641114983 0.5210784314 2 0.2639372822 0.5090196078 2 0 0 0 0 0 0
0 0.224912892 0.5120098039 0.0993031359 0.0153921569 0.1790940767 0.5190196078 2 0.1785714286 0.5074509804 2 0.2707317073 0.5069607843 2 0.2705574913 0.5190196078 2 0 0 0 0 0 0
0 0.2175958188 0.499754902 0.0933797909 0.0151960784 0.1721254355 0.4935294118 2 0.1728222997 0.5060784314 2 0.2614982578 0.5049019608 2 0.2613240418 0.4928431373 2 0 0 0 0 0 0
0 0.2240418118 0.4964215686 0.0993031359 0.0153921569 0.1782229965 0.5034313725 2 0.1777003484 0.4918627451 2 0.2698606272 0.491372549 2 0.2696864111 0.5034313725 2 0 0 0 0 0 0
0 0.2163763066 0.4832843137 0.0933797909 0.0151960784 0.1709059233 0.4770588235 2 0.1716027875 0.4896078431 2 0.2602787456 0.4884313725 2 0.2601045296 0.476372549 2 0 0 0 0 0 0
0 0.2226480836 0.4803431373 0.0993031359 0.0153921569 0.1768292683 0.4873529412 2 0.1763066202 0.4757843137 2 0.268466899 0.4752941176 2 0.2682926829 0.4873529412 2 0 0 0 0 0 0
0 0.3244773519 0.5135784314 0.0991289199 0.0153921569 0.2777003484 0.5069607843 2 0.2782229965 0.5195098039 2 0.3709059233 0.5191176471 2 0.3709059233 0.5066666667 2 0 0 0 0 0 0
0 0.3322299652 0.5101470588 0.0993031359 0.0153921569 0.2864111498 0.5171568627 2 0.2858885017 0.5055882353 2 0.3780487805 0.5050980392 2 0.3778745645 0.5171568627 2 0 0 0 0 0 0
0 0.3213414634 0.4978921569 0.0991289199 0.0153921569 0.2745644599 0.4912745098 2 0.275087108 0.5038235294 2 0.3677700348 0.5034313725 2 0.3677700348 0.4909803922 2 0 0 0 0 0 0
0 0.3277003484 0.4943627451 0.0993031359 0.0153921569 0.2818815331 0.501372549 2 0.281358885 0.4898039216 2 0.3735191638 0.4893137255 2 0.3733449477 0.501372549 2 0 0 0 0 0 0
0 0.3229094077 0.4817156863 0.0991289199 0.0153921569 0.2761324042 0.4750980392 2 0.2766550523 0.4876470588 2 0.3693379791 0.487254902 2 0.3693379791 0.4748039216 2 0 0 0 0 0 0
0 0.3270034843 0.478872549 0.0993031359 0.0157843137 0.281184669 0.4848039216 2 0.2806620209 0.4732352941 2 0.3731707317 0.4721568627 2 0.3738675958 0.4844117647 2 0 0 0 0 0 0
0 0.4323170732 0.5098529412 0.0991289199 0.0153921569 0.3855400697 0.5032352941 2 0.3860627178 0.5157843137 2 0.4789198606 0.5156862745 2 0.4787456446 0.5029411765 2 0 0 0 0 0 0
0 0.3322299652 0.5101470588 0.0993031359 0.0153921569 0.2864111498 0.5171568627 2 0.2858885017 0.5055882353 2 0.3780487805 0.5050980392 2 0.3778745645 0.5171568627 2 0 0 0 0 0 0
0 0.4445993031 0.5075980392 0.0993031359 0.0144117647 0.3984320557 0.5138235294 2 0.3982578397 0.5018627451 2 0.4904181185 0.5019607843 2 0.4912891986 0.5134313725 2 0 0 0 0 0 0
0 0.4335365854 0.4940686275 0.0980836237 0.0153921569 0.38728223 0.4874509804 2 0.387804878 0.5 2 0.4796167247 0.4997058824 2 0.4790940767 0.487254902 2 0 0 0 0 0 0
0 0.443728223 0.4921078431 0.0993031359 0.0144117647 0.3975609756 0.4983333333 2 0.3973867596 0.486372549 2 0.4895470383 0.4864705882 2 0.4904181185 0.4979411765 2 0 0 0 0 0 0
0 0.437369338 0.4783823529 0.0980836237 0.0153921569 0.3911149826 0.4717647059 2 0.3916376307 0.4843137255 2 0.4834494774 0.4840196078 2 0.4829268293 0.4715686275 2 0 0 0 0 0 0
0 0.4447735192 0.4759313725 0.0993031359 0.0144117647 0.399825784 0.4819607843 2 0.4 0.47 2 0.4905923345 0.4702941176 2 0.4914634146 0.4817647059 2 0 0 0 0 0 0
0 0.6160278746 0.4789705882 0.1013937282 0.0151960784 0.5682926829 0.4846078431 2 0.568466899 0.4726470588 2 0.6630662021 0.4719607843 2 0.6632404181 0.4846078431 2 0 0 0 0 0 0
0 0.6301393728 0.4795098039 0.1013937282 0.0164705882 0.5818815331 0.4737254902 2 0.5824041812 0.4869607843 2 0.6771777003 0.4858823529 2 0.6773519164 0.4732352941 2 0 0 0 0 0 0
0 0.618815331 0.495245098 0.1013937282 0.0151960784 0.5710801394 0.5008823529 2 0.5712543554 0.4889215686 2 0.6658536585 0.4882352941 2 0.6660278746 0.5008823529 2 0 0 0 0 0 0
0 0.643902439 0.4949019608 0.1013937282 0.0164705882 0.5956445993 0.4891176471 2 0.5961672474 0.5023529412 2 0.6909407666 0.5012745098 2 0.6911149826 0.488627451 2 0 0 0 0 0 0
0 0.6449477352 0.5114215686 0.1013937282 0.0151960784 0.5972125436 0.5170588235 2 0.5973867596 0.5050980392 2 0.6919860627 0.5044117647 2 0.6921602787 0.5170588235 2 0 0 0 0 0 0
0 0.6566202091 0.5114705882 0.1013937282 0.0164705882 0.6083623693 0.5056862745 2 0.6088850174 0.5189215686 2 0.7036585366 0.5178431373 2 0.7038327526 0.5051960784 2 0 0 0 0 0 0
0 0.7594250871 0.515372549 0.1029616725 0.0155882353 0.7107787456 0.520954902 2 0.7107787456 0.5087892157 2 0.8077108014 0.5082009804 2 0.8084094077 0.5212490196 2 0 0 0 0 0 0
0 0.7675783972 0.5168137255 0.1029616725 0.0175490196 0.7185452962 0.5104931373 2 0.7190679443 0.5237284314 2 0.8159059233 0.5235058824 2 0.8159059233 0.5104578431 2 0 0 0 0 0 0
0 0.7681010453 0.5005294118 0.1029616725 0.0175490196 0.7190679443 0.4942078431 2 0.7195905923 0.5074431373 2 0.8164285714 0.5072196078 2 0.8164285714 0.4941715686 2 0 0 0 0 0 0
0 0.7609930314 0.499372549 0.1029616725 0.0155882353 0.7123484321 0.5049637255 2 0.7123484321 0.4927980392 2 0.8092804878 0.4922088235 2 0.8099773519 0.5052578431 2 0 0 0 0 0 0
0 0.7716027875 0.4847352941 0.1029616725 0.0146078431 0.722554007 0.4784127451 2 0.7229825784 0.4909333333 2 0.8200888502 0.4904431373 2 0.8199146341 0.4783754902 2 0 0 0 0 0 0
0 0.7629094077 0.4831862745 0.1029616725 0.0155882353 0.7142665505 0.4887754902 2 0.7142665505 0.4766098039 2 0.8111986063 0.4760215686 2 0.8118954704 0.4890696078 2 0 0 0 0 0 0
0 0.2368815331 0.4634705882 0.1016376307 0.0167058824 0.1898972125 0.4698235294 2 0.1888658537 0.4577735294 2 0.2842839721 0.4562627451 2 0.285 0.4693588235 2 0 0 0 0 0 0
0 0.2478832753 0.464877451 0.1011324042 0.0165980392 0.2001010453 0.4600784314 2 0.2006236934 0.472627451 2 0.2939494774 0.4708705882 2 0.2948449477 0.4570686275 2 0 0 0 0 0 0
0 0.3809756098 0.462872549 0.1016724739 0.0153921569 0.3329337979 0.45625 2 0.333456446 0.4687990196 2 0.4283937282 0.4682509804 2 0.4273205575 0.4560607843 2 0 0 0 0 0 0
0 0.3701393728 0.4609411765 0.0993031359 0.0157843137 0.3243292683 0.4668715686 2 0.323804878 0.4553029412 2 0.4163135889 0.4542245098 2 0.417010453 0.4664794118 2 0 0 0 0 0 0
0 0.3668292683 0.4469509804 0.0980836237 0.0153921569 0.3205818815 0.4403333333 2 0.3211045296 0.4528823529 2 0.4129163763 0.4525882353 2 0.4123937282 0.4401372549 2 0 0 0 0 0 0
0 0.3558188153 0.4452254902 0.0993031359 0.0157843137 0.3100069686 0.4511558824 2 0.3094843206 0.4395872549 2 0.4019930314 0.4385088235 2 0.4026898955 0.4507637255 2 0 0 0 0 0 0
0 0.2504703833 0.4485098039 0.1009407666 0.0160980392 0.2021132404 0.4429647059 2 0.2028292683 0.4560607843 2 0.2979843206 0.4537970588 2 0.2974616725 0.4413460784 2 0 0 0 0 0 0
0 0.2391027875 0.4466372549 0.101445993 0.0157843137 0.1911933798 0.4535421569 2 0.1910139373 0.4417558824 2 0.2863466899 0.4399196078 2 0.287043554 0.4521745098 2 0 0 0 0 0 0
0 0.2434843206 0.4321960784 0.1009407666 0.0160980392 0.195130662 0.4266441176 2 0.1958484321 0.4397411765 2 0.2910034843 0.4374764706 2 0.2904808362 0.4250254902 2 0 0 0 0 0 0
0 0.2344425087 0.4304117647 0.1007317073 0.0157843137 0.1868972125 0.4373235294 2 0.18671777 0.4255362745 2 0.2820505226 0.4237 2 0.2827473868 0.435954902 2 0 0 0 0 0 0
0 0.3607491289 0.4295196078 0.1005923345 0.0153921569 0.3136428571 0.423622549 2 0.3148954704 0.4360137255 2 0.4080818815 0.4351598039 2 0.4075592334 0.4227088235 2 0 0 0 0 0 0
0 0.3522473868 0.4283529412 0.1018118467 0.0170980392 0.3050505226 0.4347039216 2 0.3046498258 0.4220578431 2 0.3992142857 0.4212039216 2 0.4010034843 0.4338980392 2 0 0 0 0 0 0
0 0.4942073171 0.4289607843 0.0985888502 0.0148823529 0.4486236934 0.4358117647 2 0.4482247387 0.4231666667 2 0.5397439024 0.4222117647 2 0.5404599303 0.4350058824 2 0 0 0 0 0 0
0 0.5033362369 0.4309313725 0.0989721254 0.0153921569 0.4561428571 0.4248313725 2 0.4572160279 0.4369205882 2 0.5498658537 0.4365696078 2 0.5493432056 0.4241186275 2 0 0 0 0 0 0
0 0.4961759582 0.4444705882 0.0985888502 0.0148823529 0.4505923345 0.4513264706 2 0.4501933798 0.4386803922 2 0.5417142857 0.4377264706 2 0.5424303136 0.4505205882 2 0 0 0 0 0 0
0 0.5060191638 0.4464509804 0.0989721254 0.0153921569 0.4588275261 0.440345098 2 0.459902439 0.4524343137 2 0.5525505226 0.4520843137 2 0.5520278746 0.4396333333 2 0 0 0 0 0 0
0 0.4967160279 0.4445686275 0.0985888502 0.0148823529 0.451130662 0.451427451 2 0.4507299652 0.4387813725 2 0.5422508711 0.4378264706 2 0.542966899 0.4506215686 2 0 0 0 0 0 0
0 0.5150696864 0.4625147059 0.0966550523 0.0150882353 0.4699268293 0.4573705882 2 0.4699268293 0.4682509804 2 0.5615017422 0.4683039216 2 0.5609790941 0.4558529412 2 0 0 0 0 0 0
0 0.6318815331 0.460754902 0.1013937282 0.0164705882 0.5836219512 0.4549715686 2 0.5841445993 0.4682068627 2 0.6789181185 0.4671284314 2 0.6790923345 0.4544813725 2 0 0 0 0 0 0
0 0.6391637631 0.4599411765 0.1013937282 0.0151960784 0.5914216028 0.4655735294 2 0.5915958188 0.4536127451 2 0.686195122 0.4529264706 2 0.686369338 0.4655735294 2 0 0 0 0 0 0
0 0.7541811847 0.4615 0.1029616725 0.0146078431 0.7051445993 0.4551794118 2 0.7055731707 0.4677009804 2 0.8026794425 0.4672107843 2 0.8025052265 0.4551431373 2 0 0 0 0 0 0
0 0.7644076655 0.459254902 0.1029616725 0.0155882353 0.7157578397 0.4648431373 2 0.7157578397 0.452677451 2 0.8126898955 0.4520882353 2 0.8133885017 0.4651372549 2 0 0 0 0 0 0
0 0.7452264808 0.4442843137 0.1029616725 0.0146078431 0.6961916376 0.4379647059 2 0.6966202091 0.4504862745 2 0.7937264808 0.4499960784 2 0.7935522648 0.4379284314 2 0 0 0 0 0 0
0 0.7529616725 0.4433039216 0.1029616725 0.0155882353 0.7043170732 0.4488872549 2 0.7043170732 0.436722549 2 0.8012491289 0.4361333333 2 0.8019477352 0.4491823529 2 0 0 0 0 0 0
0 0.6273432056 0.4452647059 0.1004703833 0.0146078431 0.5795487805 0.4389441176 2 0.5799773519 0.4514656863 2 0.673738676 0.4506617647 2 0.6739878049 0.438904902 2 0 0 0 0 0 0
0 0.6340853659 0.4433039216 0.0999825784 0.0155882353 0.5869285714 0.4488872549 2 0.5869285714 0.436722549 2 0.6812003484 0.4365254902 2 0.6807020906 0.4487019608 2 0 0 0 0 0 0
0 0.743989547 0.4283333333 0.1029616725 0.0146078431 0.6949477352 0.4220098039 2 0.6953763066 0.4345313725 2 0.7913763066 0.4341460784 2 0.7911271777 0.4219705882 2 0 0 0 0 0 0
0 0.750966899 0.4269215686 0.1019686411 0.0155882353 0.702825784 0.4325127451 2 0.702825784 0.4203470588 2 0.7975940767 0.4202911765 2 0.7975940767 0.4324666667 2 0 0 0 0 0 0
0 0.6236149826 0.4284705882 0.0999825784 0.0146078431 0.5760679443 0.42215 2 0.5764965157 0.4346715686 2 0.669510453 0.4342862745 2 0.6697595819 0.4223901961 2 0 0 0 0 0 0
0 0.6320818815 0.4269215686 0.1019686411 0.0155882353 0.5839442509 0.4325127451 2 0.5839442509 0.4203470588 2 0.6787125436 0.4202911765 2 0.6787125436 0.4324666667 2 0 0 0 0 0 0
0 0.2333362369 0.4017745098 0.0818641115 0.0160980392 0.1941724739 0.3980362745 2 0.1952317073 0.409327451 2 0.2695017422 0.4079696078 2 0.2690905923 0.3958421569 2 0 0 0 0 0 0
0 0.223466899 0.4014215686 0.0787804878 0.0157843137 0.1868972125 0.4083313725 2 0.18671777 0.3965441176 2 0.2604703833 0.3948019608 2 0.260674216 0.4071617647 2 0 0 0 0 0 0
0 0.3295905923 0.3992352941 0.0818641115 0.0160980392 0.2904372822 0.395495098 2 0.2914965157 0.4067872549 2 0.3657665505 0.4054284314 2 0.3653554007 0.3933 2 0 0 0 0 0 0
0 0.3191289199 0.3983039216 0.0787804878 0.0157843137 0.2825452962 0.4052127451 2 0.2823675958 0.3934254902 2 0.3561184669 0.3916833333 2 0.3563240418 0.4040421569 2 0 0 0 0 0 0
0 0.3121428571 0.3830588235 0.0787804878 0.0157843137 0.2755662021 0.3899656863 2 0.2753885017 0.3781784314 2 0.3491393728 0.3764362745 2 0.3493449477 0.3887960784 2 0 0 0 0 0 0
0 0.3205662021 0.3836470588 0.0818641115 0.0160980392 0.2814059233 0.3799019608 2 0.2824651568 0.3911931373 2 0.3567351916 0.3898352941 2 0.3563240418 0.3777068627 2 0 0 0 0 0 0
0 0.2362108014 0.3866470588 0.0818641115 0.0160980392 0.1970452962 0.382904902 2 0.1981062718 0.3941960784 2 0.2723745645 0.3928382353 2 0.2719634146 0.3807098039 2 0 0 0 0 0 0
0 0.2259407666 0.3862941176 0.0787804878 0.0157843137 0.189358885 0.3932 2 0.1891811847 0.3814127451 2 0.2629320557 0.3796705882 2 0.2631376307 0.3920294118 2 0 0 0 0 0 0
0 0.2364198606 0.3715196078 0.0818641115 0.0160980392 0.1972508711 0.3677735294 2 0.1983101045 0.3790647059 2 0.2725801394 0.3777068627 2 0.2721689895 0.3655784314 2 0 0 0 0 0 0
0 0.2251219512 0.3711568627 0.0787804878 0.0157843137 0.1885383275 0.3780686275 2 0.188358885 0.3662813725 2 0.2621114983 0.3645392157 2 0.2623170732 0.3768990196 2 0 0 0 0 0 0
0 0.3121428571 0.3686176471 0.0787804878 0.0157843137 0.2755662021 0.375527451 2 0.2753885017 0.3637401961 2 0.3491393728 0.3619980392 2 0.3493449477 0.3743568627 2 0 0 0 0 0 0
0 0.3222038328 0.3688627451 0.0818641115 0.0160980392 0.2830487805 0.3651166667 2 0.2841080139 0.3764088235 2 0.3583763066 0.37505 2 0.357966899 0.362922549 2 0 0 0 0 0 0
0 0.3209843206 0.355 0.0818641115 0.0160980392 0.2818170732 0.3512558824 2 0.2828763066 0.3625480392 2 0.3571445993 0.3611892157 2 0.3567351916 0.3490617647 2 0 0 0 0 0 0
0 0.3121428571 0.3539509804 0.0787804878 0.0157843137 0.2755662021 0.3608578431 2 0.2753885017 0.3490705882 2 0.3491393728 0.3473284314 2 0.3493449477 0.3596882353 2 0 0 0 0 0 0
0 0.2251219512 0.3559117647 0.0787804878 0.0157843137 0.1885383275 0.3628215686 2 0.188358885 0.3510343137 2 0.2621114983 0.3492921569 2 0.2623170732 0.3616519608 2 0 0 0 0 0 0
0 0.2327090592 0.3555784314 0.0818641115 0.0160980392 0.1935557491 0.3518333333 2 0.1946167247 0.3631254902 2 0.2688850174 0.3617666667 2 0.2684756098 0.3496392157 2 0 0 0 0 0 0
0 0.2212195122 0.341127451 0.0787804878 0.0157843137 0.1846393728 0.3480362745 2 0.1844599303 0.33625 2 0.2582125436 0.3345078431 2 0.2584163763 0.3468666667 2 0 0 0 0 0 0
0 0.2310714286 0.341372549 0.0818641115 0.0160980392 0.1919146341 0.3376264706 2 0.1929738676 0.3489176471 2 0.2672439024 0.3475598039 2 0.2668327526 0.3354313725 2 0 0 0 0 0 0
0 0.3193292683 0.3398627451 0.0818641115 0.0160980392 0.280174216 0.3361245098 2 0.2812351916 0.3474166667 2 0.3555034843 0.3460578431 2 0.3550923345 0.3339303922 2 0 0 0 0 0 0
0 0.3102961672 0.3392843137 0.0787804878 0.0157843137 0.2737195122 0.3461882353 2 0.2735400697 0.3344009804 2 0.3472926829 0.3326598039 2 0.3474982578 0.3450186275 2 0 0 0 0 0 0
0 0.4091550523 0.3983137255 0.0818641115 0.0160980392 0.369804878 0.3926137255 2 0.3702160279 0.4049921569 2 0.4453188153 0.4045029412 2 0.4449076655 0.3923754902 2 0 0 0 0 0 0
0 0.4977439024 0.3965784314 0.0818641115 0.0160980392 0.458402439 0.3908794118 2 0.4588135889 0.4032568627 2 0.5339163763 0.4027676471 2 0.5350766551 0.3907637255 2 0 0 0 0 0 0
0 0.4133449477 0.3969411765 0.0787804878 0.0157843137 0.3767770035 0.4038509804 2 0.376597561 0.3920637255 2 0.4503501742 0.3903215686 2 0.450554007 0.4026813725 2 0 0 0 0 0 0
0 0.504869338 0.3952843137 0.0818641115 0.0160980392 0.465533101 0.400977451 2 0.4659442509 0.3886 2 0.5410452962 0.3890882353 2 0.5422073171 0.4010931373 2 0 0 0 0 0 0
0 0.5059320557 0.3811176471 0.0818641115 0.0160980392 0.4665818815 0.3754196078 2 0.4669912892 0.3877980392 2 0.5420940767 0.3873088235 2 0.5432560976 0.3753039216 2 0 0 0 0 0 0
0 0.5124303136 0.3794705882 0.0818641115 0.0160980392 0.4730818815 0.3851647059 2 0.4734930314 0.3727862745 2 0.5485940767 0.3732754902 2 0.5497560976 0.3852803922 2 0 0 0 0 0 0
0 0.4100958188 0.3820588235 0.0818641115 0.0160980392 0.3707491289 0.3763637255 2 0.3711585366 0.3887421569 2 0.446261324 0.3882529412 2 0.4474233449 0.3762480392 2 0 0 0 0 0 0
0 0.4176393728 0.381 0.0818641115 0.0160980392 0.3782979094 0.3866980392 2 0.3793466899 0.3751460784 2 0.4538101045 0.3748088235 2 0.4549721254 0.3868137255 2 0 0 0 0 0 0
0 0.5073954704 0.3471862745 0.0818641115 0.0169215686 0.4680487805 0.3533019608 2 0.4684599303 0.3409245098 2 0.5439616725 0.3404519608 2 0.5447229965 0.3534176471 2 0 0 0 0 0 0
0 0.4105139373 0.3663627451 0.0818641115 0.0160980392 0.3711672474 0.3606686275 2 0.3715783972 0.3730470588 2 0.4466794425 0.3725578431 2 0.4478414634 0.3605529412 2 0 0 0 0 0 0
0 0.4172212544 0.3663039216 0.0818641115 0.0169215686 0.3778780488 0.3724196078 2 0.3782891986 0.3600421569 2 0.4537909408 0.3595696078 2 0.4545522648 0.3725352941 2 0 0 0 0 0 0
0 0.501315331 0.3494901961 0.0818641115 0.0160980392 0.4619686411 0.3437941176 2 0.4623780488 0.3561715686 2 0.5374808362 0.3556833333 2 0.5386428571 0.3436784314 2 0 0 0 0 0 0
0 0.4019076655 0.3509117647 0.0818641115 0.0160980392 0.3625696864 0.3452098039 2 0.3629808362 0.3575872549 2 0.4380818815 0.3570990196 2 0.4392439024 0.3450941176 2 0 0 0 0 0 0
0 0.4069425087 0.3488431373 0.0818641115 0.0169215686 0.3676027875 0.3549539216 2 0.3680139373 0.3425764706 2 0.4435156794 0.342104902 2 0.4442770035 0.3550696078 2 0 0 0 0 0 0
0 0.4952351916 0.3333235294 0.0818641115 0.0160980392 0.4558867596 0.3276264706 2 0.4562979094 0.340004902 2 0.5313989547 0.3395156863 2 0.5325609756 0.3275107843 2 0 0 0 0 0 0
0 0.5011062718 0.3320882353 0.0818641115 0.0169215686 0.4617578397 0.3381970588 2 0.4621689895 0.3258196078 2 0.5376707317 0.3253470588 2 0.5384320557 0.3383127451 2 0 0 0 0 0 0
0 0.4016986063 0.3354509804 0.0818641115 0.0160980392 0.3623606272 0.3297509804 2 0.362771777 0.3421284314 2 0.4378728223 0.3416401961 2 0.4390348432 0.3296352941 2 0 0 0 0 0 0
0 0.4071515679 0.3336176471 0.0818641115 0.0169215686 0.3678118467 0.3397313725 2 0.3682229965 0.3273539216 2 0.4437247387 0.3268813725 2 0.4444878049 0.3398470588 2 0 0 0 0 0 0
0 0.6414721254 0.3971666667 0.0818641115 0.0160980392 0.602130662 0.3914676471 2 0.6025418118 0.403845098 2 0.6776445993 0.4033558824 2 0.678804878 0.3913519608 2 0 0 0 0 0 0
0 0.6330923345 0.3970490196 0.0818641115 0.0160980392 0.5937560976 0.4027421569 2 0.5941672474 0.3903647059 2 0.6698606272 0.3900980392 2 0.6703832753 0.401372549 2 0 0 0 0 0 0
0 0.6313675958 0.3821666667 0.0818641115 0.0160980392 0.5920261324 0.3764676471 2 0.5924372822 0.388845098 2 0.668466899 0.387745098 2 0.6687003484 0.3763519608 2 0 0 0 0 0 0
0 0.6247299652 0.3810686275 0.0818641115 0.0160980392 0.5853937282 0.3867617647 2 0.585804878 0.3743843137 2 0.6614982578 0.3741176471 2 0.6620209059 0.3853921569 2 0 0 0 0 0 0
0 0.6338066202 0.3646176471 0.0818641115 0.0160980392 0.5944651568 0.3589186275 2 0.5948763066 0.3712960784 2 0.6722996516 0.3696078431 2 0.6728222997 0.3585294118 2 0 0 0 0 0 0
0 0.6261236934 0.3638137255 0.0846515679 0.0160980392 0.5869337979 0.3692156863 2 0.5867595819 0.3571568627 2 0.6642857143 0.3568627451 2 0.6648083624 0.3681372549 2 0 0 0 0 0 0
0 0.6336324042 0.3492254902 0.0818641115 0.0160980392 0.5942909408 0.3435264706 2 0.5947020906 0.3559039216 2 0.6721254355 0.3542156863 2 0.6726480836 0.3431372549 2 0 0 0 0 0 0
0 0.6266463415 0.3487156863 0.0846515679 0.0160980392 0.587456446 0.3541176471 2 0.58728223 0.3420588235 2 0.6648083624 0.3417647059 2 0.6653310105 0.3530392157 2 0 0 0 0 0 0
0 0.626489547 0.3334411765 0.0818641115 0.0160980392 0.5871480836 0.3277421569 2 0.5875592334 0.3401196078 2 0.6649825784 0.3384313725 2 0.6655052265 0.3273529412 2 0 0 0 0 0 0
0 0.6212456446 0.333127451 0.0846515679 0.0160980392 0.5820557491 0.3385294118 2 0.5818815331 0.3264705882 2 0.6594076655 0.3261764706 2 0.6599303136 0.3374509804 2 0 0 0 0 0 0
0 0.7508275261 0.3292843137 0.0846515679 0.0160980392 0.7116341463 0.3346911765 2 0.7114599303 0.3226323529 2 0.7889860627 0.3223382353 2 0.7895087108 0.3336127451 2 0 0 0 0 0 0
0 0.7442682927 0.3460686275 0.0849825784 0.0160980392 0.7033710801 0.3403745098 2 0.70378223 0.3527529412 2 0.7834372822 0.3519647059 2 0.7837212544 0.3404509804 2 0 0 0 0 0 0
0 0.743858885 0.330245098 0.0818641115 0.0160980392 0.7045087108 0.3245431373 2 0.7049181185 0.3369215686 2 0.7823414634 0.3352333333 2 0.7828641115 0.324154902 2 0 0 0 0 0 0
0 0.7511236934 0.3452745098 0.0846515679 0.0160980392 0.7119181185 0.3506823529 2 0.7117439024 0.3386235294 2 0.7892700348 0.3383294118 2 0.7897926829 0.3496039216 2 0 0 0 0 0 0
0 0.7526829268 0.3601470588 0.0872125436 0.0160980392 0.7122020906 0.365554902 2 0.7120278746 0.3534960784 2 0.7922473868 0.3529245098 2 0.7916777003 0.365877451 2 0 0 0 0 0 0
0 0.7456968641 0.3620686275 0.0849825784 0.0160980392 0.7047926829 0.3563656863 2 0.7052020906 0.3687431373 2 0.784858885 0.3679558824 2 0.7851428571 0.3564421569 2 0 0 0 0 0 0
0 0.7552439024 0.3759803922 0.0872125436 0.0160980392 0.7147595819 0.3813862745 2 0.7145853659 0.369327451 2 0.794804878 0.3687558824 2 0.7942351916 0.3817088235 2 0 0 0 0 0 0
0 0.7448432056 0.3774117647 0.0849825784 0.0160980392 0.7039390244 0.3717176471 2 0.7043501742 0.384095098 2 0.7840052265 0.3833078431 2 0.7842891986 0.3717941176 2 0 0 0 0 0 0
0 0.7521080139 0.3929313725 0.0872125436 0.0160980392 0.7116341463 0.3983362745 2 0.7114599303 0.386277451 2 0.7916777003 0.3857058824 2 0.7911097561 0.3986588235 2 0 0 0 0 0 0
0 0.7448432056 0.3937254902 0.0849825784 0.0160980392 0.7039390244 0.3880284314 2 0.7043501742 0.4004058824 2 0.7840052265 0.3996186275 2 0.7842891986 0.388104902 2 0 0 0 0 0 0
0 0.3283013937 0.3076568627 0.0548606272 0.0124705882 0.3026480836 0.302104902 2 0.3037073171 0.3133970588 2 0.3536585366 0.3131372549 2 0.3541811847 0.3023529412 2 0 0 0 0 0 0
0 0.3826567944 0.3072647059 0.0548606272 0.0124705882 0.3570034843 0.3017127451 2 0.3580644599 0.313004902 2 0.4080139373 0.312745098 2 0.4085365854 0.3019607843 2 0 0 0 0 0 0
0 0.3213327526 0.3066764706 0.0548606272 0.0124705882 0.2956794425 0.3122372549 2 0.296738676 0.3009460784 2 0.3466898955 0.301204902 2 0.3472125436 0.3119892157 2 0 0 0 0 0 0
0 0.3757752613 0.3058431373 0.053641115 0.012372549 0.3503484321 0.311372549 2 0.35 0.3008823529 2 0.4005226481 0.3004205882 2 0.4010452962 0.311204902 2 0 0 0 0 0 0
0 0.3225522648 0.2942254902 0.0548606272 0.0124705882 0.2968989547 0.2886735294 2 0.2979599303 0.2999656863 2 0.3479094077 0.2997058824 2 0.3484320557 0.2889215686 2 0 0 0 0 0 0
0 0.3784756098 0.293245098 0.0548606272 0.0124705882 0.3528222997 0.2876931373 2 0.3538832753 0.2989852941 2 0.4038327526 0.2987254902 2 0.4043554007 0.2879411765 2 0 0 0 0 0 0
0 0.3138414634 0.2929509804 0.0548606272 0.0124705882 0.2895470383 0.2984313725 2 0.2892491289 0.2872205882 2 0.3391986063 0.2874794118 2 0.3397212544 0.2982637255 2 0 0 0 0 0 0
0 0.3680226481 0.2921666667 0.0548606272 0.0124705882 0.343728223 0.2976470588 2 0.3434303136 0.2864362745 2 0.3933797909 0.286695098 2 0.393902439 0.2974794118 2 0 0 0 0 0 0
0 0.3758623693 0.279127451 0.0548606272 0.0124705882 0.3502090592 0.2735754902 2 0.3512700348 0.2848676471 2 0.4012195122 0.2846078431 2 0.4017421603 0.2738235294 2 0 0 0 0 0 0
0 0.3201132404 0.2801078431 0.0548606272 0.0124705882 0.2944599303 0.2745558824 2 0.2955209059 0.2858480392 2 0.3454703833 0.2855882353 2 0.3459930314 0.2748039216 2 0 0 0 0 0 0
0 0.3107055749 0.2785392157 0.0548606272 0.0124705882 0.2864111498 0.2840196078 2 0.2861114983 0.2728088235 2 0.3360627178 0.2730676471 2 0.3365853659 0.2838519608 2 0 0 0 0 0 0
0 0.3661062718 0.2778529412 0.0548606272 0.0124705882 0.3418118467 0.2833333333 2 0.3415139373 0.272122549 2 0.3914634146 0.2723813725 2 0.3919860627 0.2831656863 2 0 0 0 0 0 0
0 0.3770818815 0.2655980392 0.0548606272 0.0124705882 0.3514285714 0.2600460784 2 0.3524878049 0.2713382353 2 0.4024390244 0.2710784314 2 0.4029616725 0.2602941176 2 0 0 0 0 0 0
0 0.3223780488 0.2673627451 0.0548606272 0.0124705882 0.2967247387 0.2618107843 2 0.2977857143 0.2731029412 1 0.3477351916 0.2728431373 1 0.3482578397 0.2620588235 2 0 0 0 0 0 0
0 0.3154094077 0.2659901961 0.0548606272 0.0124705882 0.2911149826 0.2714705882 2 0.2908170732 0.2602598039 2 0.3407665505 0.2605186275 2 0.3412891986 0.2713029412 2 0 0 0 0 0 0
0 0.3685452962 0.2638333333 0.0548606272 0.0124705882 0.3442508711 0.2693137255 2 0.3439529617 0.2581029412 2 0.393902439 0.2583617647 2 0.3944250871 0.2691460784 2 0 0 0 0 0 0
0 0.4525174216 0.3090196078 0.0552787456 0.0124705882 0.4274076655 0.3042088235 2 0.4277090592 0.3147539216 2 0.476738676 0.3143568627 2 0.4761167247 0.3042088235 2 0 0 0 0 0 0
0 0.4477090592 0.3087647059 0.053641115 0.012372549 0.4222735192 0.3142882353 2 0.4219250871 0.3037980392 2 0.4724477352 0.3033372549 2 0.4729703833 0.3141215686 2 0 0 0 0 0 0
0 0.4411236934 0.29625 0.0552787456 0.0135196078 0.4160069686 0.2909117647 2 0.4163083624 0.3014568627 2 0.4655470383 0.3011764706 2 0.4657543554 0.2910284314 2 0 0 0 0 0 0
0 0.4931445993 0.2960147059 0.0552787456 0.0135196078 0.468033101 0.2906784314 2 0.4683362369 0.3012235294 2 0.5190243902 0.3009431373 2 0.5196463415 0.290795098 2 0 0 0 0 0 0
0 0.4485278746 0.2943039216 0.053641115 0.012372549 0.4231027875 0.2998245098 2 0.4227543554 0.2893343137 2 0.4732770035 0.288872549 2 0.4737996516 0.2996568627 2 0 0 0 0 0 0
0 0.5015940767 0.2944215686 0.053641115 0.012372549 0.4761655052 0.2999411765 2 0.4758170732 0.2894509804 2 0.5263397213 0.2889892157 2 0.5268623693 0.2997735294 2 0 0 0 0 0 0
0 0.4941724739 0.2672009804 0.0552787456 0.0135196078 0.4690696864 0.2618676471 2 0.4693728223 0.2724127451 2 0.5186097561 0.2721323529 2 0.5188170732 0.2619843137 2 0 0 0 0 0 0
0 0.4411236934 0.28225 0.0552787456 0.0135196078 0.4160069686 0.2769147059 2 0.4163083624 0.2874598039 2 0.4655470383 0.2871794118 2 0.4657543554 0.2770313725 2 0 0 0 0 0 0
0 0.4479181185 0.2799509804 0.053641115 0.012372549 0.423054007 0.2850794118 2 0.423054007 0.2750480392 2 0.4726550523 0.2745254902 2 0.4731777003 0.2853098039 2 0 0 0 0 0 0
0 0.5003571429 0.2794901961 0.053641115 0.012372549 0.4754965157 0.2846127451 2 0.4754965157 0.2745813725 2 0.525097561 0.2740588235 2 0.5256184669 0.2848431373 2 0 0 0 0 0 0
0 0.4402874564 0.2681323529 0.0552787456 0.0135196078 0.4151777003 0.2628009804 2 0.4154790941 0.273345098 2 0.46471777 0.2730647059 2 0.4649250871 0.2629166667 2 0 0 0 0 0 0
0 0.4950087108 0.2815539216 0.0552787456 0.0135196078 0.4698989547 0.2762147059 2 0.4702003484 0.2867598039 2 0.5194390244 0.2864794118 2 0.5196463415 0.2763313725 2 0 0 0 0 0 0
0 0.5009843206 0.2649019608 0.053641115 0.012372549 0.4761167247 0.2700323529 2 0.4761167247 0.2600009804 2 0.5260714286 0.2603509804 2 0.5262404181 0.2702627451 2 0 0 0 0 0 0
0 0.4462630662 0.265372549 0.053641115 0.012372549 0.4213954704 0.2704990196 2 0.4213954704 0.2604676471 2 0.4713501742 0.2608176471 2 0.4715191638 0.2707294118 2 0 0 0 0 0 0
0 0.49978223 0.3087745098 0.053641115 0.012372549 0.4743571429 0.3142960784 2 0.4740087108 0.3038058824 2 0.5245313589 0.3033441176 2 0.525054007 0.3141284314 2 0 0 0 0 0 0
0 0.6131794425 0.2737745098 0.0487630662 0.0183529412 0.5909407666 0.2804901961 2 0.5907665505 0.2706862745 2 0.6358275261 0.2662333333 2 0.6359965157 0.276145098 2 0 0 0 0 0 0
0 0.5642247387 0.2784313725 0.0512020906 0.0190392157 0.5411149826 0.2847058824 2 0.5407665505 0.2746078431 2 0.5880923345 0.2705470588 2 0.588261324 0.2804588235 2 0 0 0 0 0 0
0 0.6095209059 0.275245098 0.0487630662 0.0183529412 0.6317404181 0.2685362745 2 0.6319146341 0.2783401961 2 0.5868536585 0.2827931373 2 0.586684669 0.2728813725 2 0 0 0 0 0 0
0 0.5610888502 0.2795588235 0.0487630662 0.0183529412 0.5833083624 0.27285 2 0.5834825784 0.2826539216 2 0.5384216028 0.2871068627 2 0.5382526132 0.277195098 2 0 0 0 0 0 0
0 0.6140505226 0.2873039216 0.0487630662 0.0183529412 0.5918118467 0.2940196078 2 0.5916376307 0.2842156863 2 0.6366986063 0.2797627451 2 0.6368675958 0.2896745098 2 0 0 0 0 0 0
0 0.5652700348 0.2919117647 0.0487630662 0.0183529412 0.5430313589 0.298627451 2 0.5428571429 0.2888235294 2 0.5879181185 0.2843705882 2 0.588087108 0.2942823529 2 0 0 0 0 0 0
0 0.559695122 0.2932843137 0.0487630662 0.0183529412 0.5819146341 0.2865754902 2 0.5820888502 0.2963794118 2 0.5370278746 0.3008323529 2 0.536858885 0.2909205882 2 0 0 0 0 0 0
0 0.6091724739 0.2887745098 0.0487630662 0.0183529412 0.6313919861 0.2820656863 2 0.6315662021 0.2918696078 2 0.5865052265 0.296322549 2 0.5863362369 0.2864107843 2 0 0 0 0 0 0
0 0.6149216028 0.3015196078 0.0487630662 0.0183529412 0.5926829268 0.3082352941 2 0.5925087108 0.2984313725 2 0.6375696864 0.2939784314 2 0.637738676 0.3038901961 2 0 0 0 0 0 0
0 0.5643989547 0.3060294118 0.0487630662 0.0183529412 0.5421602787 0.312745098 2 0.5419860627 0.3029411765 2 0.5870470383 0.2984882353 2 0.5872160279 0.3084 2 0 0 0 0 0 0
0 0.6081271777 0.3033823529 0.0487630662 0.0183529412 0.6303466899 0.2966735294 2 0.6305209059 0.306477451 2 0.5854599303 0.3109303922 2 0.5852909408 0.3010186275 2 0 0 0 0 0 0
0 0.5588240418 0.3075980392 0.0487630662 0.0183529412 0.581043554 0.3008892157 2 0.58121777 0.3106931373 2 0.5361567944 0.3151460784 2 0.5359878049 0.3052343137 2 0 0 0 0 0 0
0 0.6171864111 0.3156372549 0.0487630662 0.0183529412 0.5949477352 0.3223529412 2 0.5947735192 0.3125490196 2 0.6398344948 0.3080960784 2 0.6400034843 0.3180078431 2 0 0 0 0 0 0
0 0.566315331 0.319754902 0.0487630662 0.0183529412 0.543728223 0.3254901961 2 0.543902439 0.3160784314 2 0.5889634146 0.3122137255 2 0.5891324042 0.3221254902 2 0 0 0 0 0 0
0 0.6076045296 0.3179901961 0.0487630662 0.0183529412 0.6298240418 0.3112813725 2 0.6299982578 0.3210852941 2 0.5849372822 0.3255382353 2 0.5847682927 0.3156264706 2 0 0 0 0 0 0
0 0.5593466899 0.3207352941 0.0487630662 0.0183529412 0.5815662021 0.3140264706 2 0.5817404181 0.3238303922 2 0.5366794425 0.3282833333 1 0.536510453 0.3183715686 1 0 0 0 0 0 0
