4 0.2180641026 0.5369759615 0.1447692308 0.0545865385 0.1633717949 0.5574375 2 0.1715410256 0.5192932692 2 0.2609410256 0.5179307692 2 0.2700179487 0.5540317308 2 0 0 0 0 0 0
4 0.2153333333 0.5191009615 0.1447692308 0.0542403846 0.1606487179 0.5393865385 2 0.1688179487 0.5012423077 2 0.2582179487 0.4998798077 2 0.2672948718 0.5359807692 2 0 0 0 0 0 0
4 0.2180641026 0.5024086538 0.1447692308 0.0542403846 0.1633717949 0.5226990385 2 0.1715410256 0.4845548077 2 0.2609410256 0.4831923077 2 0.2700179487 0.5192932692 2 0 0 0 0 0 0
4 0.2189615385 0.4853798077 0.1447692308 0.0542403846 0.1642794872 0.5056701923 2 0.1724487179 0.4675259615 2 0.2618487179 0.4661634615 2 0.270924359 0.5022644231 2 0 0 0 0 0 0
4 0.3655512821 0.4850432692 0.1447692308 0.0542403846 0.3108602564 0.5053298077 2 0.3190294872 0.4671855769 2 0.4084294872 0.4658230769 2 0.4175064103 0.5019240385 2 0 0 0 0 0 0
4 0.3664487179 0.5013894231 0.1447692308 0.0542403846 0.3117679487 0.5216769231 2 0.3199358974 0.4835326923 2 0.4093371795 0.4821701923 2 0.4184141026 0.5182711538 2 0 0 0 0 0 0
4 0.3664487179 0.5167163462 0.1447692308 0.0542403846 0.3117679487 0.5370028846 2 0.3199358974 0.4988586538 2 0.4093371795 0.4974961538 2 0.4184141026 0.5335971154 2 0 0 0 0 0 0
4 0.3664487179 0.5330625 0.1447692308 0.0542403846 0.3117679487 0.55335 2 0.3199358974 0.5152057692 2 0.4093371795 0.5138432692 2 0.4184141026 0.5499442308 2 0 0 0 0 0 0
4 0.5125769231 0.4826586538 0.1447692308 0.0542403846 0.4578948718 0.5029451923 2 0.4660641026 0.4648009615 2 0.5554641026 0.4634384615 2 0.5645410256 0.4995394231 2 0 0 0 0 0 0
4 0.5125769231 0.5000240385 0.1447692308 0.0542403846 0.4578948718 0.5203144231 2 0.4660641026 0.4821701923 2 0.5554641026 0.4808076923 2 0.5645410256 0.5169086538 2 0 0 0 0 0 0
4 0.5130384615 0.5167163462 0.1447692308 0.0542403846 0.4583487179 0.5370028846 2 0.4665179487 0.4988586538 2 0.5559179487 0.4974961538 2 0.5649948718 0.5335971154 2 0 0 0 0 0 0
4 0.5143974359 0.5333990385 0.1447692308 0.0542403846 0.4597102564 0.5536903846 2 0.4678794872 0.5155461538 2 0.5572794872 0.5141846154 2 0.5663564103 0.5502846154 2 0 0 0 0 0 0
4 0.6641538462 0.4819759615 0.1447692308 0.0542403846 0.6051564103 0.5053451923 2 0.6151410256 0.4631144231 2 0.7136179487 0.4634548077 2 0.7208782051 0.5053451923 2 0 0 0 0 0 0
4 0.6632435897 0.4993413462 0.1447692308 0.0542403846 0.6042487179 0.5227144231 2 0.6142333333 0.4804836538 2 0.7127102564 0.4808240385 2 0.7199705128 0.5227144231 2 0 0 0 0 0 0
4 0.6627948718 0.5170528846 0.1447692308 0.0542403846 0.6037948718 0.540425 2 0.6137794872 0.4981932692 2 0.7122564103 0.4985336538 2 0.7195166667 0.5407538462 2 0 0 0 0 0 0
4 0.6641538462 0.5354471154 0.1447692308 0.0542403846 0.6051564103 0.5588153846 2 0.6151410256 0.5165846154 2 0.7136179487 0.516925 2 0.7208782051 0.5591442308 2 0 0 0 0 0 0
4 0.8234358974 0.4846971154 0.1447692308 0.0542403846 0.7644435897 0.5080701923 2 0.7744282051 0.4658394231 2 0.8729051282 0.4661798077 2 0.8801653846 0.5083990385 2 0 0 0 0 0 0
4 0.8248076923 0.5020721154 0.1447692308 0.0542403846 0.7658051282 0.5254394231 2 0.7757897436 0.4832076923 2 0.8742666667 0.4835490385 2 0.8815269231 0.5257682692 2 0 0 0 0 0 0
4 0.8225384615 0.5201201923 0.1447692308 0.0542403846 0.7635358974 0.5434894231 2 0.7735205128 0.5012586538 2 0.8719974359 0.5015990385 2 0.8792589744 0.5438182692 2 0 0 0 0 0 0
4 0.8207179487 0.5371490385 0.1447692308 0.0542403846 0.7617217949 0.5605182692 2 0.7717051282 0.5182875 2 0.8701820513 0.5186278846 2 0.8774435897 0.5608471154 2 0 0 0 0 0 0
4 0.2130641026 0.4213509615 0.1447692308 0.0542403846 0.1583794872 0.4010644231 2 0.1665487179 0.4392086538 2 0.25595 0.4405711538 2 0.265025641 0.4044701923 2 0 0 0 0 0 0
4 0.2103461538 0.4036394231 0.1447692308 0.0542403846 0.1556576923 0.3833548077 2 0.163825641 0.4214990385 2 0.2532269231 0.4228615385 2 0.2623025641 0.3867605769 2 0 0 0 0 0 0
4 0.2112564103 0.3859278846 0.1447692308 0.0542403846 0.1565653846 0.3656451923 2 0.1647333333 0.4037894231 2 0.2541346154 0.4051519231 2 0.2632102564 0.3690509615 2 0 0 0 0 0 0
4 0.2117051282 0.3712836538 0.1447692308 0.0542403846 0.1574717949 0.3533730769 2 0.1651871795 0.3891442308 2 0.2568564103 0.3887932692 2 0.2641179487 0.3509894231 2 0 0 0 0 0 0
4 0.3591923077 0.3661778846 0.1447692308 0.0542403846 0.2967923077 0.3438375 2 0.3054141026 0.3847057692 2 0.4043448718 0.3836846154 2 0.4116064103 0.3458807692 2 0 0 0 0 0 0
4 0.3591923077 0.3859278846 0.1447692308 0.0542403846 0.2967923077 0.3635903846 2 0.3054141026 0.4044596154 2 0.4043448718 0.4034375 2 0.4116064103 0.3656346154 2 0 0 0 0 0 0
4 0.3610128205 0.4026201923 0.1447692308 0.0542403846 0.2986076923 0.3802788462 2 0.3072294872 0.4211471154 2 0.4061602564 0.4201259615 2 0.4134217949 0.3823221154 2 0 0 0 0 0 0
4 0.3605512821 0.4193125 0.1447692308 0.0542403846 0.2981538462 0.3969673077 2 0.306775641 0.4378355769 2 0.4057064103 0.4368134615 2 0.4129679487 0.3990105769 2 0 0 0 0 0 0
4 0.5125769231 0.4186298077 0.1447692308 0.0542403846 0.4501807692 0.3962855769 2 0.4588025641 0.4371548077 2 0.5577333333 0.4361326923 2 0.5649935897 0.3983288462 2 0 0 0 0 0 0
4 0.5125769231 0.4016009615 0.1447692308 0.0542403846 0.4501807692 0.3792567308 2 0.4588025641 0.4201259615 2 0.5577333333 0.4191038462 2 0.5649935897 0.3813009615 2 0 0 0 0 0 0
4 0.5103076923 0.3845721154 0.1447692308 0.0542403846 0.4479115385 0.3622278846 2 0.4565333333 0.4030971154 2 0.5554641026 0.4020759615 2 0.562725641 0.3642721154 2 0 0 0 0 0 0
4 0.5116794872 0.3661778846 0.1447692308 0.0542403846 0.4492730769 0.3438375 2 0.4578948718 0.3847057692 2 0.556825641 0.3836846154 2 0.5640871795 0.3458807692 2 0 0 0 0 0 0
4 0.6668717949 0.4213509615 0.1447692308 0.0542403846 0.604475641 0.3990105769 2 0.6130987179 0.4398788462 2 0.7120294872 0.4388576923 2 0.7192897436 0.4010538462 2 0 0 0 0 0 0
4 0.6709615385 0.4033028846 0.1447692308 0.0542403846 0.6085602564 0.3809596154 2 0.6171820513 0.4218288462 2 0.7161128205 0.4208067308 2 0.723374359 0.3830038462 2 0 0 0 0 0 0
4 0.6691410256 0.3866105769 0.1447692308 0.0542403846 0.6067448718 0.3642721154 2 0.6153666667 0.4051403846 2 0.7142987179 0.4041192308 2 0.7215589744 0.3663153846 2 0 0 0 0 0 0
4 0.6718717949 0.3692451923 0.1447692308 0.0542403846 0.6094679487 0.3469028846 2 0.6180897436 0.3877711538 2 0.7170205128 0.38675 2 0.7242820513 0.3489461538 2 0 0 0 0 0 0
4 0.8418205128 0.3694134615 0.1533846154 0.0607115385 0.7819153846 0.3444903846 2 0.7873615385 0.3880836538 2 0.8912846154 0.3901557692 2 0.8985448718 0.3523519231 2 0 0 0 0 0 0
4 0.8395512821 0.3891634615 0.1533846154 0.0607115385 0.7796474359 0.3642432692 2 0.7850923077 0.4078365385 2 0.8890153846 0.4099086538 2 0.896275641 0.3721048077 2 0 0 0 0 0 0
4 0.84 0.4058557692 0.1533846154 0.0607115385 0.7801012821 0.3809317308 2 0.7855461538 0.424525 2 0.8894692308 0.4265971154 2 0.8967294872 0.3887932692 2 0 0 0 0 0 0
4 0.8372820513 0.4232211538 0.1533846154 0.0607115385 0.7773782051 0.3983009615 2 0.7828230769 0.4418942308 2 0.8867461538 0.4439663462 2 0.8940076923 0.4061625 2 0 0 0 0 0 0
4 0.2230512821 0.3038509615 0.1447692308 0.0542403846 0.1688179487 0.3217711538 2 0.1765320513 0.286 2 0.2682025641 0.2863519231 2 0.2754628205 0.3241557692 2 0 0 0 0 0 0
4 0.2212307692 0.2841009615 0.1447692308 0.0542403846 0.1670025641 0.3020182692 2 0.1747166667 0.2662471154 2 0.2663871795 0.2665980769 2 0.2736474359 0.3044019231 2 0 0 0 0 0 0
4 0.2207820513 0.2670721154 0.1447692308 0.0542403846 0.1665487179 0.2849894231 2 0.1742628205 0.2492182692 2 0.2659333333 0.2495701923 2 0.2731935897 0.2873730769 2 0 0 0 0 0 0
4 0.2185128205 0.2510625 0.1447692308 0.0542403846 0.1642794872 0.2689826923 2 0.1719935897 0.2332115385 2 0.2636641026 0.2335625 2 0.270924359 0.2713663462 2 0 0 0 0 0 0
4 0.3610128205 0.2462932692 0.1447692308 0.0542403846 0.3063217949 0.2680884615 2 0.3144910256 0.2284432692 2 0.4061602564 0.2287951923 2 0.4134217949 0.2665980769 2 0 0 0 0 0 0
4 0.3637307692 0.2663894231 0.1447692308 0.0542403846 0.3090448718 0.2881826923 2 0.3172141026 0.2485375 2 0.4088833333 0.2488884615 2 0.4161435897 0.2866923077 2 0 0 0 0 0 0
4 0.3637307692 0.2844375 0.1447692308 0.0542403846 0.3090448718 0.3062326923 2 0.3172141026 0.2665875 2 0.4088833333 0.2669394231 2 0.4161435897 0.3047423077 2 0 0 0 0 0 0
4 0.3641794872 0.3004471154 0.1447692308 0.0542403846 0.3094987179 0.3222394231 2 0.3176679487 0.2825942308 2 0.4093371795 0.2829461538 2 0.4165987179 0.32075 2 0 0 0 0 0 0
4 0.5071410256 0.3011298077 0.1447692308 0.0542403846 0.45245 0.3229211538 2 0.4606179487 0.2832759615 2 0.5522871795 0.2836269231 2 0.5595487179 0.3214307692 2 0 0 0 0 0 0
4 0.5071410256 0.2837644231 0.1447692308 0.0542403846 0.45245 0.3055519231 2 0.4606179487 0.2659067308 2 0.5522871795 0.2662576923 2 0.5595487179 0.3040615385 2 0 0 0 0 0 0
4 0.5062307692 0.2667355769 0.1447692308 0.0542403846 0.4515423077 0.2885230769 2 0.4597102564 0.2488778846 2 0.5513794872 0.2492288462 2 0.5586410256 0.2870326923 2 0 0 0 0 0 0
4 0.5080384615 0.2514086538 0.1447692308 0.0542403846 0.4533564103 0.2731971154 2 0.461525641 0.2335519231 2 0.5531948718 0.2339038462 2 0.5604564103 0.2717067308 2 0 0 0 0 0 0
4 0.6723205128 0.2922740385 0.1447692308 0.0542403846 0.6124179487 0.3130528846 2 0.6196782051 0.2725240385 2 0.717474359 0.2747721154 2 0.7247358974 0.3125759615 2 0 0 0 0 0 0
4 0.6705128205 0.2759230769 0.1493076923 0.0583269231 0.6106025641 0.2990961538 2 0.6210397436 0.2555028846 2 0.7179282051 0.2563817308 2 0.7272320513 0.2970528846 2 0 0 0 0 0 0
4 0.6696025641 0.2575384615 0.1493076923 0.0583269231 0.6096948718 0.2807048077 2 0.6201320513 0.2371115385 2 0.7170205128 0.2379903846 2 0.726324359 0.2786615385 2 0 0 0 0 0 0
4 0.6700512821 0.2425480769 0.1493076923 0.0583269231 0.6101487179 0.2657201923 2 0.6205858974 0.2221269231 2 0.717474359 0.2230048077 2 0.7267782051 0.2636769231 2 0 0 0 0 0 0
4 0.82525 0.2950048077 0.1511153846 0.060375 0.7712512821 0.3140730769 2 0.7839576923 0.2721836538 2 0.8817538462 0.2744317308 2 0.8890153846 0.3122355769 2 0 0 0 0 0 0
4 0.8270705128 0.2779759615 0.1511153846 0.060375 0.7730666667 0.2970442308 2 0.7857730769 0.2551548077 2 0.8835692308 0.2574028846 2 0.8908307692 0.2952067308 2 0 0 0 0 0 0
4 0.8268461538 0.2585576923 0.1533846154 0.0583269231 0.773974359 0.2786538462 2 0.7866807692 0.2367644231 2 0.8844769231 0.2390115385 2 0.8917384615 0.2768153846 2 0 0 0 0 0 0
4 0.8268461538 0.2456153846 0.1533846154 0.0583269231 0.773974359 0.2657115385 2 0.7866807692 0.2238221154 2 0.8844769231 0.2260701923 2 0.8917384615 0.2638740385 2 0 0 0 0 0 0
4 0.2933269231 0.1949326923 0.1378846154 0.0599807692 0.2363166667 0.1790240385 2 0.2433666667 0.2099163462 2 0.3350358974 0.2095644231 2 0.3452974359 0.1707019231 2 0 0 0 0 0 0
4 0.2929358974 0.1749807692 0.1348205128 0.0522307692 0.2357423077 0.1575009615 2 0.2414551282 0.1938461538 2 0.333124359 0.1934942308 2 0.3433846154 0.1546317308 2 0 0 0 0 0 0
4 0.2925512821 0.1571923077 0.1348205128 0.0522307692 0.2353602564 0.1397086538 2 0.2410717949 0.1760538462 2 0.3327423077 0.1757019231 2 0.3430025641 0.1368394231 2 0 0 0 0 0 0
4 0.2929358974 0.1439903846 0.1348205128 0.0522307692 0.2357423077 0.1265076923 2 0.2414551282 0.1628528846 2 0.333124359 0.1625009615 2 0.3433846154 0.1236384615 2 0 0 0 0 0 0
4 0.4325128205 0.1912067308 0.1432307692 0.0519519231 0.3795205128 0.1735721154 2 0.3852333333 0.2099163462 2 0.4769025641 0.2095644231 2 0.4871628205 0.1707019231 2 0 0 0 0 0 0
4 0.4328974359 0.1757067308 0.1432307692 0.0519519231 0.3799038462 0.158075 2 0.3856153846 0.1944201923 2 0.4772846154 0.1940682692 2 0.4875461538 0.1552057692 2 0 0 0 0 0 0
4 0.4325128205 0.1602067308 0.1432307692 0.0519519231 0.3795205128 0.1425788462 2 0.3852333333 0.1789230769 2 0.4769025641 0.1785721154 2 0.4871628205 0.1397086538 2 0 0 0 0 0 0
4 0.4332692308 0.1432740385 0.1432307692 0.0519519231 0.3802858974 0.1256471154 2 0.3859974359 0.1619923077 2 0.4776666667 0.1616403846 2 0.4879282051 0.1227778846 2 0 0 0 0 0 0
4 0.5808717949 0.1846009615 0.1432307692 0.0519519231 0.5248282051 0.1612586538 2 0.5336 0.2033163462 2 0.6252692308 0.2029644231 2 0.6355307692 0.1641019231 2 0 0 0 0 0 0
4 0.5808717949 0.1679567308 0.1432307692 0.0519519231 0.5248282051 0.1446144231 2 0.5336 0.1866711538 2 0.6252692308 0.1863201923 2 0.6355307692 0.1474576923 2 0 0 0 0 0 0
4 0.5808717949 0.1490144231 0.1432307692 0.0519519231 0.5248282051 0.1256740385 2 0.5336 0.1677317308 2 0.6252692308 0.1673798077 2 0.6355307692 0.1285173077 2 0 0 0 0 0 0
4 0.582025641 0.1361009615 0.1432307692 0.0519519231 0.525975641 0.1127605769 2 0.5347474359 0.1548173077 2 0.6264166667 0.1544663462 2 0.6366769231 0.1156028846 2 0 0 0 0 0 0
4 0.7301987179 0.1264855769 0.1512692308 0.0539519231 0.671474359 0.1044576923 2 0.6806525641 0.1475038462 2 0.7786076923 0.1458567308 2 0.7888679487 0.1069942308 2 0 0 0 0 0 0
4 0.7309679487 0.1379663462 0.1512692308 0.0539519231 0.6722397436 0.1159365385 2 0.6814166667 0.1589826923 2 0.7793717949 0.1573355769 2 0.7896333333 0.1184730769 2 0 0 0 0 0 0
4 0.7294423077 0.1580528846 0.1512692308 0.0539519231 0.6707102564 0.1360240385 2 0.6798871795 0.1790701923 2 0.7778423077 0.1774240385 2 0.7881038462 0.1385615385 2 0 0 0 0 0 0
4 0.7309679487 0.1723990385 0.1512692308 0.0539519231 0.6722397436 0.1503730769 2 0.6814166667 0.1934192308 2 0.7793717949 0.1917730769 2 0.7896333333 0.1529096154 2 0 0 0 0 0 0
4 0.5862307692 0.0914807692 0.1485897436 0.05625 0.5250192308 0.0695884615 2 0.5303730769 0.1091903846 2 0.6333 0.1119942308 2 0.6435602564 0.0731307692 2 0 0 0 0 0 0
4 0.5858589744 0.0755480769 0.1447692308 0.0565384615 0.5276961538 0.0526567308 2 0.5338141026 0.0948423077 2 0.6310051282 0.0959240385 2 0.6412653846 0.0570605769 2 0 0 0 0 0 0
4 0.588525641 0.0586153846 0.1447692308 0.0565384615 0.5303730769 0.035725 2 0.5364910256 0.0779105769 2 0.6336820513 0.0789923077 2 0.6439423077 0.0401288462 2 0 0 0 0 0 0
4 0.5881410256 0.0425480769 0.1447692308 0.0565384615 0.5299910256 0.0196548077 2 0.5361089744 0.0618403846 2 0.6333 0.0629221154 2 0.6435602564 0.0240586538 2 0 0 0 0 0 0
4 0.4323205128 0.1029615385 0.1443846154 0.0574038462 0.3732115385 0.0813903846 2 0.3827717949 0.1209932692 2 0.4768384615 0.1215673077 2 0.4829576923 0.0799557692 2 0 0 0 0 0 0
4 0.4319358974 0.0834423077 0.1443846154 0.0574038462 0.3728294872 0.0618769231 2 0.3823884615 0.1014788462 2 0.4764564103 0.1020528846 2 0.482574359 0.0604413462 2 0 0 0 0 0 0
4 0.4327051282 0.0670865385 0.1443846154 0.0574038462 0.3735935897 0.0455192308 2 0.3831538462 0.0851211538 2 0.4772217949 0.0856951923 2 0.4833397436 0.0440836538 2 0 0 0 0 0 0
4 0.4361410256 0.0544615385 0.1443846154 0.0574038462 0.3770358974 0.0328923077 2 0.3865948718 0.0724942308 2 0.4806628205 0.0730682692 2 0.4867807692 0.0314576923 2 0 0 0 0 0 0
