3 0.2455048077 0.0849759615 0.2752403846 0.1699519231 0.2485504808 0.1537740385 2 0.1215480769 0 2 0.3673605769 0 2 0 0 0 0 0 0 0 0 0
3 0.2500120192 0.1038822115 0.2842548077 0.2077644231 0.2485504808 0.1933725962 2 0.3782860577 0.0240552885 2 0.1092572115 0.0213245192 2 0 0 0 0 0 0 0 0 0
3 0.2541225962 0.1421033654 0.2842548077 0.2077644231 0.2526466346 0.2316057692 2 0.3823822115 0.0622884615 2 0.1133533654 0.0595576923 2 0 0 0 0 0 0 0 0 0
3 0.2527524038 0.1762620192 0.2842548077 0.2077644231 0.25128125 0.2657427885 2 0.3878461538 0.1032524038 2 0.1188149038 0.0909639423 2 0 0 0 0 0 0 0 0 0
3 0.2527524038 0.2172235577 0.2842548077 0.2077644231 0.25128125 0.3067067308 2 0.3878461538 0.1442163462 2 0.1188149038 0.1319278846 2 0 0 0 0 0 0 0 0 0
3 0.2500120192 0.2595552885 0.2842548077 0.2077644231 0.2485504808 0.3490360577 2 0.3837475962 0.2001995192 2 0.1242788462 0.1674278846 2 0 0 0 0 0 0 0 0 0
3 0.2520673077 0.3011778846 0.2992788462 0.2063942308 0.2430889423 0.39 2 0.3905769231 0.2397980769 2 0.1215480769 0.2015649038 2 0 0 0 0 0 0 0 0 0
3 0.2493269231 0.32984375 0.2992788462 0.2227644231 0.2403581731 0.4268653846 2 0.3878461538 0.2766658654 2 0.1215480769 0.2357019231 2 0 0 0 0 0 0 0 0 0
3 0.2452403846 0.3558052885 0.2992788462 0.1872836538 0.2362596154 0.4705600962 1 0.3837475962 0.3203605769 2 0.1229134615 0.2739350962 2 0 0 0 0 0 0 0 0 0
3 0.6047235577 0.2515144231 0.2645432692 0.1949038462 0.6493413462 0.3393870192 2 0.7274350962 0.1653461538 2 0.4846899038 0.27259375 2 0 0 0 0 0 0 0 0 0
3 0.5755769231 0.2035216346 0.2551442308 0.2061778846 0.589125 0.2895264423 2 0.6897980769 0.1154879808 2 0.4498774038 0.2227331731 2 0 0 0 0 0 0 0 0 0
3 0.5633413462 0.1235697115 0.2287980769 0.2061778846 0.5637211538 0.2095625 2 0.6643942308 0.0355216346 2 0.4508173077 0.1578197115 2 0 0 0 0 0 0 0 0 0
3 0.5534495192 0.0889783654 0.2052644231 0.1779567308 0.5420817308 0.1608677885 2 0.6436971154 0 2 0.4508173077 0.1079615385 2 0 0 0 0 0 0 0 0 0
3 0.54640625 0.0692307692 0.1949278846 0.1384615385 0.5298509615 0.1213557692 2 0.6173509615 0 2 0.4517572115 0.0750336538 2 0 0 0 0 0 0 0 0 0
3 0.5233413462 0.0499399038 0.1600961538 0.0998798077 0.5242043269 0.0827860577 2 0.5872427885 0 2 0.4461129808 0.0364639423 2 0 0 0 0 0 0 0 0 0
3 0.8455168269 0.2161177885 0.2135817308 0.1166105769 0.8422211538 0.2613028846 2 0.9475985577 0.1662884615 2 0.7415456731 0.1681682692 2 0 0 0 0 0 0 0 0 0
3 0.8467788462 0.1564783654 0.2255288462 0.1158413462 0.8450432692 0.2058004808 2 0.9513629808 0.1098413462 2 0.7368629808 0.1002091346 2 0 0 0 0 0 0 0 0 0
3 0.8493629808 0.1208173077 0.2306971154 0.1291826923 0.8441033654 0.1709903846 2 0.9560673077 0.07409375 2 0.7369278846 0.0580649038 2 0 0 0 0 0 0 0 0 0
3 0.8561778846 0.0709014423 0.2274038462 0.1234375 0.8525697115 0.1145456731 2 0.9588894231 0.0157668269 2 0.7453533654 0.0090913462 2 0 0 0 0 0 0 0 0 0
3 0.8465504808 0.1214302885 0.1121394231 0.0720913462 0.8469254808 0.1437091346 2 0.9005552885 0.0976129808 2 0.7918870192 0.0864134615 2 0 0 0 0 0 0 0 0 0
3 0.8390264423 0.2154927885 0.1121394231 0.0720913462 0.8393990385 0.2377860577 2 0.8930288462 0.1916875 2 0.7843581731 0.1804879808 2 0 0 0 0 0 0 0 0 0
3 0.8496153846 0.0512620192 0.2274038462 0.1025240385 0.8459831731 0.0844423077 2 0 0 0 0 0 0 0 0 0 0 0 0 0 0 0
3 0.6955288462 0.7564903846 0.3521634615 0.2660576923 0.7018461538 0.6529567308 2 0.5363293269 0.8736177885 2 0.8556923077 0.8619495192 2 0 0 0 0 0 0 0 0 0
3 0.7303365385 0.6163461538 0.3377403846 0.2472115385 0.7357980769 0.5118629808 2 0.5745264423 0.7282788462 2 0.8875216346 0.7240360577 2 0 0 0 0 0 0 0 0 0
3 0.7250240385 0.5372956731 0.3377403846 0.1718990385 0.7304927885 0.3951658654 1 0.5692211538 0.6115841346 2 0.8822163462 0.6073413462 2 0 0 0 0 0 0 0 0 0
3 0.6987019231 0.8551442308 0.3521634615 0.2660576923 0.70503125 0.7516177885 2 0.5416346154 0.9828870192 2 0.858875 0.9606105769 2 0 0 0 0 0 0 0 0 0
3 0.5603966346 0.6201442308 0.2186778846 0.2023076923 0.5293966346 0.7031129808 2 0.6558221154 0.5396057692 2 0.4551923077 0.6138028846 2 0 0 0 0 0 0 0 0 0
3 0.5474879808 0.5501442308 0.1900721154 0.1941826923 0.5101586538 0.6247956731 2 0.6324591346 0.4667860577 2 0.4538173077 0.5629639423 2 0 0 0 0 0 0 0 0 0
3 0.5109254808 0.7445072115 0.1252163462 0.1322355769 0.5184038462 0.7924230769 2 0.5596298077 0.7470817308 2 0.4510697115 0.7044879808 2 0 0 0 0 0 0 0 0 0
3 0.7115384615 0.9134615385 0.2451923077 0.1730769231 0.7105264423 0.8582331731 2 0.6090985577 1 2 0.8165985577 1 2 0 0 0 0 0 0 0 0 0
