2 0.6328935185 0.146100823 0.027712963 0.0635596708 0.6451361111 0.1492407407 2 0.6448888889 0.1753868313 2 0.6455083333 0.1247469136 2 0.621237963 0.1462139918 2 0.6207425926 0.1762119342 2 0.6218574074 0.1156666667 2
2 0.6368564815 0.1829320988 0.0269722222 0.0586625514 0.6486037037 0.1814423868 2 0.6486037037 0.210063786 2 0.6486037037 0.1544711934 2 0.6249527778 0.1789650206 2 0.6248287037 0.2064855967 2 0.6250768519 0.1550205761 2
2 0.6311666667 0.2115740741 0.0269444444 0.0591563786 0.6430314815 0.2119897119 2 0.6432787037 0.2386851852 2 0.6430314815 0.1855699588 2 0.6190092593 0.2103395062 2 0.6190092593 0.2362078189 2 0.6188851852 0.1825432099 2
2 0.6100277778 0.1770884774 0.0263703704 0.0582098765 0.621362037 0.1792407407 2 0.6216092593 0.2051090535 2 0.621237963 0.1555720165 1 0.5979592593 0.1762119342 2 0.5980824074 0.2031831276 2 0.5979592593 0.1484156379 2
2 0.6048888889 0.1463065844 0.029962963 0.0570576132 0.592262963 0.1456646091 2 0.592262963 0.1720843621 2 0.592262963 0.1181419753 2 0.6166564815 0.1503436214 2 0.6170277778 0.1740102881 2 0.6165324074 0.1230967078 2
2 0.578087963 0.1443312757 0.0266203704 0.0560699588 0.5661361111 0.1431872428 2 0.566012037 0.169882716 2 0.5662592593 0.1173168724 2 0.5900342593 0.1462139918 2 0.5901574074 0.1720843621 2 0.5901574074 0.1195185185 2
2 0.5823842593 0.1755555556 0.0274351852 0.0590946502 0.5942444444 0.1753868313 2 0.5943675926 0.2042839506 2 0.5943675926 0.1489670782 2 0.5702222222 0.1742860082 2 0.5702222222 0.2018065844 2 0.5702222222 0.1467654321 2
2 0.6022916667 0.210781893 0.02625 0.0602057613 0.6138083333 0.2117139918 2 0.6138083333 0.2375843621 2 0.6136842593 0.185845679 2 0.5902814815 0.210063786 2 0.5902814815 0.2381358025 2 0.5902814815 0.1817160494 2
2 0.5751018519 0.2064197531 0.0263518519 0.0606995885 0.5629157407 0.2048353909 2 0.5629157407 0.2298786008 2 0.5630398148 0.1767633745 2 0.5866907407 0.2064855967 2 0.5868148148 0.234281893 2 0.5865666667 0.1775884774 2
2 0.5427222222 0.1425720165 0.0281111111 0.0558436214 0.5303990741 0.1415925926 2 0.5305231481 0.1660864198 1 0.530275 0.1157222222 2 0.555287963 0.1426934156 2 0.5551638889 0.1691131687 2 0.5555361111 0.1157222222 2
2 0.5473240741 0.1736419753 0.0284074074 0.059218107 0.5347333333 0.1729670782 2 0.5347333333 0.1991111111 2 0.5346092593 0.1448950617 2 0.5594981481 0.1743436214 2 0.5594981481 0.2013127572 2 0.5596222222 0.1454444444 2
2 0.5412314815 0.2026131687 0.0281111111 0.0590534979 0.5287898148 0.2035144033 2 0.529037037 0.2291090535 2 0.5285416667 0.1743436214 2 0.5535546296 0.2046152263 2 0.5535546296 0.229936214 2 0.5536787037 0.1776460905 2
2 0.5182546296 0.1730041152 0.0291944444 0.0566255144 0.5057583333 0.1680123457 2 0.5057583333 0.1966358025 2 0.5056342593 0.1454444444 2 0.5311425926 0.1710411523 2 0.5313898148 0.1999382716 2 0.5312657407 0.1465473251 1
2 0.5088657407 0.2067283951 0.02925 0.0613168724 0.4959759259 0.2040658436 2 0.4957277778 0.229936214 2 0.4962231481 0.1762695473 2 0.5217314815 0.2090205761 2 0.5218555556 0.2357160494 2 0.5219787037 0.1834238683 2
2 0.5134027778 0.143755144 0.0293981481 0.0562345679 0.4995666667 0.1415925926 2 0.4993194444 0.1647098765 2 0.4996907407 0.1170987654 2 0.5234648148 0.1495740741 2 0.5229694444 0.1696646091 2 0.5243314815 0.1237037037 2
2 0.4844953704 0.1402057613 0.0269166667 0.0517695473 0.4969416667 0.1410411523 2 0.4966935185 0.1644341564 2 0.497312963 0.1212263374 2 0.4721759259 0.1360884774 2 0.4721759259 0.1597572016 2 0.4721759259 0.1162736626 2
2 0.4881851852 0.169063786 0.0292962963 0.0606378601 0.4758907407 0.1649855967 2 0.4756435185 0.1933333333 2 0.4760148148 0.1385658436 2 0.5010277778 0.1710411523 2 0.5007796296 0.1966358025 2 0.5013990741 0.1440699588 2
2 0.4811435185 0.198127572 0.0288240741 0.0652674897 0.4689564815 0.193882716 2 0.4688324074 0.2219547325 2 0.4693277778 0.1658106996 2 0.4937222222 0.2024135802 2 0.4931027778 0.2302098765 2 0.4942166667 0.1754444444 2
2 0.4476944444 0.1086213992 0.0255555556 0.0543621399 0.4586935185 0.1101975309 2 0.4588203704 0.1341193416 2 0.4590731481 0.0885246914 2 0.4362796296 0.1034423868 2 0.4360259259 0.1284917695 2 0.4362796296 0.0823333333 2
2 0.4213148148 0.0994032922 0.0272037037 0.0543621399 0.4333666667 0.100345679 2 0.4332703704 0.1248930041 2 0.4335231481 0.0792962963 2 0.4086731481 0.0964053498 2 0.4084203704 0.1197654321 2 0.4084203704 0.0750144033 2
2 0.3945 0.0924279835 0.0272037037 0.0543621399 0.4065509259 0.0933703704 2 0.4064546296 0.1179156379 2 0.4067074074 0.0723209877 2 0.3818574074 0.0894300412 2 0.3816037037 0.1127901235 2 0.3816037037 0.0680390947 2
2 0.4152685185 0.1278806584 0.0272037037 0.0543621399 0.4273185185 0.1288333333 2 0.4272222222 0.1533786008 2 0.427475 0.1077839506 2 0.402625 0.1248930041 2 0.4023722222 0.1482530864 2 0.4023722222 0.1035020576 2
2 0.3869351852 0.1206378601 0.0272037037 0.0543621399 0.3989833333 0.1215761317 2 0.3988861111 0.1461213992 2 0.3991398148 0.100526749 2 0.3742898148 0.1176358025 2 0.3740361111 0.1409958848 2 0.3740361111 0.096244856 2
2 0.4433148148 0.1344855967 0.0272037037 0.0543621399 0.4553648148 0.1354259259 2 0.4552685185 0.159973251 2 0.4555212963 0.1143786008 2 0.4306712963 0.1314855967 2 0.4304175926 0.1548477366 2 0.4304175926 0.1100967078 2
2 0.4196666667 0.1579012346 0.0272037037 0.0543621399 0.4317148148 0.1588477366 2 0.4316175926 0.1833930041 2 0.4318712963 0.1377983539 2 0.4070212963 0.1549074074 2 0.4067675926 0.1782674897 2 0.4067675926 0.1335164609 2
2 0.4466666667 0.1627366255 0.0272037037 0.0543621399 0.4587175926 0.1636934156 2 0.4586203704 0.1882386831 2 0.4588740741 0.1426440329 2 0.4340240741 0.1597530864 2 0.4337703704 0.1831131687 2 0.434 0.135526749 2
2 0.3844537037 0.1748971193 0.0285925926 0.0594238683 0.3972037037 0.1764176955 2 0.39715 0.2030761317 2 0.3973611111 0.1553703704 2 0.3715703704 0.1690205761 2 0.370937037 0.1977283951 2 0.37195 0.1453786008 2
2 0.411962963 0.1829835391 0.0285925926 0.0597119342 0.4246287037 0.1850617284 2 0.4246166667 0.2111584362 2 0.4248824074 0.1608580247 2 0.3994296296 0.1783065844 2 0.3986694444 0.2050452675 2 0.3999361111 0.1549465021 2
2 0.3904351852 0.1535802469 0.0285925926 0.0594238683 0.4031861111 0.1550884774 2 0.4031314815 0.181744856 1 0.4033425926 0.1340390947 2 0.3775518519 0.1476893004 2 0.3769185185 0.1763971193 1 0.3779314815 0.1240473251 2
2 0.4401111111 0.1905144033 0.0285925926 0.0594238683 0.4528555556 0.1920185185 2 0.4528018519 0.2186769547 2 0.453012963 0.1709711934 2 0.4272222222 0.1846193416 2 0.4265888889 0.2133292181 2 0.4276018519 0.1609794239 2
2 0.3540555556 0.0834465021 0.0299814815 0.0652469136 0.3670083333 0.0881790123 2 0.3665574074 0.1138580247 2 0.3678203704 0.0620987654 2 0.3416842593 0.0771255144 2 0.34055 0.1034773663 2 0.3426935185 0.0524567901 2
2 0.3558055556 0.1155658436 0.0285925926 0.0652469136 0.3680703704 0.1203045267 2 0.3676194444 0.1459835391 2 0.3688833333 0.0942242798 2 0.3438805556 0.1094711934 2 0.3429777778 0.1353497942 2 0.3447824074 0.0827901235 2
2 0.3506759259 0.14468107 0.0307592593 0.0652469136 0.3634527778 0.1487654321 2 0.3620981481 0.1750452675 2 0.3652574074 0.1224855967 2 0.3375472222 0.1383333333 2 0.3362833333 0.1650144033 2 0.3385694444 0.1119053498 2
2 0.3546666667 0.1790020576 0.0307592593 0.0652469136 0.3675138889 0.1804567901 2 0.3660842593 0.2093765432 2 0.3689583333 0.1543786008 2 0.3415333333 0.1726646091 2 0.3402694444 0.199345679 2 0.3425555556 0.1462366255 2
2 0.3266111111 0.1683950617 0.0307592593 0.0656378601 0.3394574074 0.1700514403 2 0.3380277778 0.1989711934 2 0.3409018519 0.1439711934 2 0.3134768519 0.1622592593 2 0.312212963 0.1889403292 2 0.3144990741 0.1358312757 2
2 0.2982777778 0.1568004115 0.0307592593 0.0652469136 0.3111296296 0.1582427984 2 0.3097 0.1871604938 2 0.3125740741 0.1321625514 2 0.2851490741 0.1504485597 2 0.2838851852 0.1771296296 2 0.2861712963 0.1240205761 2
2 0.3229351852 0.1359567901 0.0307592593 0.0652469136 0.3357861111 0.1374032922 2 0.3343564815 0.1663230453 2 0.3372305556 0.1113251029 2 0.3098055556 0.1296111111 2 0.3085416667 0.1562921811 2 0.3108277778 0.1031831276 2
2 0.3271481481 0.0707716049 0.0307592593 0.0652469136 0.3400018519 0.0722160494 2 0.3385722222 0.1011337449 2 0.3414453704 0.0461358025 2 0.3140203704 0.0644218107 2 0.3127574074 0.0911028807 2 0.3150435185 0.0379938272 2
2 0.3283148148 0.1055658436 0.0307592593 0.0652469136 0.342062963 0.1074012346 2 0.3410537037 0.1362757202 2 0.3428194444 0.0827325103 2 0.315187037 0.099218107 2 0.3139231481 0.125899177 2 0.3162092593 0.0727880658 2
2 0.2932314815 0.1220473251 0.0307592593 0.0652469136 0.3069768519 0.1238847737 2 0.3059675926 0.1527592593 2 0.3077342593 0.0992160494 2 0.2825055556 0.1159794239 2 0.2809916667 0.1479382716 2 0.2837666667 0.0893477366 2
2 0.2985740741 0.0925617284 0.0334074074 0.0652469136 0.3138101852 0.0940576132 2 0.3125490741 0.1237736626 2 0.3149453704 0.0674259259 2 0.2865194444 0.0864897119 2 0.2850055556 0.1184465021 2 0.2877805556 0.0598580247 2
2 0.2964444444 0.0597839506 0.0334074074 0.0652469136 0.311687037 0.0612942387 2 0.310425 0.0910082305 2 0.3128222222 0.0346625514 2 0.2843953704 0.0537242798 2 0.2828814815 0.0856831276 2 0.2856564815 0.0270946502 2
2 0.6342314815 0.3063477366 0.0255185185 0.058909465 0.6345287037 0.279409465 2 0.6465787037 0.2792119342 2 0.6218342593 0.279409465 2 0.6344 0.3332613169 2 0.6466648148 0.3333600823 2 0.6228407407 0.3327366255 2
2 0.6207777778 0.2970576132 0.0266111111 0.0627983539 0.6205083333 0.2708395062 2 0.6325814815 0.2714485597 2 0.607887963 0.2699259259 2 0.6203712963 0.3245041152 2 0.6323074074 0.3251152263 2 0.608025 0.323590535 2
2 0.59225 0.2953292181 0.0255185185 0.060781893 0.5925490741 0.2675390947 2 0.6045990741 0.2673353909 2 0.5798546296 0.2675390947 2 0.5924203704 0.3231193416 2 0.6046851852 0.3232201646 2 0.579812037 0.3231193416 2
2 0.5919722222 0.3548765432 0.024962963 0.0569547325 0.5922675926 0.3288374486 2 0.6040592593 0.3286460905 2 0.5798472222 0.3288374486 2 0.5921416667 0.3809115226 2 0.6041435185 0.3810061728 2 0.5798046296 0.3809115226 2
2 0.5933981481 0.4125823045 0.0265 0.0604320988 0.593712963 0.3849588477 2 0.6062296296 0.3847572016 2 0.5805277778 0.3849588477 2 0.5935787037 0.4402201646 2 0.6063185185 0.4403209877 2 0.5804824074 0.4402201646 2
2 0.6079583333 0.4216769547 0.0256574074 0.058127572 0.6082583333 0.3951028807 2 0.6203731481 0.3949074074 2 0.5954962963 0.3951028807 2 0.6081287037 0.4482469136 2 0.6204601852 0.448345679 2 0.5954527778 0.4482469136 2
2 0.607287037 0.3615534979 0.0256296296 0.0600617284 0.6075861111 0.3340925926 2 0.619687963 0.3338888889 2 0.594837037 0.3340925926 2 0.6074564815 0.3890102881 2 0.6197740741 0.3891111111 2 0.5947944444 0.3890102881 2
2 0.6065972222 0.3026748971 0.0258981481 0.0601234568 0.6069037037 0.2751934156 2 0.6191351852 0.2749917695 2 0.5940185185 0.2751934156 2 0.6067722222 0.3301604938 2 0.6192222222 0.3302613169 2 0.593975 0.3301604938 2
2 0.6205046296 0.3536522634 0.0227685185 0.0581687243 0.6207777778 0.3270596708 2 0.6315314815 0.3268641975 2 0.6094481481 0.3270596708 2 0.620662963 0.3802489712 2 0.6316083333 0.3803477366 2 0.6094101852 0.3802489712 2
2 0.6222222222 0.4133539095 0.0245555556 0.0619753086 0.622512963 0.3850246914 2 0.6341101852 0.3848168724 2 0.6102972222 0.3850246914 2 0.6223898148 0.4416790123 2 0.6341925926 0.4417839506 2 0.6102555556 0.4416790123 2
2 0.6347777778 0.4249588477 0.0252407407 0.0588477366 0.6350740741 0.3980617284 2 0.6469944444 0.3978641975 2 0.6225166667 0.3980617284 2 0.6349472222 0.4518744856 2 0.6470796296 0.451973251 2 0.6224740741 0.4518744856 2
2 0.6348009259 0.3658744856 0.0243611111 0.0599382716 0.6350907407 0.3384773663 2 0.6465972222 0.3382757202 2 0.6229703704 0.3384773663 2 0.6349685185 0.3932839506 2 0.6466787037 0.3933847737 2 0.6229296296 0.3932839506 2
2 0.534162037 0.2881584362 0.0258981481 0.061090535 0.5344675926 0.2602366255 2 0.5466990741 0.2600308642 2 0.5215824074 0.2602366255 2 0.534337037 0.3160925926 2 0.5467861111 0.3161954733 2 0.5215388889 0.3160925926 2
2 0.535162037 0.3487757202 0.0269166667 0.0594032922 0.5354805556 0.3216234568 2 0.5481925926 0.3214238683 2 0.5220907407 0.3216234568 2 0.5353453704 0.3759279835 2 0.5482824074 0.3760288066 2 0.5220453704 0.3759279835 2
2 0.5367037037 0.4100617284 0.026037037 0.0612345679 0.5370074074 0.3820658436 2 0.5493037037 0.3818600823 2 0.5240537037 0.3820658436 2 0.5368759259 0.4380514403 2 0.5493916667 0.438154321 2 0.5240092593 0.4380514403 2
2 0.5496342593 0.2993004115 0.0262314815 0.061399177 0.5499462963 0.2712242798 2 0.5623333333 0.2710185185 2 0.5368972222 0.2712242798 2 0.5498138889 0.3273621399 2 0.5624222222 0.3274650206 2 0.5368527778 0.3273621399 2
2 0.5514212963 0.3611316872 0.0259537037 0.0621399177 0.5517268519 0.332718107 2 0.5639842593 0.3325082305 2 0.5388138889 0.332718107 2 0.5515953704 0.3895308642 2 0.5640712963 0.3896358025 2 0.5387703704 0.3895308642 2
2 0.552 0.4205144033 0.0253518519 0.0598353909 0.5522953704 0.3931646091 2 0.5642685185 0.392962963 2 0.5396833333 0.3931646091 2 0.5521675926 0.4478621399 2 0.5643537037 0.447962963 2 0.5396407407 0.4478621399 2
2 0.5670046296 0.4104012346 0.0244166667 0.0611728395 0.5672925926 0.3824300412 2 0.578825 0.3822242798 2 0.5551453704 0.3824300412 2 0.5671703704 0.4383518519 2 0.5789074074 0.4384547325 2 0.5551037037 0.4383518519 2
2 0.565412037 0.3495679012 0.0245833333 0.0602469136 0.5657037037 0.322026749 2 0.5773138889 0.3218230453 2 0.5534731481 0.322026749 2 0.5655796296 0.3771049383 2 0.5773962963 0.3772057613 2 0.5534324074 0.3771049383 2
2 0.5644675926 0.2898559671 0.0256574074 0.0619341564 0.5643990741 0.2622942387 2 0.5761972222 0.2629053498 2 0.5520074074 0.2615534979 2 0.5646407407 0.3181831276 2 0.5769712963 0.3182880658 2 0.5519638889 0.3181831276 2
2 0.5026342593 0.2896502058 0.02475 0.0604115226 0.503075 0.2631440329 2 0.5144611111 0.2643641975 2 0.4907277778 0.2616193416 2 0.5028027778 0.3172695473 2 0.5144611111 0.3180288066 2 0.4904537037 0.3171131687 2
2 0.50275 0.3481995885 0.0256296296 0.0591975309 0.503212037 0.321382716 2 0.5148731481 0.3216872428 2 0.4905907407 0.3207716049 2 0.502937963 0.374436214 2 0.5152361111 0.3753539095 2 0.4903166667 0.3738271605 2
2 0.5013657407 0.407037037 0.0270277778 0.0610288066 0.5018398148 0.3787057613 2 0.5144416667 0.3789259259 2 0.4897675926 0.3774855967 2 0.5015657407 0.4338950617 2 0.5145324074 0.4350411523 2 0.4877092593 0.4332860082 2
2 0.4892592593 0.2783024691 0.0259814815 0.0611316872 0.4892185185 0.2524711934 2 0.5017027778 0.2533868313 2 0.4765972222 0.2515576132 2 0.4888074074 0.3058312757 2 0.5019240741 0.3063641975 2 0.4761861111 0.3049176955 2
2 0.4879351852 0.3395987654 0.0256296296 0.0629835391 0.4881212963 0.3116255144 2 0.4999194444 0.3116255144 2 0.4754824074 0.3108024691 2 0.4877092593 0.3677283951 2 0.5004194444 0.3684897119 2 0.475362963 0.3671193416 2
2 0.4865740741 0.3986522634 0.0258703704 0.058909465 0.4871611111 0.3723024691 2 0.4990962963 0.3729135802 2 0.4740046296 0.3717242798 2 0.4867490741 0.4250534979 2 0.4991814815 0.4256769547 2 0.4735796296 0.4241378601 2
2 0.4746712963 0.2883127572 0.025787037 0.0643209877 0.475087963 0.260399177 2 0.4871611111 0.2613148148 2 0.46215 0.2589115226 2 0.4742648148 0.3158930041 2 0.486337963 0.3165041152 2 0.4617814815 0.3149794239 2
2 0.4731018519 0.3476954733 0.0259259259 0.0638271605 0.4733046296 0.3198580247 2 0.4855148148 0.3207716049 2 0.4605055556 0.3185226337 2 0.4726185185 0.3735226337 2 0.4851027778 0.3756563786 2 0.4598601852 0.3719979424 2
2 0.4703611111 0.4073971193 0.0278518519 0.0639711934 0.4715212963 0.3799259259 2 0.4842796296 0.3808395062 2 0.4591740741 0.3774855967 2 0.470287037 0.4345041152 2 0.4822222222 0.4354197531 2 0.4567046296 0.4338950617 2
2 0.4599583333 0.2787654321 0.0269722222 0.0620576132 0.4609574074 0.2506502058 2 0.4730305556 0.251563786 2 0.447787963 0.2500390947 2 0.4599972222 0.3049238683 2 0.4723444444 0.3064485597 2 0.4468277778 0.3037037037 2
2 0.4582037037 0.336882716 0.0260925926 0.0641358025 0.4591740741 0.3088868313 2 0.4709722222 0.3098024691 2 0.4455268519 0.3075596708 2 0.4589 0.3637716049 2 0.470287037 0.3646872428 2 0.4454555556 0.3625534979 2
2 0.4557824074 0.3979526749 0.0265277778 0.0633539095 0.4567046296 0.3698703704 2 0.4685027778 0.3707860082 2 0.4428990741 0.3689876543 2 0.4560194444 0.4253641975 2 0.4687175926 0.4270246914 2 0.4433981481 0.4235349794 2
2 0.4316388889 0.2819032922 0.0273703704 0.0678395062 0.4326287037 0.2554547325 2 0.4447648148 0.2587736626 2 0.4204935185 0.2506831276 2 0.4298287037 0.3087757202 2 0.4424305556 0.3120967078 2 0.4179731481 0.3054567901 2
2 0.4029259259 0.2713888889 0.0273703704 0.0678395062 0.403912037 0.2449444444 2 0.4160472222 0.2482633745 2 0.3917759259 0.2401728395 2 0.4011111111 0.2982674897 2 0.4137138889 0.3015864198 2 0.3892555556 0.2949465021 2
2 0.4163055556 0.2841255144 0.0273703704 0.0678395062 0.4172962963 0.2576728395 2 0.4294314815 0.2609917695 2 0.4051601852 0.252899177 2 0.4144953704 0.3109938272 2 0.4270981481 0.3143127572 2 0.4026398148 0.3076748971 2
2 0.4281064815 0.3425 0.0286759259 0.0678395062 0.4296416667 0.3156131687 2 0.4421509259 0.3185185185 2 0.4176111111 0.3112736626 2 0.4269462963 0.3693662551 2 0.4395481481 0.3726872428 2 0.4140518519 0.365409465 2
2 0.425287037 0.4027469136 0.0298888889 0.0678395062 0.4265611111 0.3755699588 2 0.43935 0.3784753086 2 0.4141916667 0.3715123457 2 0.4240407407 0.429100823 2 0.4361296296 0.4329279835 2 0.4106333333 0.4256502058 2
2 0.4102962963 0.4057098765 0.0298888889 0.0678395062 0.411437963 0.3776460905 2 0.4245074074 0.3803436214 2 0.3991981481 0.3744897119 2 0.4091981481 0.4324197531 2 0.4221731481 0.434909465 2 0.3957555556 0.4297222222 2
2 0.3814907407 0.3964506173 0.0298888889 0.0678395062 0.3826277778 0.3683806584 2 0.3956972222 0.3710781893 2 0.370387037 0.3652242798 2 0.3799787037 0.4239135802 2 0.393362963 0.4256440329 2 0.3667231481 0.4218395062 2
2 0.3843240741 0.3347016461 0.0298888889 0.0678395062 0.385462963 0.3066234568 2 0.3985324074 0.3093209877 2 0.3732231481 0.3034670782 2 0.3828148148 0.3621563786 2 0.3952888889 0.3643662551 2 0.3695583333 0.3600823045 2
2 0.3877222222 0.275627572 0.0298888889 0.0678395062 0.3888592593 0.2475617284 2 0.4015425926 0.2510823045 2 0.376525 0.2444444444 2 0.3862101852 0.3030946502 2 0.3995944444 0.3048271605 2 0.3729546296 0.3010205761 2
2 0.3993194444 0.3322530864 0.0284907407 0.0678395062 0.4006092593 0.3033683128 2 0.4127453704 0.3066872428 2 0.3884740741 0.3000473251 2 0.3980657407 0.3591296296 2 0.4106685185 0.3624485597 2 0.3862101852 0.355808642 2
2 0.3958657407 0.3934876543 0.0284907407 0.0678395062 0.3979796296 0.3623971193 2 0.4095546296 0.3649012346 2 0.3853805556 0.3592098765 2 0.3956037037 0.4208230453 2 0.4074657407 0.4235205761 2 0.3827564815 0.4170349794 2
2 0.4137592593 0.3453395062 0.0273703704 0.0678395062 0.4147453704 0.3188930041 2 0.4268814815 0.3222119342 2 0.4026101852 0.3141213992 2 0.4119453704 0.3722160494 2 0.4245472222 0.3755349794 2 0.4000898148 0.3688950617 2
2 0.3601666667 0.2672530864 0.0273703704 0.0678395062 0.3611583333 0.2407962963 2 0.3732944444 0.2441152263 2 0.3488583333 0.236691358 2 0.3583583333 0.294117284 2 0.3709601852 0.2974382716 2 0.3465027778 0.2907983539 2
2 0.3572314815 0.3220679012 0.0273703704 0.0678395062 0.3582231481 0.2956090535 2 0.3703592593 0.2989279835 2 0.3459231481 0.2915041152 2 0.3554222222 0.3489300412 2 0.368025 0.3522510288 2 0.3435666667 0.3456111111 2
2 0.3516296296 0.3817695473 0.0303888889 0.0730041152 0.3541277778 0.3527407407 2 0.3662638889 0.3560596708 2 0.3418277778 0.3486358025 2 0.3503407407 0.4112119342 2 0.3642574074 0.4148209877 2 0.3365407407 0.4070884774 2
2 0.3214444444 0.3757613169 0.0303888889 0.0730041152 0.3230888889 0.3472921811 2 0.3360759259 0.3500452675 2 0.3107962963 0.3441975309 2 0.320537037 0.4047695473 2 0.3342212963 0.407345679 2 0.3066212963 0.402191358 2
2 0.3250740741 0.314691358 0.0303888889 0.0730041152 0.3267148148 0.2862222222 2 0.3397018519 0.2889753086 2 0.3144222222 0.2831296296 2 0.324162963 0.3436995885 2 0.3378472222 0.3462777778 2 0.3102472222 0.3411213992 2
2 0.3292592593 0.2606378601 0.0303888889 0.0730041152 0.3309018519 0.2321625514 2 0.3438888889 0.2349156379 2 0.3186092593 0.2290699588 2 0.3286546296 0.2838868313 2 0.3414111111 0.2867201646 2 0.3153185185 0.2807921811 2
2 0.3446018519 0.2592592593 0.0303888889 0.0730041152 0.3469759259 0.2309444444 2 0.3592351852 0.2335452675 2 0.3339555556 0.2276995885 2 0.3443 0.2838230453 2 0.357187037 0.2875679012 2 0.3309175926 0.2807366255 2
2 0.3151111111 0.2476748971 0.0303888889 0.0730041152 0.3167555556 0.2192037037 2 0.3297425926 0.2219567901 2 0.304462963 0.2161111111 2 0.31445 0.2748744856 2 0.3272888889 0.2772078189 2 0.3000944444 0.2722798354 2
2 0.3111018519 0.3062139918 0.0303888889 0.0730041152 0.3127481481 0.2777366255 2 0.3257351852 0.2804897119 2 0.3004555556 0.2746419753 2 0.3104435185 0.3334074074 2 0.3232814815 0.3357407407 2 0.296087963 0.3308127572 2
2 0.30675 0.3665432099 0.0303888889 0.0730041152 0.3083907407 0.3380843621 2 0.3213787037 0.3408374486 2 0.2960981481 0.3349917695 2 0.3060861111 0.393755144 2 0.318925 0.3960884774 2 0.2917305556 0.3911604938 2
2 0.2855833333 0.2403909465 0.0303888889 0.0730041152 0.2872564815 0.2118395062 2 0.3000944444 0.2144341564 2 0.2739509259 0.2089855967 2 0.2845722222 0.2686481481 2 0.2971768519 0.2712427984 2 0.2710333333 0.2657942387 2
2 0.2813425926 0.3002263374 0.0303888889 0.0730041152 0.2830157407 0.2716687243 2 0.2958546296 0.2742633745 2 0.2697111111 0.2688148148 2 0.2803314815 0.3284773663 2 0.2929361111 0.3310720165 2 0.2667925926 0.3256234568 2
2 0.2773333333 0.3654938272 0.0303888889 0.0730041152 0.2790092593 0.3369444444 2 0.2918472222 0.3395390947 2 0.2657037037 0.3340925926 2 0.2763240741 0.393755144 2 0.2889296296 0.3963477366 2 0.2627861111 0.3909012346 2
2 0.2714027778 0.2261111111 0.0326018519 0.0730041152 0.2719675926 0.1975534979 2 0.2866731481 0.2004259259 2 0.2601787037 0.194718107 2 0.2692833333 0.2543621399 2 0.281887963 0.2569567901 2 0.2557444444 0.2515082305 2
2 0.2665787037 0.2885185185 0.0326018519 0.0730041152 0.2680453704 0.2593106996 2 0.2817009259 0.2616440329 2 0.2548564815 0.2559382716 2 0.2644592593 0.3167860082 2 0.2784324074 0.3197510288 2 0.2509203704 0.3139320988 2
2 0.2622175926 0.3494032922 0.0326018519 0.0730041152 0.263687963 0.3201769547 2 0.2773435185 0.3225102881 2 0.2505 0.3168045267 2 0.2601018519 0.3776522634 2 0.2740759259 0.380617284 2 0.246562963 0.3747983539 2
2 0.2461898148 0.3544855967 0.0326018519 0.0730041152 0.2476592593 0.3252716049 2 0.2613148148 0.3276069959 2 0.2344712963 0.321899177 2 0.2440731481 0.3827469136 2 0.2580472222 0.3857119342 2 0.2305342593 0.3798950617 2
2 0.2497731481 0.2908436214 0.0326018519 0.0730041152 0.2512388889 0.2616255144 2 0.2648944444 0.2639609053 2 0.23805 0.2582530864 2 0.2476527778 0.319100823 2 0.2616268519 0.3220658436 2 0.2341138889 0.3162469136 2
2 0.2548657407 0.2279835391 0.0326018519 0.0730041152 0.2564907407 0.2001666667 2 0.2696796296 0.2032777778 2 0.2437694444 0.1970534979 2 0.2524055556 0.2585205761 2 0.2665277778 0.2608539095 2 0.23875 0.2548888889 2
2 0.6308425926 0.5265946502 0.0263703704 0.0666049383 0.6319472222 0.5000329218 2 0.6433481481 0.5012530864 2 0.6205453704 0.4981995885 2 0.6309851852 0.5550020576 2 0.6426611111 0.5565288066 2 0.6182101852 0.5531687243 2
2 0.6177962963 0.5157510288 0.0252777778 0.0668930041 0.6179361111 0.4872057613 2 0.6298861111 0.4881213992 2 0.6065342593 0.4856790123 2 0.6175240741 0.5427860082 2 0.6298861111 0.5443127572 2 0.6051611111 0.5406481481 2
2 0.6037175926 0.5217078189 0.0251388889 0.06781893 0.6047490741 0.4927016461 2 0.615737963 0.4939238683 2 0.5926601852 0.4911769547 2 0.603375 0.5488950617 2 0.615875 0.5507263374 2 0.5906 0.5476728395 2
2 0.599162037 0.5833127572 0.0251388889 0.06781893 0.6001898148 0.5543148148 2 0.6111787037 0.555537037 2 0.5881018519 0.5527901235 2 0.5988157407 0.6105082305 2 0.6113166667 0.6123395062 2 0.5860416667 0.6092860082 2
2 0.6150694444 0.575308642 0.0251388889 0.06781893 0.6160981481 0.5463004115 2 0.627087963 0.5475226337 2 0.6040101852 0.5447736626 2 0.614725 0.6024917695 2 0.627225 0.6043251029 2 0.60195 0.6012716049 2
2 0.6258796296 0.5891255144 0.0263703704 0.0666049383 0.6269759259 0.5625617284 2 0.6383777778 0.5637839506 2 0.616425 0.5611090535 1 0.6263148148 0.616691358 2 0.6373037037 0.616691358 2 0.6145018519 0.6160802469 2
2 0.6240509259 0.6505452675 0.0254166667 0.063600823 0.6250787037 0.6215761317 2 0.6363490741 0.6212633745 2 0.6129907407 0.6209650206 2 0.6245296296 0.677462963 2 0.6357935185 0.6783786008 2 0.6117546296 0.6762407407 2
2 0.6118888889 0.6363477366 0.025 0.0645061728 0.6121666667 0.6081399177 2 0.6232925926 0.6087510288 2 0.5997490741 0.6068641975 2 0.6118916667 0.6646358025 2 0.6230185185 0.6652469136 2 0.5998037037 0.6640246914 2
2 0.5972638889 0.6462757202 0.0237685185 0.0641975309 0.5980175926 0.6173004115 2 0.6085953704 0.618218107 2 0.5864796296 0.6160802469 2 0.5970564815 0.6725761317 2 0.6084574074 0.674409465 2 0.5855175926 0.670744856 2
2 0.5750740741 0.5184979424 0.0247222222 0.0650617284 0.5753527778 0.4899547325 2 0.5870287037 0.4902592593 2 0.5634018519 0.4890390947 2 0.5748027778 0.5473683128 2 0.5860666667 0.5476728395 2 0.5627148148 0.5467572016 2
2 0.5735 0.5830658436 0.024037037 0.0617283951 0.5737814815 0.5548539095 2 0.5851333333 0.5546460905 2 0.5618222222 0.5548539095 2 0.5736601852 0.6112962963 2 0.5852148148 0.611399177 2 0.5617814815 0.6112962963 2
2 0.5701342593 0.6442798354 0.0255462963 0.0620576132 0.5704333333 0.6159176955 2 0.5825 0.6157098765 2 0.5577231481 0.6159176955 2 0.5703046296 0.6726646091 2 0.5825851852 0.6727695473 2 0.5576796296 0.6726646091 2
2 0.5611342593 0.5047530864 0.0265092593 0.0650617284 0.5614787037 0.4783497942 2 0.5737046296 0.4795720165 2 0.5481546296 0.477127572 2 0.5606546296 0.5336255144 2 0.5730175926 0.5339300412 2 0.5477425926 0.5330144033 2
2 0.5600740741 0.5685802469 0.0264444444 0.0644855967 0.5603824074 0.5390967078 2 0.5728694444 0.5388806584 2 0.5472268519 0.5390967078 2 0.5598305556 0.5968395062 2 0.5724675926 0.5974506173 2 0.5465055556 0.5965349794 2
2 0.5567407407 0.6328395062 0.025962963 0.0648148148 0.5569453704 0.6041687243 2 0.5690342593 0.6038641975 2 0.5448574074 0.6038641975 1 0.5565333333 0.6597510288 2 0.5682092593 0.6609711934 2 0.5444453704 0.6591399177 2
2 0.5460972222 0.5117695473 0.0261018519 0.0644444444 0.5474675926 0.4841522634 2 0.5584564815 0.4853744856 2 0.5341435185 0.4829300412 2 0.5465055556 0.5406481481 2 0.5588148148 0.5413539095 2 0.5329064815 0.540037037 2
2 0.5442361111 0.5757510288 0.0248611111 0.0641769547 0.5445824074 0.5482839506 2 0.5559842593 0.5482839506 2 0.5324944444 0.5470617284 2 0.5430722222 0.6041687243 2 0.5554351852 0.6056954733 2 0.5319453704 0.6038641975 2
2 0.5431388889 0.6387860082 0.0245925926 0.0657201646 0.5432092593 0.6105823045 2 0.5548851852 0.6108888889 2 0.5312583333 0.6099711934 2 0.5426601852 0.6670781893 2 0.5547481481 0.6676893004 2 0.5312583333 0.6658580247 2
2 0.5085648148 0.5117078189 0.0247222222 0.0650617284 0.5088425926 0.4831604938 2 0.5205185185 0.4834650206 2 0.4968916667 0.482244856 2 0.5082925926 0.5405740741 1 0.5195564815 0.5408786008 1 0.4962046296 0.539962963 1
2 0.4942083333 0.4988888889 0.0265092593 0.0650617284 0.4945564815 0.4724711934 2 0.5067814815 0.4736934156 2 0.4812324074 0.4712510288 2 0.4937324074 0.5277469136 2 0.5060953704 0.5280534979 2 0.4808194444 0.5271358025 2
2 0.5114259259 0.5690329218 0.0247222222 0.0650617284 0.5117009259 0.5404979424 2 0.5233768519 0.5408045267 2 0.4997509259 0.5395823045 2 0.5111518519 0.5979115226 2 0.5224157407 0.5982160494 2 0.4990638889 0.5973004115 2
2 0.5096111111 0.631563786 0.0247222222 0.0650617284 0.5098898148 0.6030288066 2 0.5215657407 0.6033333333 2 0.4979388889 0.6021111111 2 0.5093398148 0.6604403292 2 0.5206046296 0.6607469136 2 0.4972518519 0.6598292181 2
2 0.4931018519 0.5575925926 0.0247222222 0.0650617284 0.4933805556 0.5290493827 1 0.5050564815 0.5293539095 1 0.4814296296 0.5281337449 1 0.4928305556 0.586462963 1 0.5040944444 0.5867674897 1 0.4807425926 0.5858518519 1
2 0.4962407407 0.6191975309 0.0247222222 0.0650617284 0.4965138889 0.5906625514 2 0.5081898148 0.5909670782 2 0.484562963 0.5897469136 2 0.4959648148 0.6480761317 2 0.5072287037 0.6483806584 2 0.4838759259 0.6474650206 2
2 0.4802083333 0.5049176955 0.0254166667 0.0650617284 0.4801416667 0.476372428 2 0.4918175926 0.4766769547 2 0.4681907407 0.4754547325 2 0.4794027778 0.5324259259 2 0.4917657407 0.5324259259 2 0.4674527778 0.5321193416 2
2 0.4807314815 0.565617284 0.0273333333 0.0650617284 0.4814638889 0.5366995885 2 0.4934148148 0.5370061728 2 0.4677527778 0.5361522634 2 0.4809138889 0.5928930041 2 0.4932768519 0.5935020576 2 0.4670148148 0.5928168724 2
2 0.4802962963 0.6266049383 0.0273333333 0.0650617284 0.4810259259 0.5977037037 2 0.4929768519 0.5980082305 2 0.4673148148 0.597154321 2 0.4806398148 0.6564135802 2 0.4930027778 0.6576337449 2 0.4674527778 0.6561069959 2
2 0.451287037 0.5071399177 0.0273333333 0.0650617284 0.4520157407 0.4782222222 2 0.4639666667 0.478526749 2 0.4389490741 0.4780658436 2 0.4514490741 0.5348683128 2 0.463812037 0.5354794239 2 0.437712963 0.5342572016 2
2 0.4501574074 0.5672222222 0.0273333333 0.0650617284 0.4508916667 0.538308642 2 0.4628425926 0.5386131687 2 0.437825 0.5381522634 2 0.450325 0.5949547325 2 0.462687963 0.5955658436 2 0.436587963 0.5943436214 2
2 0.4486203704 0.6266872428 0.0273333333 0.0650617284 0.4493546296 0.597781893 2 0.4613055556 0.5980884774 2 0.436287963 0.597627572 2 0.4482898148 0.6548847737 2 0.4607907407 0.6564135802 2 0.4350518519 0.65381893 2
2 0.4362314815 0.5001851852 0.0273333333 0.0650617284 0.4369657407 0.4712777778 2 0.4489166667 0.4715823045 2 0.4238990741 0.4711213992 2 0.4362018519 0.5273888889 2 0.4480157407 0.5286111111 2 0.4230148148 0.5261687243 2
2 0.4344259259 0.5605761317 0.0273333333 0.0656790123 0.4349657407 0.5304444444 2 0.4469166667 0.5310534979 2 0.4232898148 0.5301378601 2 0.4343907407 0.5880864198 1 0.4462037037 0.589308642 1 0.4212037037 0.5868641975 1
2 0.4334351852 0.6200617284 0.0273333333 0.0656790123 0.4339787037 0.5899197531 2 0.4459287037 0.5905308642 2 0.4223027778 0.5896131687 2 0.4334027778 0.6475617284 2 0.4452166667 0.6487839506 2 0.4202166667 0.6463415638 2
2 0.4220555556 0.5029423868 0.0256851852 0.062345679 0.4222592593 0.4770020576 2 0.4344851852 0.4779176955 2 0.4104462963 0.4760843621 2 0.4217101852 0.5319711934 2 0.4340731481 0.5322757202 2 0.4093472222 0.5307489712 2
2 0.4206435185 0.5634670782 0.0260277778 0.063436214 0.4214351852 0.5359403292 2 0.4329740741 0.5368580247 2 0.4087981481 0.5350246914 2 0.4206111111 0.5912160494 2 0.4331111111 0.5909115226 2 0.4076990741 0.5899958848 2
2 0.4188981481 0.6258950617 0.0276111111 0.0655761317 0.4204740741 0.598526749 2 0.432287037 0.598526749 2 0.4081111111 0.5976090535 2 0.418962963 0.6538004115 2 0.431462963 0.6556337449 2 0.405637963 0.6519691358 2
2 0.4076944444 0.4934670782 0.0282962963 0.0653703704 0.4085231481 0.4669032922 2 0.4212981481 0.4681255144 2 0.3958851852 0.4647654321 2 0.4074240741 0.5221790123 2 0.420062037 0.5243168724 2 0.393825 0.5200411523 2
2 0.4055 0.5543004115 0.0263703704 0.0670781893 0.406462963 0.5243168724 2 0.418412963 0.525537037 2 0.393687963 0.5230946502 2 0.405637963 0.5817304527 2 0.4178638889 0.5829506173 2 0.3923138889 0.5802016461 2
2 0.4041944444 0.6152777778 0.0278888889 0.0654115226 0.406187963 0.5875329218 2 0.4177268519 0.5890596708 2 0.3923138889 0.5856995885 2 0.4046768519 0.6428065844 2 0.4167648148 0.6440288066 2 0.3903907407 0.6415864198 2
2 0.3723564815 0.4773045267 0.0352314815 0.0779012346 0.3734953704 0.4481378601 2 0.3873685185 0.4536358025 2 0.3605824074 0.4414197531 2 0.368687037 0.5058559671 2 0.3829731481 0.5122695473 2 0.3555 0.5000534979 2
2 0.3690416667 0.5404320988 0.0352314815 0.0779012346 0.3701722222 0.5112777778 2 0.3840462963 0.5167757202 2 0.3572601852 0.5045596708 2 0.3653648148 0.5689979424 2 0.3796509259 0.575409465 2 0.3521777778 0.5631934156 2
2 0.3647546296 0.6038888889 0.0352314815 0.0779012346 0.365887963 0.5747242798 2 0.379762037 0.5802222222 2 0.3529759259 0.5680061728 2 0.3610805556 0.6324423868 2 0.3753666667 0.6388559671 2 0.3478935185 0.6266399177 2
2 0.3552962963 0.4800514403 0.0306296296 0.0724074074 0.3568740741 0.4511934156 2 0.3697861111 0.4554670782 2 0.3435490741 0.4466111111 2 0.3537148148 0.5101316872 2 0.3671759259 0.5131851852 2 0.3402527778 0.5076893004 2
2 0.3524444444 0.5443106996 0.0327592593 0.0690740741 0.3528907407 0.5156296296 2 0.3673138889 0.5177674897 2 0.3397037037 0.5128806584 2 0.3500055556 0.5739588477 2 0.3640166667 0.5764012346 2 0.3369555556 0.5715144033 2
2 0.3475324074 0.6067592593 0.0324166667 0.0694032922 0.3489064815 0.5782345679 2 0.3626435185 0.5806769547 2 0.3353074074 0.5751790123 2 0.3467092593 0.6368683128 2 0.3601703704 0.638090535 2 0.3318731481 0.6353415638 2
2 0.339912037 0.4669855967 0.0303611111 0.067345679 0.3417638889 0.437755144 2 0.3549509259 0.4395884774 2 0.3278898148 0.4353127572 2 0.3391537037 0.4957798354 2 0.3522037037 0.4979176955 2 0.3251425926 0.4933353909 2
2 0.3357638889 0.5301131687 0.0303611111 0.067345679 0.3376166667 0.5008950617 2 0.3508037037 0.5027283951 2 0.3237435185 0.4984526749 2 0.3350074074 0.5589197531 2 0.3480564815 0.5610576132 2 0.3209962963 0.5564753086 2
2 0.3324398148 0.5934259259 0.0303611111 0.0707201646 0.3342944444 0.5658683128 1 0.3474814815 0.5676995885 1 0.3204203704 0.5634259259 1 0.3316842593 0.6238909465 2 0.3447342593 0.6260288066 2 0.3176731481 0.6214485597 2
2 0.3238101852 0.4705658436 0.0303611111 0.067345679 0.3252796296 0.4417263374 2 0.3388537037 0.4431769547 2 0.3117925926 0.4389012346 2 0.3228074074 0.4997489712 2 0.3365435185 0.5018868313 2 0.3089333333 0.4976111111 2
2 0.3195324074 0.5352366255 0.0303611111 0.067345679 0.3204722222 0.5064670782 2 0.3345694444 0.5078436214 2 0.3075083333 0.5035679012 2 0.3185231481 0.5644156379 2 0.3333842593 0.5654074074 2 0.304537963 0.5629650206 2
2 0.3167546296 0.6005246914 0.0303611111 0.067345679 0.317725 0.5711893004 2 0.3317962963 0.5731213992 2 0.3047351852 0.568845679 2 0.31575 0.6296934156 2 0.3306111111 0.6306851852 2 0.3017648148 0.6282427984 2
2 0.2831018519 0.4610493827 0.0303888889 0.0730041152 0.2841712963 0.4306296296 2 0.2981898148 0.4331748971 2 0.2709166667 0.4276625514 2 0.2814064815 0.4891440329 2 0.2940888889 0.4914753086 2 0.2680555556 0.4870226337 2
2 0.2799212963 0.522345679 0.0316203704 0.0730041152 0.2816157407 0.4919238683 2 0.2956333333 0.4944670782 2 0.2683611111 0.4889547325 2 0.2785453704 0.5533662551 2 0.2929444444 0.5565452675 2 0.2650046296 0.5506090535 2
2 0.2750787037 0.587654321 0.0316203704 0.0730041152 0.2775916667 0.5576069959 2 0.2907888889 0.5597880658 2 0.2635157407 0.5542757202 2 0.2741592593 0.6184506173 2 0.2881 0.6218662551 2 0.2601601852 0.6159300412 2
2 0.2666666667 0.4614917695 0.0325740741 0.0721604938 0.268837037 0.4315020576 2 0.2828555556 0.4340452675 2 0.2542287037 0.4278600823 2 0.265862963 0.4918847737 2 0.2806435185 0.4954897119 2 0.2511768519 0.4884938272 2
2 0.2632592593 0.5261831276 0.0325740741 0.0721604938 0.2654231481 0.4961872428 2 0.2794407407 0.4987304527 2 0.2508148148 0.4925452675 2 0.2624481481 0.5565699588 2 0.2772296296 0.5601728395 2 0.247762963 0.5531769547 2
2 0.2586944444 0.591718107 0.0325740741 0.0721604938 0.2614759259 0.561845679 2 0.2747305556 0.5641769547 2 0.2470768519 0.559090535 2 0.2578898148 0.6221028807 2 0.2726703704 0.6257057613 2 0.2432046296 0.6187098765 2
2 0.252037037 0.4494753086 0.0325740741 0.0721604938 0.2536564815 0.4202283951 2 0.2682259259 0.4220329218 2 0.2392574074 0.4178971193 2 0.2508907407 0.4795884774 2 0.2639555556 0.4819218107 2 0.2371592593 0.47768107 2
2 0.2475740741 0.5145987654 0.0325740741 0.0721604938 0.2495564815 0.4834053498 2 0.2634787037 0.4859485597 2 0.2366824074 0.4808600823 2 0.2464277778 0.5446975309 2 0.2608083333 0.5476419753 2 0.2326962963 0.5427901235 2
2 0.2427314815 0.5805349794 0.0325740741 0.0721399177 0.2449787037 0.5501584362 2 0.2587111111 0.5522777778 2 0.2322962963 0.5482510288 1 0.2427851852 0.610154321 2 0.25585 0.6112139918 2 0.2278518519 0.6087469136 2
2 0.2372314815 0.4541666667 0.0342037037 0.0721604938 0.2379694444 0.4242839506 2 0.2516064815 0.4251316872 2 0.2252583333 0.4225843621 2 0.2351092593 0.4834320988 2 0.2482685185 0.4855534979 2 0.2199472222 0.4819485597 2
2 0.2322962963 0.5171502058 0.0342037037 0.0721604938 0.2326296296 0.487037037 2 0.2476962963 0.488308642 2 0.2196611111 0.4855534979 2 0.2305314815 0.5483045267 2 0.2418796296 0.5489423868 2 0.2156555556 0.547244856 2
2 0.226837963 0.5841563786 0.0331388889 0.0702057613 0.2290537037 0.554409465 2 0.2424990741 0.5561069959 2 0.2154175926 0.5514423868 2 0.2254777778 0.6146069959 2 0.2402583333 0.6173621399 2 0.2105064815 0.6133353909 2
2 0.2698009259 0.6851646091 0.0316203704 0.0730041152 0.2716944444 0.6548024691 2 0.285512037 0.6572942387 2 0.2582388889 0.651781893 2 0.2681259259 0.7152201646 2 0.2813027778 0.7175082305 2 0.254812037 0.7129320988 2
2 0.2657453704 0.7498148148 0.0316203704 0.0730041152 0.2676351852 0.7194506173 2 0.2814518519 0.7219423868 2 0.2541796296 0.7164300412 2 0.2640666667 0.7798683128 2 0.2772425926 0.7821563786 2 0.2507527778 0.7775802469 2
2 0.2617546296 0.8156790123 0.0325833333 0.0730041152 0.2636657407 0.7855164609 2 0.2779416667 0.7878106996 2 0.2506685185 0.7822983539 2 0.2598907407 0.845781893 2 0.2737324074 0.8480246914 2 0.2459592593 0.8437983539 2
2 0.2530231481 0.6890329218 0.0316203704 0.0730041152 0.2549175926 0.6586728395 2 0.2687342593 0.6611666667 2 0.241462037 0.655654321 2 0.2522731481 0.7196440329 2 0.2664101852 0.721781893 2 0.2377925926 0.7173559671 2
2 0.2492361111 0.7561316872 0.0316203704 0.0730041152 0.2511324074 0.7257633745 2 0.2649490741 0.728255144 2 0.2376768519 0.7227427984 2 0.248487963 0.7867345679 2 0.262625 0.7888703704 2 0.2340074074 0.7844444444 2
2 0.2446990741 0.820473251 0.0328611111 0.0730041152 0.2468518519 0.7899403292 2 0.2609888889 0.7926872428 2 0.2325185185 0.7870864198 2 0.2439694444 0.8508168724 2 0.2574675926 0.8532139918 2 0.22885 0.8487880658 2
2 0.2382962963 0.6779835391 0.0308518519 0.071563786 0.2396462963 0.6480020576 2 0.2534398148 0.6490699588 2 0.2250972222 0.6462489712 2 0.2367638889 0.708191358 2 0.2516555556 0.7097942387 2 0.2226953704 0.7065144033 2
2 0.2342314815 0.7427057613 0.0308518519 0.0680452675 0.2353907407 0.7122366255 2 0.2493907407 0.7133045267 2 0.2222833333 0.7110164609 2 0.2327833333 0.771882716 2 0.2468518519 0.7729506173 2 0.2188518519 0.7709670782 2
2 0.2298981481 0.8093312757 0.0308518519 0.0680452675 0.2310564815 0.7788683128 2 0.2450564815 0.779936214 2 0.2179490741 0.7776481481 2 0.2284490741 0.8385123457 2 0.2425175926 0.8395802469 2 0.2145175926 0.8375987654 2
2 0.2216018519 0.6811316872 0.031537037 0.071563786 0.2233018519 0.6511646091 2 0.237175 0.6527325103 2 0.2087527778 0.649409465 2 0.21995 0.7122366255 2 0.2329888889 0.7131522634 2 0.2056759259 0.711473251 2
2 0.2171388889 0.7469135802 0.0336296296 0.0667078189 0.2188518519 0.7180246914 2 0.2325777778 0.7190925926 2 0.2073222222 0.7172613169 2 0.2158324074 0.7766111111 2 0.2294203704 0.7769156379 2 0.2010092593 0.7758477366 2
2 0.214462963 0.8139506173 0.0303333333 0.0708230453 0.2146657407 0.7831522634 2 0.2292148148 0.7845246914 2 0.2000481481 0.7816255144 2 0.2126064815 0.8449423868 2 0.2259888889 0.8457057613 2 0.1995675926 0.8444855967 2
2 0.2998657407 0.6969547325 0.0311203704 0.0698765432 0.3018638889 0.6686399177 2 0.3146888889 0.670744856 2 0.2875759259 0.6661522634 2 0.2982916667 0.7284403292 2 0.3111166667 0.7301625514 2 0.2844768519 0.7268127572 2
2 0.2959212963 0.7618312757 0.0311203704 0.0698765432 0.2979166667 0.7335205761 2 0.3107425926 0.7356255144 2 0.2836287037 0.7310329218 2 0.2943453704 0.7933209877 2 0.3071703704 0.7950432099 2 0.2805296296 0.7916934156 2
2 0.2923194444 0.8276748971 0.0311203704 0.0698765432 0.2937731481 0.7975658436 2 0.3071148148 0.7994794239 2 0.2797425926 0.7956522634 2 0.291362963 0.8584197531 2 0.3053074074 0.8595679012 2 0.2769277778 0.8575308642 2
2 0.3159583333 0.6914403292 0.0305092593 0.0657613169 0.3173574074 0.663473251 2 0.3311296296 0.6650041152 2 0.3036712963 0.6615596708 2 0.3149472222 0.7220288066 2 0.3276861111 0.7235596708 2 0.3010037037 0.7199238683 2
2 0.3110972222 0.7558641975 0.0290462963 0.0677777778 0.3132259259 0.7271707819 2 0.3251898148 0.7273621399 2 0.3002287037 0.7252572016 2 0.3111601852 0.7863004115 2 0.3252546296 0.7869547325 2 0.2965277778 0.7855349794 2
2 0.3089675926 0.8224279835 0.030212963 0.0677777778 0.3094388889 0.7922078189 2 0.3234685185 0.7935473251 2 0.2956666667 0.7906769547 2 0.3076305556 0.8507633745 2 0.3211444444 0.8517222222 2 0.2939453704 0.8501893004 2
2 0.3313425926 0.7038271605 0.0310740741 0.0685185185 0.3331092593 0.6745596708 2 0.3463648148 0.676281893 2 0.3192509259 0.6718806584 2 0.3300101852 0.7340720165 2 0.3433518519 0.7357942387 2 0.3171851852 0.7325411523 2
2 0.3275324074 0.767345679 0.0319722222 0.0689300412 0.3282027778 0.7386646091 2 0.3420611111 0.7405781893 2 0.3156361111 0.7359855967 2 0.3257064815 0.7962757202 2 0.3395648148 0.7983683128 2 0.3118490741 0.794744856 2
2 0.3235138889 0.8322839506 0.0314166667 0.0691358025 0.3242435185 0.8023744856 2 0.3388759259 0.8040967078 2 0.3111601852 0.8002695473 2 0.3222638889 0.862845679 2 0.3368101852 0.8639938272 2 0.307975 0.8618888889 2
2 0.3474351852 0.6987139918 0.0312407407 0.0688271605 0.3486888889 0.670936214 2 0.3628046296 0.6753374486 2 0.3349166667 0.6665349794 2 0.3449009259 0.7296831276 2 0.3590175926 0.7325534979 2 0.3319046296 0.7266213992 2
2 0.3439537037 0.76218107 0.0320185185 0.0666255144 0.3455037037 0.7344423868 2 0.359362037 0.7371213992 2 0.3319898148 0.7309979424 2 0.3422333333 0.7914670782 2 0.3556611111 0.7935720165 2 0.3286333333 0.7895534979 2
2 0.3406574074 0.8275 0.0313703704 0.0710493827 0.3411138889 0.7970041152 2 0.3545416667 0.7996831276 2 0.3279444444 0.7941337449 2 0.3376712963 0.8580493827 2 0.3521314815 0.860154321 2 0.3257064815 0.8572839506 2
2 0.3766851852 0.7117283951 0.0296111111 0.0671193416 0.378087963 0.6838065844 2 0.3908259259 0.6857078189 2 0.3646851852 0.6810596708 2 0.3763768519 0.7423436214 2 0.3881638889 0.7429773663 2 0.3620231481 0.7410761317 2
2 0.3728842593 0.7744238683 0.0271388889 0.0625925926 0.3749509259 0.7456975309 2 0.3860731481 0.745909465 2 0.3618333333 0.7448518519 2 0.3730666667 0.8030329218 2 0.3860731481 0.8031790123 2 0.3591722222 0.8023333333 2
2 0.3711759259 0.8391666667 0.0288518519 0.0678806584 0.3722898148 0.8105617284 2 0.3852175926 0.8114074074 2 0.3585064815 0.8088703704 2 0.3714342593 0.8693106996 2 0.3852342593 0.8703209877 2 0.3570805556 0.8688888889 2
2 0.3922083333 0.706399177 0.0295648148 0.0634156379 0.3927268519 0.6785082305 2 0.4065101852 0.6804115226 2 0.3790388889 0.6763950617 2 0.3909212963 0.7357798354 2 0.4034685185 0.7359897119 2 0.3777953704 0.7353868313 2
2 0.3884953704 0.767973251 0.026712963 0.0636419753 0.389875 0.7391460905 2 0.4015666667 0.7395699588 2 0.377137963 0.7383024691 2 0.3882592593 0.7972613169 2 0.4010916667 0.7978950617 2 0.3754268519 0.7964176955 2
2 0.3873796296 0.8315123457 0.0281851852 0.0658641975 0.3873083333 0.8018971193 2 0.4012824074 0.8023209877 2 0.3740009259 0.8014753086 2 0.3863583333 0.8617037037 2 0.3994759259 0.8627592593 2 0.3734305556 0.8606460905 2
2 0.4016342593 0.8454115226 0.0293240741 0.0651440329 0.4019833333 0.8156316872 2 0.4161111111 0.816691358 2 0.3890194444 0.8152119342 2 0.4004268519 0.8737489712 2 0.4132592593 0.8750185185 2 0.3869287037 0.8724814815 2
2 0.4033240741 0.7805555556 0.0278518519 0.064691358 0.4049888889 0.7530802469 2 0.4170611111 0.7541378601 2 0.3924416667 0.751600823 2 0.4027083333 0.8103497942 2 0.4152555556 0.8109855967 2 0.3893046296 0.8097160494 2
2 0.4049675926 0.7178703704 0.026287037 0.067962963 0.4075555556 0.6899197531 2 0.4201037037 0.693090535 2 0.3948185185 0.6867510288 2 0.4047037037 0.7478251029 2 0.4177759259 0.7490411523 2 0.3920611111 0.7461337449 2
2 0.4214583333 0.7126851852 0.0278981481 0.0664814815 0.4211490741 0.6852716049 2 0.435312037 0.6880185185 2 0.4079064815 0.6822942387 2 0.4195333333 0.7425411523 2 0.4325555556 0.7442325103 2 0.4073657407 0.7406399177 2
2 0.4187824074 0.7751748971 0.0278981481 0.0664814815 0.4193425926 0.7467674897 2 0.4330305556 0.7493045267 2 0.4066055556 0.7440205761 2 0.4168537037 0.8050390947 2 0.4298768519 0.8067283951 2 0.4046861111 0.8031358025 2
2 0.4164768519 0.8383024691 0.0278981481 0.0664814815 0.4169666667 0.808899177 2 0.4297037037 0.8101666667 2 0.4043064815 0.8071522634 2 0.4145546296 0.8681687243 2 0.4275777778 0.8698600823 2 0.402387963 0.8662674897 2
2 0.4531574074 0.7240432099 0.026962963 0.0646296296 0.4536518519 0.6951790123 2 0.4662990741 0.6948004115 2 0.4400648148 0.6945020576 2 0.4527972222 0.7531255144 2 0.4663018519 0.7536954733 2 0.4400194444 0.7535864198 2
2 0.450787037 0.7867489712 0.0272592593 0.0630041152 0.4508314815 0.7582304527 2 0.4637361111 0.7584218107 2 0.4375481481 0.7579567901 2 0.4504046296 0.8154176955 2 0.4640759259 0.8156728395 2 0.4375018519 0.8155679012 2
2 0.4497222222 0.8499897119 0.025462963 0.0652880658 0.4500203704 0.8201522634 2 0.4620472222 0.8199341564 2 0.4373509259 0.8201522634 2 0.4493787037 0.8800020576 2 0.4621333333 0.8799485597 2 0.4373083333 0.8798395062 2
2 0.4671111111 0.7173045267 0.0264074074 0.0648148148 0.4677527778 0.688909465 2 0.4801435185 0.688909465 2 0.4543351852 0.6883395062 2 0.4672888889 0.7469279835 2 0.4799814815 0.747037037 2 0.4542407407 0.7469279835 2
2 0.4663981481 0.778600823 0.0264074074 0.0648148148 0.4670425926 0.7502016461 2 0.4794342593 0.7502016461 2 0.4536259259 0.7496316872 2 0.4665796296 0.8082201646 2 0.4792722222 0.8083292181 2 0.4535314815 0.8082201646 2
2 0.4634166667 0.8427983539 0.0264074074 0.0648148148 0.4640537037 0.8144115226 1 0.4764453704 0.8144115226 1 0.450637037 0.8138415638 1 0.4635907407 0.8724300412 2 0.4762833333 0.8725390947 2 0.4505425926 0.8724300412 2
2 0.4809537037 0.7249794239 0.0264074074 0.0648148148 0.4823351852 0.6979115226 2 0.4940166667 0.6983971193 2 0.4692342593 0.6969403292 2 0.4811268519 0.7546028807 2 0.4938194444 0.7547119342 2 0.4680787037 0.7546028807 2
2 0.4797083333 0.7888168724 0.0281574074 0.0655349794 0.4794972222 0.7605329218 2 0.493612037 0.7600658436 2 0.4678046296 0.7594958848 2 0.4791694444 0.8178148148 2 0.490687037 0.8182839506 2 0.4672694444 0.8173292181 2
2 0.4775972222 0.8530349794 0.0281574074 0.0655349794 0.4774768519 0.8231378601 2 0.490687037 0.8231378601 2 0.4655768519 0.8226522634 2 0.4770537037 0.8820246914 2 0.4905916667 0.881781893 2 0.4651537037 0.8815390947 2
2 0.4955694444 0.7200308642 0.0281574074 0.0652880658 0.4953537037 0.6916255144 2 0.5092472222 0.6930411523 2 0.4828268519 0.6908580247 2 0.4949453704 0.7491090535 2 0.5080462963 0.7493518519 2 0.4831268519 0.7484197531 2
2 0.4943194444 0.7810802469 0.0281574074 0.0652880658 0.494112037 0.75268107 2 0.5080046296 0.7540967078 2 0.4815842593 0.7519135802 2 0.4937027778 0.8101646091 2 0.5064083333 0.8107592593 2 0.4818842593 0.8094753086 2
2 0.4923194444 0.8448045267 0.0281574074 0.0652880658 0.4921055556 0.8164053498 2 0.5062990741 0.8168271605 2 0.4802064815 0.8156131687 2 0.4916962963 0.8738888889 2 0.5044018519 0.8744835391 2 0.4798777778 0.8731995885 2
2 0.5318518519 0.7263168724 0.0268333333 0.0672016461 0.532637037 0.6962489712 2 0.5450203704 0.6973600823 2 0.5188222222 0.6956049383 2 0.532512037 0.7557613169 2 0.5442703704 0.7565967078 2 0.5185018519 0.7540925926 2
2 0.5304814815 0.7897325103 0.0268333333 0.0672016461 0.5312657407 0.7596481481 2 0.54365 0.7607613169 2 0.5174518519 0.7590061728 2 0.5300101852 0.818872428 2 0.5416435185 0.8197057613 2 0.5171305556 0.8174938272 2
2 0.5262962963 0.8521604938 0.0277037037 0.0674897119 0.5275185185 0.821936214 1 0.5399018519 0.8230493827 1 0.5128407407 0.8213065844 1 0.5261944444 0.8831131687 2 0.5390787037 0.8836707819 2 0.5131851852 0.8828353909 2
2 0.54525 0.7346707819 0.0268333333 0.0672016461 0.5463342593 0.7051296296 2 0.5584101852 0.7056975309 2 0.533575 0.7045740741 2 0.5459018519 0.7640987654 2 0.5576601852 0.7649320988 2 0.5318916667 0.7624300412 2
2 0.5415 0.7977777778 0.0268333333 0.0672016461 0.5425814815 0.7686748971 2 0.554662963 0.76881893 2 0.5284648148 0.767063786 1 0.5421537037 0.8272201646 2 0.553912037 0.8280555556 2 0.5281435185 0.8255514403 2
2 0.5391296296 0.863127572 0.0268333333 0.0672016461 0.5402046296 0.8329176955 2 0.5522138889 0.8331954733 2 0.5276953704 0.8326378601 2 0.5397824074 0.8925679012 2 0.5515407407 0.8934012346 2 0.5257722222 0.890899177 2
2 0.5597592593 0.7302057613 0.0268333333 0.0672016461 0.5610953704 0.7005781893 2 0.5728537037 0.7019670782 2 0.5477101852 0.6986296296 2 0.5597185185 0.7586995885 2 0.5718527778 0.7598127572 2 0.5465842593 0.757308642 2
2 0.5577592593 0.7930658436 0.0268333333 0.0672016461 0.5590990741 0.7634218107 1 0.5708574074 0.7648106996 1 0.5457138889 0.7614753086 1 0.5577222222 0.8215432099 2 0.5698564815 0.8226563786 2 0.544587963 0.820154321 2
2 0.5537592593 0.8575720165 0.0268333333 0.0672016461 0.5551009259 0.8279341564 1 0.5668592593 0.8293251029 1 0.5417157407 0.8259876543 1 0.553725 0.8860576132 2 0.5658583333 0.8871687243 2 0.5405898148 0.8846666667 2
2 0.5741481481 0.7404938272 0.0268333333 0.0672016461 0.5752351852 0.710962963 2 0.587312037 0.7115308642 2 0.5624759259 0.7104074074 2 0.5748027778 0.7699320988 2 0.5865611111 0.7707654321 2 0.5607925926 0.7682633745 2
2 0.5700277778 0.8036213992 0.0268333333 0.0672016461 0.571112037 0.7740843621 1 0.5831888889 0.7746522634 1 0.5583527778 0.7735288066 1 0.5706796296 0.8330534979 2 0.582437963 0.8338888889 2 0.5566694444 0.8313847737 2
2 0.5683981481 0.8664609053 0.0268333333 0.0672016461 0.5694759259 0.8373477366 2 0.5815675926 0.8374958848 2 0.5567324074 0.836372428 2 0.5690583333 0.8958971193 2 0.5808175926 0.8967325103 2 0.5550481481 0.8942283951 2
2 0.601375 0.7396707819 0.0247685185 0.0658024691 0.602 0.7113868313 2 0.6133833333 0.7116646091 2 0.5891157407 0.7105534979 2 0.6013740741 0.7686748971 2 0.6132574074 0.7692325103 2 0.5888648148 0.7681193416 2
2 0.600375 0.8025102881 0.0247685185 0.0658024691 0.6010037037 0.7742304527 2 0.612387037 0.7745082305 2 0.5881194444 0.7733971193 2 0.6003787037 0.8315185185 2 0.612262037 0.8320761317 2 0.5878694444 0.830962963 2
2 0.5980046296 0.8702160494 0.0247685185 0.0688683128 0.5986324074 0.8404115226 2 0.6100157407 0.8406893004 2 0.5857481481 0.8395781893 2 0.5980592593 0.9007736626 2 0.6098175926 0.9007736626 2 0.5864259259 0.9004958848 2
2 0.6152731481 0.731718107 0.0247685185 0.0688683128 0.6156972222 0.7027674897 2 0.6275805556 0.7038786008 2 0.6030157407 0.7010781893 2 0.6149462963 0.7614465021 2 0.6270851852 0.7622736626 2 0.603187963 0.7608909465 2
2 0.6142824074 0.7956687243 0.0247685185 0.0688683128 0.6147018519 0.7667242798 2 0.6265851852 0.7678353909 2 0.6020203704 0.7650329218 2 0.6139509259 0.8254032922 2 0.6260898148 0.8262304527 2 0.6021925926 0.824845679 2
2 0.6114027778 0.8607510288 0.0247685185 0.0688683128 0.6122574074 0.8299938272 2 0.6232648148 0.8305493827 2 0.6004981481 0.8291584362 2 0.6110787037 0.8904711934 2 0.6232175926 0.8912983539 2 0.5993203704 0.8899156379 2
2 0.6287731481 0.7432716049 0.0247685185 0.0658024691 0.6294 0.7149958848 2 0.6407833333 0.7152736626 2 0.6165157407 0.7141604938 2 0.6287740741 0.7722839506 2 0.6406574074 0.7728395062 2 0.6162648148 0.7717283951 2
2 0.6272824074 0.8075102881 0.0247685185 0.0658024691 0.6279037037 0.7792304527 2 0.639287037 0.7795082305 2 0.6150194444 0.7783950617 2 0.6272787037 0.8365185185 2 0.639162037 0.8370740741 2 0.6147694444 0.835962963 2
2 0.6254027778 0.873127572 0.0247685185 0.0658024691 0.6260324074 0.8448559671 2 0.6374157407 0.8451337449 2 0.6131481481 0.8440205761 2 0.6254064815 0.9021440329 2 0.6372907407 0.9026995885 2 0.6128981481 0.9015864198 2
