1 0.6412734375 0.6985703125 0.470046875 0.436203125 0.4752609375 0.6927078125 2 0.4205734375 0.9075515625 2 0.5247390625 0.4947921875 2 0.8606765625 0.8033859375 2 0 0 0 0 0 0
1 0.722 0.5735703125 0.45703125 0.423171875 0.8841140625 0.5677078125 2 0.83203125 0.76953125 2 0.921875 0.38671875 2 0.5078125 0.4661453125 2 0 0 0 0 0 0
1 0.7304765625 0.25715625 0.447921875 0.42578125 0.5690109375 0.25 2 0.515625 0.44921875 2 0.6158859375 0.0572921875 2 0.9440109375 0.3541671875 2 0 0 0 0 0 0
1 0.7923203125 0.3391875 0.415359375 0.39453125 0.96875 0.31640625 2 1 0.1953125 2 0.9231765625 0.5078125 2 0.58984375 0.2200515625 2 0 0 0 0 0 0
1 0.7024765625 0.80859375 0.446609375 0.3828125 0.87109375 0.8333328125 2 0.8333328125 1 2 0.9010421875 0.6393234375 2 0.4830734375 0.74609375 2 0 0 0 0 0 0
1 0.204421875 0.6028671875 0.40625 0.361984375 0.0065109375 0.6848953125 2 0 0.7083328125 2 0.07421875 0.42578125 2 0.390625 0.7604171875 2 0 0 0 0 0 0
1 0.251296875 0.7407578125 0.4375 0.411203125 0.421875 0.7278640625 2 0.4583328125 0.55859375 2 0.37890625 0.9296875 2 0.0377609375 0.6354171875 2 0 0 0 0 0 0
1 0.2838515625 0.5136796875 0.458328125 0.397140625 0.4401046875 0.5013015625 2 0.3971359375 0.7057296875 2 0.4817703125 0.32421875 2 0.0598953125 0.4114578125 2 0 0 0 0 0 0
1 0.279953125 0.197265625 0.4296875 0.39453125 0.1236984375 0.1888015625 2 0.0729171875 0.3815109375 2 0.1783859375 0 2 0.484375 0.27734375 2 0 0 0 0 0 0
1 0.3730390625 0.2408828125 0.462234375 0.434890625 0.5338546875 0.2578125 2 0.4895828125 0.44140625 2 0.5794265625 0.06640625 2 0.1497390625 0.1653640625 2 0 0 0 0 0 0
