1 0.2818984375 0.2630234375 0.381515625 0.424484375 0.2760421875 0.0651046875 2 0.0963546875 0.0729171875 2 0.467846875 0.05613125 2 0.2942703125 0.46875 2 0 0 0 0 0 0
1 0.2656328125 0.2890625 0.377609375 0.4375 0.2630203125 0.4921875 2 0.0815828125 0.5022984375 2 0.44921875 0.48828125 2 0.2513015625 0.0768234375 2 0 0 0 0 0 0
1 0.4798125 0.279296875 0.39453125 0.41796875 0.482734375 0.4830125 2 0.6721109375 0.4830125 2 0.287525 0.4830125 2 0.4820703125 0.07558125 2 0 0 0 0 0 0
1 0.6796875 0.2617265625 0.3828125 0.424484375 0.6783859375 0.0625 2 0.8606765625 0.0598953125 2 0.49609375 0.0651046875 2 0.6875 0.4700515625 2 0 0 0 0 0 0
1 0.708984375 0.2897109375 0.39453125 0.428390625 0.71484375 0.48828125 2 0.89453125 0.4934890625 2 0.5299484375 0.4947921875 2 0.7112375 0.0809203125 2 0 0 0 0 0 0
1 0.271484375 0.7513046875 0.38671875 0.338546875 0.2643234375 0.5950515625 2 0.0846359375 0.6002609375 2 0.4518234375 0.5885421875 2 0.28125 0.9166671875 2 0 0 0 0 0 0
1 0.2519609375 0.782546875 0.373703125 0.34375 0.2473953125 0.93359375 2 0.0703125 0.94140625 2 0.4231765625 0.9283859375 2 0.2408859375 0.61328125 2 0 0 0 0 0 0
1 0.474609375 0.751296875 0.38671875 0.34375 0.4739578125 0.9075515625 2 0.65625 0.9075515625 2 0.2903640625 0.9166671875 2 0.4739578125 0.5859375 2 0 0 0 0 0 0
1 0.6744765625 0.733078125 0.380203125 0.3203125 0.66796875 0.58203125 2 0.8502609375 0.578125 2 0.48828125 0.5846359375 2 0.67665 0.8891921875 2 0 0 0 0 0 0
1 0.7063828125 0.7623671875 0.381515625 0.337234375 0.7096359375 0.9075515625 2 0.8854171875 0.90234375 2 0.515625 0.91796875 2 0.708559375 0.5980015625 2 0 0 0 0 0 0
