1 0.390625 0.50325 0.4140625 0.33203125 0.2109375 0.5 2 0.2200515625 0.6510421875 2 0.1966140625 0.3489578125 2 0.5833328125 0.4505203125 2 0 0 0 0 0 0
1 0.421875 0.4270859375 0.40625 0.307296875 0.6028640625 0.4231765625 2 0.6171875 0.5703125 2 0.58984375 0.29296875 2 0.2252609375 0.4791671875 2 0 0 0 0 0 0
1 0.4531171875 0.7975234375 0.411453125 0.337234375 0.6315109375 0.8020828125 2 0.62109375 0.6419265625 2 0.6458328125 0.94921875 2 0.2552078125 0.8567703125 2 0 0 0 0 0 0
1 0.425125 0.62109375 0.39453125 0.3203125 0.6015625 0.6171875 2 0.6145828125 0.7747390625 2 0.5924484375 0.46875 2 0.2330734375 0.66796875 2 0 0 0 0 0 0
1 0.4203125 0.83828125 0.409375 0.3234375 0.23828125 0.8411453125 2 0.24609375 0.98828125 2 0.2278640625 0.6875 2 0.6080734375 0.78515625 2 0 0 0 0 0 0
1 0.803390625 0.2122421875 0.296875 0.291671875 0.9231765625 0.2018234375 2 0.9049484375 0.0794265625 2 0.94140625 0.3359375 2 0.66796875 0.25 2 0 0 0 0 0 0
1 0.80925 0.392578125 0.29296875 0.28515625 0.9283859375 0.3828125 2 0.91796875 0.2591140625 2 0.94140625 0.5221359375 2 0.66796875 0.4205734375 2 0 0 0 0 0 0
1 0.8027265625 0.5670546875 0.298171875 0.295578125 0.6796875 0.5703125 2 0.6627609375 0.4361984375 2 0.6875 0.7057296875 2 0.9401046875 0.5338546875 2 0 0 0 0 0 0
1 0.8385390625 0.5501328125 0.294265625 0.282546875 0.9583328125 0.5494796875 2 0.9466140625 0.4153640625 2 0.9752609375 0.68359375 2 0.6953125 0.5924484375 2 0 0 0 0 0 0
1 0.7773515625 0.2793046875 0.307296875 0.272140625 0.6484375 0.27734375 2 0.6653640625 0.4127609375 2 0.6393234375 0.1536453125 2 0.9075515625 0.234375 2 0 0 0 0 0 0
