2 0.3652961672 0.2029754902 0.1127874564 0.0663627451 0.3626759582 0.1726323529 2 0.4186672474 0.1719098039 2 0.3109390244 0.1731862745 2 0.3657491289 0.2340313725 2 0.4190452962 0.2333931373 2 0.3105609756 0.2342441176 2
2 0.4225 0.1971176471 0.1139198606 0.0671176471 0.4221341463 0.1666509804 2 0.3664094077 0.1666509804 2 0.4755609756 0.166327451 2 0.4232839721 0.2280852941 2 0.3666968641 0.2285696078 2 0.4775714286 0.2276 2
2 0.4841550523 0.2007205882 0.1154181185 0.0673431373 0.4813066202 0.1708539216 2 0.4278797909 0.1716627451 2 0.5370313589 0.1693990196 2 0.4847526132 0.2316421569 2 0.4275923345 0.2322882353 2 0.5407648084 0.2308333333 2
2 0.6002090592 0.200122549 0.1163414634 0.0700294118 0.5989041812 0.1703029412 2 0.543466899 0.1719196078 2 0.654054007 0.1680401961 2 0.6023519164 0.2312529412 2 0.5457648084 0.2328696078 2 0.6575017422 0.2293127451 2
2 0.6579355401 0.1936470588 0.1180662021 0.0706666667 0.6577891986 0.1635127451 2 0.6009146341 0.1656147059 2 0.7103536585 0.1614117647 2 0.6623850174 0.2243009804 2 0.6026376307 0.2267254902 2 0.7160993031 0.2223607843 2
2 0.7196602787 0.1955098039 0.1179965157 0.0705098039 0.7172473868 0.1659382353 2 0.6615226481 0.1682019608 2 0.770674216 0.1633519608 2 0.720695122 0.2270490196 2 0.6643954704 0.2286656863 2 0.7764198606 0.2252705882 2
2 0.7028919861 0.2805539216 0.1212195122 0.0733823529 0.7008745645 0.2495068627 2 0.6431393728 0.2506382353 2 0.7565993031 0.247404902 2 0.7040348432 0.312072549 2 0.6474477352 0.3140127451 2 0.761195122 0.3099705882 2
2 0.7628135889 0.2716764706 0.1240940767 0.0730980392 0.7613675958 0.2406519608 2 0.7013344948 0.2425921569 2 0.8176672474 0.2379039216 2 0.7639529617 0.302895098 2 0.70621777 0.3056431373 2 0.823412892 0.3004696078 2
2 0.8248170732 0.2714901961 0.123466899 0.0734901961 0.8242735192 0.2401666667 2 0.764815331 0.2437235294 2 0.8791376307 0.2369333333 2 0.8285818815 0.3030568627 2 0.7691236934 0.3056431373 2 0.8860313589 0.3006313725 2
2 0.5853745645 0.2860343137 0.1135714286 0.0693431373 0.5834494774 0.2555529412 2 0.5294477352 0.256522549 2 0.6394616725 0.2537745098 2 0.5851724739 0.3173107843 2 0.5294477352 0.3181186275 2 0.6403222997 0.3163401961 2
2 0.5245644599 0.2827794118 0.1131707317 0.0696960784 0.5245644599 0.2519960784 2 0.4688397213 0.2528039216 2 0.5800017422 0.2508647059 2 0.5260017422 0.314077451 2 0.4708501742 0.3148852941 2 0.5802891986 0.3131068627 2
2 0.467543554 0.2888480392 0.1128919861 0.068245098 0.4653937282 0.2583009804 2 0.411966899 0.2589480392 2 0.5196811847 0.2574931373 2 0.4682648084 0.3195735294 2 0.4151254355 0.3203823529 2 0.522554007 0.31925 2
2 0.3491550523 0.2868137255 0.113815331 0.0676666667 0.3491167247 0.2564578431 2 0.2942543554 0.2564578431 2 0.4034059233 0.255972549 2 0.3517020906 0.3177303922 2 0.2959773519 0.3178921569 2 0.4051289199 0.3178921569 2
2 0.2920993031 0.2820735294 0.113466899 0.0671078431 0.2902317073 0.2519303922 2 0.2373797909 0.2516068627 2 0.3442334495 0.2516068627 2 0.2916689895 0.3128803922 2 0.236804878 0.3125568627 2 0.3482543554 0.3128803922 2
2 0.2324390244 0.2872990196 0.1142160279 0.0666960784 0.2322090592 0.2566186275 2 0.1770592334 0.2566186275 2 0.2887961672 0.2564578431 2 0.2339337979 0.3180529412 2 0.1790696864 0.3178921569 2 0.2882212544 0.3183764706 2
2 0.2015940767 0.3785294118 0.1082404181 0.0613921569 0.2011881533 0.3498911765 2 0.1486219512 0.3498911765 2 0.250304878 0.3498911765 2 0.2029111498 0.407122549 2 0.1506324042 0.4067990196 2 0.2537526132 0.407122549 2
2 0.2551829268 0.3744656863 0.1079965157 0.0614215686 0.254902439 0.3456882353 2 0.2034860627 0.3455264706 2 0.303445993 0.3460107843 1 0.2560505226 0.4030803922 2 0.2034860627 0.4029186275 2 0.307466899 0.4034039216 1
2 0.3520993031 0.3732401961 0.1133972125 0.0674411765 0.3505522648 0.3422931373 2 0.295402439 0.3424539216 2 0.4042665505 0.3419696078 2 0.3522770035 0.403727451 2 0.295402439 0.4038892157 2 0.4082891986 0.4034039216 2
2 0.4086585366 0.3674852941 0.1140418118 0.0653039216 0.4090940767 0.3378980392 2 0.3530818815 0.3378980392 2 0.4625209059 0.3375745098 2 0.4102421603 0.3983617647 2 0.3553797909 0.3983617647 2 0.4645313589 0.3982 2
2 0.4683013937 0.3723578431 0.1126655052 0.0668921569 0.4671167247 0.3422627451 2 0.4148379791 0.3424245098 2 0.5216916376 0.3414539216 2 0.4676898955 0.4033735294 2 0.4125400697 0.4033735294 2 0.5228414634 0.40305 2
2 0.5830487805 0.3712205882 0.11271777 0.0688921569 0.5806933798 0.3406794118 2 0.5278414634 0.3411637255 2 0.6369930314 0.3398705882 2 0.581554007 0.4021137255 2 0.5281271777 0.4027598039 2 0.6378536585 0.401304902 2
2 0.6416550523 0.3646862745 0.1161672474 0.0690196078 0.6410139373 0.3343745098 2 0.5838519164 0.3346970588 2 0.6984616725 0.3332421569 2 0.6418763066 0.3961313725 2 0.5841393728 0.3967784314 2 0.6993240418 0.3951617647 2
2 0.7025174216 0.3681715686 0.1178222997 0.0698333333 0.7010470383 0.3379303922 2 0.6464721254 0.3392245098 2 0.7593571429 0.3358294118 2 0.7016219512 0.3995264706 2 0.6444599303 0.4009823529 2 0.7596445993 0.3980715686 2
2 0.8226916376 0.3660686275 0.117369338 0.0651764706 0.8243327526 0.3359254902 2 0.7671707317 0.3359254902 2 0.879195122 0.3357647059 2 0.8219059233 0.3958607843 2 0.7648728223 0.3965519608 2 0.8786202091 0.3967137255 2
2 0.8829268293 0.3621078431 0.1189198606 0.0650196078 0.8846533101 0.3309147059 2 0.8303641115 0.3312372549 2 0.941238676 0.3310754902 2 0.8812055749 0.3918637255 2 0.8243327526 0.3915401961 2 0.9375052265 0.3920254902 2
2 0.8388327526 0.4431568627 0.1071428571 0.0561568627 0.8412787456 0.4165882353 2 0.7927351916 0.4164264706 2 0.8909721254 0.41675 2 0.8381202091 0.4688068627 2 0.7861289199 0.4689686275 2 0.887238676 0.4688068627 2
2 0.8867857143 0.4489509804 0.0967421603 0.0552156863 0.892695122 0.4240245098 2 0.8444390244 0.4238627451 2 0.933771777 0.4241862745 2 0.8892491289 0.4749509804 2 0.8395557491 0.4749509804 2 0.9331968641 0.4752735294 2
2 0.8837020906 0.5052303922 0.1015156794 0.0568137255 0.8895365854 0.4786656863 2 0.8372578397 0.4781803922 2 0.9323344948 0.478827451 2 0.8855139373 0.5305607843 2 0.834097561 0.5297529412 2 0.9286010453 0.530722549 2
2 0.8331533101 0.4982156863 0.1066898955 0.0556470588 0.8343850174 0.4726833333 2 0.7841184669 0.4723598039 2 0.8846533101 0.4726833333 2 0.8317996516 0.5232862745 2 0.7803832753 0.5228009804 2 0.8786202091 0.5236098039 2
2 0.7262108014 0.4502647059 0.0966376307 0.0555098039 0.7252909408 0.4254754902 2 0.6787578397 0.4256362745 2 0.7732595819 0.4246666667 2 0.725945993 0.475704902 2 0.6791811847 0.4760323529 2 0.7736829268 0.4751588235 2
2 0.7241550523 0.5028039216 0.0969512195 0.0534901961 0.7240052265 0.4794156863 2 0.6780156794 0.4794156863 2 0.7717421603 0.4791980392 2 0.7251707317 0.5276901961 2 0.6766585366 0.5279088235 2 0.7715487805 0.5273627451 2
2 0.6755052265 0.4452990196 0.0974216028 0.0555588235 0.6751062718 0.4202245098 2 0.627369338 0.4205529412 2 0.7230365854 0.4197882353 2 0.6768519164 0.4706833333 2 0.6291149826 0.4706833333 2 0.7234233449 0.4700284314 2
2 0.674695122 0.4983382353 0.0962195122 0.0525980392 0.6743292683 0.4738460784 2 0.627369338 0.4740647059 2 0.7216777003 0.4735186275 2 0.6751062718 0.5227754902 2 0.6267874564 0.5228843137 2 0.7220662021 0.5224480392 2
2 0.5482491289 0.4485343137 0.0924912892 0.049754902 0.5485836237 0.4256833333 2 0.5051167247 0.4255745098 2 0.5924390244 0.4255745098 2 0.548195122 0.4721009804 2 0.5025940767 0.4717735294 2 0.5924390244 0.4725382353 2
2 0.5474303136 0.4991127451 0.0908536585 0.0512647059 0.5478083624 0.4754843137 2 0.5023989547 0.4757029412 2 0.5916620209 0.4757029412 2 0.5460609756 0.5222294118 2 0.5025940767 0.5216833333 2 0.5899163763 0.5227754902 2
2 0.5028745645 0.4546568627 0.0886759582 0.0504117647 0.5018170732 0.4313656863 2 0.459902439 0.4313656863 2 0.5456724739 0.4312558824 2 0.5022891986 0.4776980392 2 0.4593205575 0.4781107843 2 0.5448972125 0.4787656863 2
2 0.5014721254 0.5047647059 0.0877874564 0.05 0.5020121951 0.4814911765 2 0.4597090592 0.4812735294 2 0.5441202091 0.4816009804 2 0.5010418118 0.5272539216 2 0.4585452962 0.527472549 2 0.544315331 0.527472549 2
2 0.4136759582 0.4503382353 0.0873170732 0.0496372549 0.414261324 0.4278666667 2 0.3709878049 0.4276480392 2 0.4565644599 0.4278666667 2 0.4130923345 0.4730303922 2 0.3700174216 0.4738480392 2 0.4571463415 0.4736294118 2
2 0.4126916376 0.5007303922 0.0888327526 0.0510882353 0.4113501742 0.4766843137 2 0.3692421603 0.4766843137 2 0.4544303136 0.4769029412 2 0.4109616725 0.5241941176 2 0.3686602787 0.5240852941 2 0.4548170732 0.5241941176 2
2 0.3657926829 0.4557058824 0.0908885017 0.052 0.3640017422 0.4320166667 2 0.3209233449 0.4316892157 2 0.4088275261 0.4320166667 2 0.3640017422 0.4795264706 2 0.3203414634 0.4789803922 2 0.4072752613 0.4799637255 2
2 0.3659843206 0.5057647059 0.089738676 0.0504117647 0.3657491289 0.4830196078 2 0.3226689895 0.4828009804 2 0.4082456446 0.4832372549 2 0.3659425087 0.5288911765 2 0.3215052265 0.5287813725 2 0.4082456446 0.5288911765 2
2 0.2670296167 0.4513333333 0.0932578397 0.0500588235 0.2662003484 0.4280872549 2 0.2211811847 0.4280872549 2 0.3081149826 0.4278696078 2 0.2673658537 0.4746147059 2 0.2221515679 0.4746147059 2 0.3119965157 0.4746147059 2
2 0.2715940767 0.5003578431 0.0864634146 0.0487745098 0.2722160279 0.4773372549 2 0.2301080139 0.4775558824 2 0.3133554007 0.4772284314 2 0.2726045296 0.5229911765 2 0.2345714286 0.5232088235 2 0.314130662 0.5228813725 2
2 0.2209930314 0.456995098 0.0889547038 0.0503823529 0.2207543554 0.4334784314 2 0.1774808362 0.4338058824 2 0.2644146341 0.4334784314 2 0.2223066202 0.4805509804 2 0.1798101045 0.4803333333 2 0.2646097561 0.4805509804 2
2 0.2231881533 0.5069019608 0.0882926829 0.0506078431 0.2213362369 0.4834980392 2 0.1794216028 0.4833882353 2 0.2642212544 0.4833882353 2 0.2217247387 0.5303519608 2 0.1796149826 0.5305705882 2 0.2667439024 0.5299156863 2
