3 0.3286177885 0.3858774038 0.2960817308 0.2358894231 0.3572475962 0.2883221154 2 0.19415625 0.4290865385 2 0.4659759615 0.4989831731 2 0 0 0 0 0 0 0 0 0
3 0.3266706731 0.4227764423 0.2960817308 0.2358894231 0.3553076923 0.3252115385 2 0.1951274038 0.4708293269 2 0.4640336538 0.5358725962 2 0 0 0 0 0 0 0 0 0
3 0.3237620192 0.4664543269 0.2960817308 0.2358894231 0.3523942308 0.3688990385 2 0.1922163462 0.5145144231 2 0.46209375 0.5727620192 2 0 0 0 0 0 0 0 0 0
3 0.3179206731 0.5072235577 0.2960817308 0.2358894231 0.3465697115 0.4096706731 2 0.1863894231 0.5552884615 2 0.4562692308 0.6135360577 2 0 0 0 0 0 0 0 0 0
3 0.3198677885 0.5441225962 0.2960817308 0.2358894231 0.3436586538 0.4494735577 2 0.1844495192 0.5960625 2 0.4582091346 0.6504254808 2 0 0 0 0 0 0 0 0 0
3 0.3159975962 0.5809975962 0.2960817308 0.2358894231 0.3397740385 0.4863629808 2 0.1873605769 0.6426586538 2 0.4552980769 0.6834326923 2 0 0 0 0 0 0 0 0 0
3 0.3121033654 0.6154807692 0.2960817308 0.2174519231 0.3358918269 0.5300480769 2 0.1815360577 0.6873149038 2 0.4562692308 0.7135264423 2 0 0 0 0 0 0 0 0 0
3 0.3203485577 0.6601442308 0.2912259615 0.2213461538 0.3349206731 0.5727620192 2 0.1912451923 0.7319711538 2 0.4582091346 0.7513870192 2 0 0 0 0 0 0 0 0 0
3 0.3164783654 0.6999278846 0.2912259615 0.2213461538 0.3310384615 0.6125649038 2 0.19415625 0.7766274038 2 0.4533557692 0.77565625 2 0 0 0 0 0 0 0 0 0
3 0.3174519231 0.7368269231 0.2970673077 0.2213461538 0.3290961538 0.6494543269 2 0.1922163462 0.8135168269 2 0.4552980769 0.8125456731 2 0 0 0 0 0 0 0 0 0
3 0.3164903846 0.7727403846 0.2970673077 0.2213461538 0.328125 0.6853725962 2 0.1960985577 0.8533197115 2 0.4611225962 0.8465240385 2 0 0 0 0 0 0 0 0 0
3 0.3174519231 0.8086778846 0.2970673077 0.2213461538 0.3290961538 0.7212932692 2 0.1970697115 0.8892379808 2 0.46209375 0.8824423077 2 0 0 0 0 0 0 0 0 0
3 0.69265625 0.3868629808 0.2960817308 0.2358894231 0.7212932692 0.2892932692 2 0.5620841346 0.4222908654 2 0.8193413462 0.5009254808 2 0 0 0 0 0 0 0 0 0
3 0.6946033654 0.4305408654 0.2960817308 0.2358894231 0.7232331731 0.3329783654 2 0.5562596154 0.4552980769 2 0.8115745192 0.5455817308 2 0 0 0 0 0 0 0 0 0
3 0.6809975962 0.4664543269 0.2960817308 0.2358894231 0.7096442308 0.3688990385 2 0.5426682692 0.4912163462 2 0.7979855769 0.5815 2 0 0 0 0 0 0 0 0 0
3 0.6683774038 0.5043149038 0.2960817308 0.2358894231 0.6970240385 0.4067596154 2 0.5300480769 0.5290769231 2 0.7853653846 0.6193605769 2 0 0 0 0 0 0 0 0 0
3 0.6567427885 0.5392668269 0.2960817308 0.2358894231 0.6853725962 0.4417067308 2 0.5183990385 0.5640264423 2 0.7737139423 0.6543076923 2 0 0 0 0 0 0 0 0 0
3 0.63828125 0.5800360577 0.2960817308 0.2358894231 0.6669278846 0.4824807692 2 0.5038365385 0.6135360577 2 0.7533293269 0.6795480769 2 0 0 0 0 0 0 0 0 0
3 0.6315024038 0.6159495192 0.2960817308 0.2358894231 0.6601322115 0.5183990385 2 0.4989831731 0.65625 2 0.7523581731 0.7115841346 2 0 0 0 0 0 0 0 0 0
3 0.6208052885 0.6528485577 0.2960817308 0.2358894231 0.6494543269 0.5552884615 2 0.4960697115 0.6970240385 2 0.7445913462 0.7397379808 2 0 0 0 0 0 0 0 0 0
3 0.6062620192 0.6916706731 0.2960817308 0.2358894231 0.6348918269 0.5941201923 2 0.4892740385 0.7445913462 2 0.7397379808 0.7630360577 2 0 0 0 0 0 0 0 0 0
3 0.6052764423 0.7115745192 0.2960817308 0.1941586538 0.6339230769 0.6348918269 2 0.4873341346 0.7941009615 2 0.7377956731 0.7989543269 2 0 0 0 0 0 0 0 0 0
3 0.6125600962 0.7533293269 0.2640625 0.1941586538 0.6203317308 0.6717836538 2 0.4863629808 0.8406995192 2 0.7407091346 0.834875 2 0 0 0 0 0 0 0 0 0
3 0.6188822115 0.7921514423 0.2708413462 0.1941586538 0.6232427885 0.7106129808 2 0.4892740385 0.87953125 2 0.7436201923 0.8688509615 2 0 0 0 0 0 0 0 0 0
