1 0.10078125 0.30078125 0.2015625 0.3078125 0.0638015625 0.17578125 2 0.1861984375 0.18359375 2 0 0.1731765625 2 0.0807296875 0.44921875 2 0 0 0 0 0 0
1 0.2168046875 0.2545546875 0.272140625 0.303390625 0.2200515625 0.1276046875 2 0.0885421875 0.1197921875 2 0.3424484375 0.1354171875 2 0.2356765625 0.3997390625 2 0 0 0 0 0 0
1 0.377609375 0.23503125 0.265625 0.30859375 0.3763015625 0.09375 2 0.2591140625 0.09765625 2 0.49609375 0.1041671875 2 0.3919265625 0.3815109375 2 0 0 0 0 0 0
1 0.5175703125 0.169921875 0.259109375 0.30078125 0.5247390625 0.0442703125 2 0.4010421875 0.0559890625 2 0.63671875 0.0364578125 2 0.5494796875 0.3125 2 0 0 0 0 0 0
1 0.6653671875 0.1380234375 0.231765625 0.268234375 0.65625 0.0130203125 2 0.5533859375 0.0169265625 2 0.76953125 0.0104171875 2 0.6770828125 0.2578125 2 0 0 0 0 0 0
1 0.1354140625 0.6992109375 0.255203125 0.294265625 0.1276046875 0.58203125 2 0.0091140625 0.5716140625 2 0.25 0.5872390625 2 0.133959375 0.8426453125 2 0 0 0 0 0 0
1 0.3040390625 0.658203125 0.279953125 0.29296875 0.3125 0.5364578125 2 0.171875 0.5299484375 2 0.4361984375 0.5533859375 2 0.3125 0.7994796875 2 0 0 0 0 0 0
1 0.4622421875 0.6347578125 0.260421875 0.282546875 0.4791671875 0.5143234375 2 0.3353140625 0.4970515625 2 0.5794265625 0.51953125 2 0.4739578125 0.7708328125 2 0 0 0 0 0 0
1 0.5943984375 0.5696640625 0.272140625 0.287765625 0.5963546875 0.4518234375 2 0.4739578125 0.4713546875 2 0.7174484375 0.44140625 2 0.6263015625 0.69921875 2 0 0 0 0 0 0
1 0.7480390625 0.5175859375 0.274734375 0.279953125 0.7526046875 0.3997390625 2 0.6184890625 0.40625 2 0.8763015625 0.4010421875 2 0.765625 0.65234375 2 0 0 0 0 0 0
1 0.8684921875 0.4589765625 0.223953125 0.274734375 0.89453125 0.33984375 2 0.7682296875 0.34375 2 0.9752609375 0.3372390625 2 0.90234375 0.5794265625 2 0 0 0 0 0 0
1 0.139328125 0.3730546875 0.2578125 0.279953125 0.12890625 0.4921875 2 0.0143234375 0.4856765625 2 0.2565109375 0.5 2 0.1302078125 0.2447921875 2 0 0 0 0 0 0
1 0.29621875 0.3515703125 0.26953125 0.268234375 0.28125 0.4622390625 2 0.421875 0.4700515625 2 0.1692703125 0.45703125 2 0.28125 0.2213546875 2 0 0 0 0 0 0
1 0.4296796875 0.3118515625 0.239578125 0.251296875 0.421875 0.41796875 2 0.53515625 0.4205734375 2 0.3111984375 0.4231765625 2 0.4140625 0.2109375 2 0 0 0 0 0 0
1 0.592453125 0.247390625 0.28125 0.2734375 0.5859375 0.3580734375 2 0.7096359375 0.3528640625 2 0.4635421875 0.3619796875 2 0.5651046875 0.1184890625 2 0 0 0 0 0 0
1 0.2317734375 0.8046796875 0.286453125 0.317703125 0.2174484375 0.9348953125 2 0.3606765625 0.9453125 2 0.0950515625 0.9192703125 2 0.2161453125 0.6458328125 2 0 0 0 0 0 0
1 0.38996875 0.7389375 0.28515625 0.29296875 0.3815109375 0.8489578125 2 0.5130203125 0.8619796875 2 0.2552078125 0.8411453125 2 0.3776046875 0.5950515625 2 0 0 0 0 0 0
1 0.549484375 0.69921875 0.2890625 0.3046875 0.5403640625 0.82421875 2 0.6809890625 0.8294265625 2 0.4140625 0.8203125 2 0.5260421875 0.5533859375 2 0 0 0 0 0 0
1 0.69596875 0.6386640625 0.28515625 0.298171875 0.7005203125 0.76171875 2 0.8268234375 0.7526046875 2 0.5768234375 0.7747390625 2 0.6588546875 0.5026046875 2 0 0 0 0 0 0
1 0.8515625 0.5813828125 0.2734375 0.295578125 0.84765625 0.7083328125 2 0.9765625 0.7044265625 2 0.71875 0.7057296875 2 0.8138015625 0.4375 2 0 0 0 0 0 0
1 0.8548203125 0.157546875 0.235671875 0.265625 0.8763015625 0.2643234375 2 0.7447921875 0.2708328125 2 0.9544265625 0.265625 2 0.853471875 0.0280875 2 0 0 0 0 0 0
