3 0.1885096154 0.9247956731 0.1614903846 0.1504086538 0.1250865385 0.9707091346 2 0.2561201923 0.8581009615 2 0.1564903846 1 2 0 0 0 0 0 0 0 0 0
3 0.1506009615 0.9247956731 0.1658173077 0.1504086538 0.0870096154 0.9677067308 2 0.2314254808 0.8517451923 2 0.1153389423 0.9988629808 2 0 0 0 0 0 0 0 0 0
3 0.110625 0.9225841346 0.1658173077 0.1504086538 0.0470432692 0.9654855769 2 0.1914591346 0.8495264423 2 0.0753725962 0.9966418269 2 0 0 0 0 0 0 0 0 0
3 0.0829086538 0.9203725962 0.1525 0.1504086538 0.0126586538 0.9632668269 2 0.1513990385 0.8611442308 2 0.0409879808 0.9944230769 2 0 0 0 0 0 0 0 0 0
3 0.0625 0.9146634615 0.125 0.1514423077 0 0 0 0.11809375 0.8567043269 2 0.0076826923 0.9899807692 2 0 0 0 0 0 0 0 0 0
3 0.480625 0.42640625 0.3431730769 0.6030528846 0.3467884615 0.4482139423 2 0.639875 0.1729254808 2 0.6332139423 0.7123990385 2 0 0 0 0 0 0 0 0 0
3 0.4140144231 0.4175360577 0.4053365385 0.6252644231 0.24909375 0.4504326923 2 0.5999086538 0.1240841346 2 0.5355168269 0.7146201923 2 0 0 0 0 0 0 0 0 0
3 0.3030048077 0.4241947115 0.4053365385 0.6252644231 0.1380769231 0.45709375 2 0.4888918269 0.1307451923 2 0.4245 0.7212788462 2 0 0 0 0 0 0 0 0 0
3 0.1893509615 0.42640625 0.3787019231 0.5853125 0.0111009615 0.4792932692 2 0.3467884615 0.1440649038 2 0.29128125 0.7101802885 2 0 0 0 0 0 0 0 0 0
3 0.1293990385 0.4286418269 0.2587980769 0.5853125 0 0 0 0.2268918269 0.1462860577 2 0.1713822115 0.7123990385 2 0 0 0 0 0 0 0 0 0
3 0.8614182692 0.5046514423 0.2210576923 0.2900240385 0.9475240385 0.5009399038 2 0.7672331731 0.3937475962 2 0.7716754808 0.6268533654 2 0 0 0 0 0 0 0 0 0
3 0.7570673077 0.5202043269 0.2210576923 0.2900240385 0.8431658654 0.5164807692 2 0.6628774038 0.4092860577 2 0.6673173077 0.6423942308 2 0 0 0 0 0 0 0 0 0
3 0.7781610577 0.21828125 0.2410336538 0.3122355769 0.8742524038 0.2234326923 2 0.6828605769 0.0740576923 2 0.6828605769 0.3604447115 2 0 0 0 0 0 0 0 0 0
3 0.8794831731 0.2005168269 0.2410336538 0.3122355769 0.9755769231 0.2056730769 2 0.7841850962 0.0562980769 2 0.7841850962 0.3426850962 2 0 0 0 0 0 0 0 0 0
3 0.7193149038 0.2205048077 0.1411298077 0.2323076923 0.7654567308 0.2256538462 2 0.6539975962 0.1406610577 2 0.6495552885 0.3071634615 2 0 0 0 0 0 0 0 0 0
