1 0.227859375 0.6588515625 0.4375 0.299484375 0.0442703125 0.6510421875 2 0.06640625 0.51171875 2 0.0221359375 0.8020828125 2 0.44140625 0.7291671875 2 0 0 0 0 0 0
1 0.262375 0.7519609375 0.44140625 0.303390625 0.4505203125 0.7473953125 2 0.4700515625 0.6080734375 2 0.4283859375 0.8841140625 2 0.0611984375 0.6796875 2 0 0 0 0 0 0
1 0.272140625 0.5703046875 0.4453125 0.294265625 0.4635421875 0.5651046875 2 0.4401046875 0.71484375 2 0.4856765625 0.4309890625 2 0.0638015625 0.4934890625 2 0 0 0 0 0 0
1 0.279296875 0.3391953125 0.43359375 0.313796875 0.0911453125 0.3359375 2 0.0716140625 0.4817703125 2 0.11328125 0.1953125 2 0.48828125 0.4127609375 2 0 0 0 0 0 0
1 0.3229140625 0.3932265625 0.432296875 0.302078125 0.5091140625 0.39453125 2 0.4869796875 0.5377609375 2 0.5299484375 0.2421875 2 0.1119796875 0.3190109375 2 0 0 0 0 0 0
1 0.7076796875 0.74934375 0.360671875 0.30078125 0.5690109375 0.7447921875 2 0.59375 0.6015625 2 0.54296875 0.8841140625 2 0.8763015625 0.7955734375 2 0 0 0 0 0 0
1 0.7571640625 0.4296875 0.345046875 0.296875 0.6184890625 0.4283859375 2 0.5950515625 0.5638015625 2 0.6315109375 0.2838546875 2 0.921875 0.4869796875 2 0 0 0 0 0 0
1 0.8046875 0.4583359375 0.3515625 0.315109375 0.9427078125 0.4661453125 2 0.96875 0.3216140625 2 0.9283859375 0.6184890625 2 0.6315109375 0.4114578125 2 0 0 0 0 0 0
1 0.7604140625 0.6386796875 0.348953125 0.303390625 0.8971359375 0.64453125 2 0.9244796875 0.49609375 2 0.875 0.78125 2 0.59375 0.58984375 2 0 0 0 0 0 0
1 0.7506484375 0.81965625 0.352859375 0.30078125 0.8880203125 0.8177078125 2 0.9166671875 0.6770828125 2 0.86328125 0.9661453125 2 0.5768234375 0.7591140625 2 0 0 0 0 0 0
