1 0.3550986842 0.2856173913 0.4031798246 0.3973217391 0.35425 0.0949826087 2 0.1602565789 0.1043478261 2 0.5515986842 0.0919652174 2 0.3340087719 0.4775913043 2 0 0 0 0 0 0
1 0.3179934211 0.311026087 0.3964254386 0.3946434783 0.3154517544 0.4976591304 2 0.1298925439 0.500333913 2 0.4925767544 0.4949826087 2 0.3221995614 0.1163878261 2 0 0 0 0 0 0
1 0.5558333333 0.2983304348 0.3829385965 0.3826086957 0.5533070175 0.4816052174 2 0.7371798246 0.4775913043 2 0.3691995614 0.4848086957 2 0.5634276316 0.1150504348 2 0 0 0 0 0 0
1 0.7869407895 0.299 0.3930482456 0.386626087 0.7827258772 0.4749165217 2 0.9716600877 0.4668904348 2 0.595372807 0.4874347826 2 0.7891885965 0.1105582609 2 0 0 0 0 0 0
1 0.7759758772 0.2802608696 0.38125 0.4 0.7742916667 0.0936452174 2 0.5921052632 0.0989965217 2 0.9617938596 0.0853095652 2 0.7557346491 0.4749165217 2 0 0 0 0 0 0
1 0.3677412281 0.7331043478 0.3846052632 0.3933043478 0.371120614 0.5551843478 2 0.187247807 0.5618730435 2 0.5516184211 0.5458191304 2 0.3525635965 0.924413913 2 0 0 0 0 0 0
1 0.3281030702 0.7592 0.3862938596 0.3919652174 0.3238859649 0.9418052174 2 0.1398223684 0.9502434783 2 0.5060723684 0.9377930435 2 0.3390679825 0.5698991304 2 0 0 0 0 0 0
1 0.5549890351 0.7317652174 0.38125 0.3933043478 0.5549934211 0.9137130435 2 0.7388662281 0.9110365217 2 0.3744934211 0.9177252174 2 0.5735482456 0.5444817391 2 0 0 0 0 0 0
1 0.7962171053 0.7518347826 0.38125 0.3959826087 0.7962214912 0.9284278261 2 0.6106622807 0.9337791304 2 0.9767214912 0.9217391304 2 0.8232127193 0.5605356522 2 0 0 0 0 0 0
1 0.7835635965 0.7217391304 0.3930482456 0.3973217391 0.7844122807 0.5444817391 2 0.9665986842 0.5377930435 2 0.5954780702 0.5525078261 2 0.7658574561 0.9110365217 2 0 0 0 0 0 0
