3 0.6801802885 0.3013701923 0.3097836538 0.2413942308 0.6899543269 0.2006057692 2 0.5292572115 0.3597668269 2 0.8226658654 0.4093341346 2 0 0 0 0 0 0 0 0 0
3 0.2784495192 0.3027644231 0.5248317308 0.4276923077 0.3926274038 0.1629278846 2 0.0727524038 0.5116995192 2 0.5236610577 0.2694567308 2 0 0 0 0 0 0 0 0 0
3 0.3205048077 0.3619110577 0.3952884615 0.3044951923 0.4086538462 0.2604158654 2 0.1856298077 0.5235048077 2 0.5181634615 0.3699254808 2 0 0 0 0 0 0 0 0 0
3 0.2624158654 0.0921634615 0.5248317308 0.0854807692 0.3619134615 0 2 0.0293798077 0.4193365385 2 0.5182235577 0.1336610577 2 0 0 0 0 0 0 0 0 0
3 0.68859375 0.2114543269 0.3249759615 0.2645913462 0.6923509615 0.1039639423 2 0.5300576923 0.2598629808 2 0.8322620192 0.3326177885 2 0 0 0 0 0 0 0 0 0
3 0.6925841346 0.1378966346 0.3249759615 0.2518028846 0.7099399038 0.0079302885 2 0.5340528846 0.1703221154 2 0.8338605769 0.2413798077 2 0 0 0 0 0 0 0 0 0
3 0.69578125 0.1626802885 0.3249759615 0.2645913462 0.6995480769 0.0551971154 2 0.5372524038 0.2110961538 2 0.8394567308 0.2838485577 2 0 0 0 0 0 0 0 0 0
3 0.6773918269 0.27859375 0.3249759615 0.2518028846 0.69475 0.1486394231 2 0.5340552885 0.3078004808 2 0.8242668269 0.3773557692 2 0 0 0 0 0 0 0 0 0
3 0.6770793269 0.3956009615 0.3037740385 0.2371153846 0.6838221154 0.2884879808 2 0.5293653846 0.4641129808 2 0.8277283654 0.4916201923 2 0 0 0 0 0 0 0 0 0
3 0.6777163462 0.3531490385 0.2937980769 0.2110096154 0.6794951923 0.2435745192 2 0.5283918269 0.4131274038 2 0.8234014423 0.4467067308 2 0 0 0 0 0 0 0 0 0
3 0.66859375 0.4329086538 0.3249759615 0.1686538462 0.6859567308 0.3445120192 2 0.5348533654 0.5140673077 2 0.8058774038 0.5148653846 2 0 0 0 0 0 0 0 0 0
3 0.6840985577 0.4549759615 0.2793028846 0.1247115385 0.6786153846 0.3885576923 2 0.5275120192 0.5581129808 1 0.7985360577 0.5589110577 1 0 0 0 0 0 0 0 0 0
3 0.3445552885 0.7968028846 0.2724278846 0.2439903846 0.3458870192 0.6944447115 2 0.2256947115 0.9054495192 2 0.46875 0.8961009615 2 0 0 0 0 0 0 0 0 0
3 0.3592427885 0.7291706731 0.2724278846 0.2564182692 0.3605769231 0.6330120192 2 0.2297019231 0.8293269231 2 0.4727572115 0.8453533654 2 0 0 0 0 0 0 0 0 0
3 0.3645793269 0.6851081731 0.2724278846 0.2564182692 0.3659182692 0.5889423077 2 0.2323725962 0.7678942308 2 0.4794326923 0.806625 2 0 0 0 0 0 0 0 0 0
3 0.3765985577 0.6404447115 0.2724278846 0.2415144231 0.3779375 0.5368581731 2 0.2443918269 0.7158125 2 0.4660793269 0.7451923077 2 0 0 0 0 0 0 0 0 0
3 0.0688581731 0.7388942308 0.1377163462 0.3491826923 0.0941658654 0.5918100962 2 0 0.5976971154 2 0.1137836538 0.8788894231 2 0 0 0 0 0 0 0 0 0
3 0.0714783654 0.6957451923 0.1377163462 0.3491826923 0.1144375 0.5551899038 2 0.0026153846 0.5545360577 2 0.1294783654 0.8331129808 2 0 0 0 0 0 0 0 0 0
3 0.0996033654 0.6828125 0.1377163462 0.3305769231 0.1457091346 0.5355096154 2 0.0307355769 0.5323028846 2 0.1435817308 0.8407548077 2 0 0 0 0 0 0 0 0 0
3 0.1299158654 0.6689903846 0.1377163462 0.3305769231 0.1760216346 0.5216826923 2 0.0610456731 0.5184759615 2 0.1600673077 0.8269278846 2 0 0 0 0 0 0 0 0 0
3 0.1533052885 0.663125 0.1377163462 0.2869711538 0.1994206731 0.4940288462 1 0.0844447115 0.4908245192 1 0.1834663462 0.7992740385 2 0 0 0 0 0 0 0 0 0
3 0.3635817308 0.6212980769 0.2559615385 0.2032211538 0.3791634615 0.4833942308 1 0.2396057692 0.6775240385 2 0.4812668269 0.7184447115 2 0 0 0 0 0 0 0 0 0
