1 0.2266966068 0.2782267442 0.4077644711 0.4374224806 0.2224131737 0.0789031008 2 0.0285149701 0.0789031008 2 0.4063293413 0.0761356589 2 0.2609061876 0.4886492248 2 0 0 0 0 0 0
1 0.2409481038 0.3017732558 0.4020558882 0.4346705426 0.2380958084 0.503875969 2 0.0470479042 0.5011065891 2 0.431994012 0.503875969 2 0.1953233533 0.0899786822 2 0 0 0 0 0 0
1 0.4669261477 0.2803100775 0.3892215569 0.4166666667 0.4690618762 0.4720368217 2 0.6515548902 0.4692693798 2 0.2822934132 0.4761899225 2 0.4291417166 0.0775193798 2 0 0 0 0 0 0
1 0.6258982036 0.2574709302 0.4077644711 0.4374224806 0.6216147705 0.0581395349 2 0.4277165669 0.0581395349 2 0.8055309381 0.055370155 2 0.6601077844 0.4678856589 2 0 0 0 0 0 0
1 0.6986127745 0.2879360465 0.4020558882 0.4346705426 0.695750499 0.4900329457 2 0.5146846307 0.4900329457 2 0.8796686627 0.484496124 2 0.6529800399 0.0761356589 2 0 0 0 0 0 0
1 0.2309680639 0.7556686047 0.4077644711 0.3612984496 0.2266906188 0.5944069767 2 0.0427724551 0.6021589147 2 0.3977764471 0.5924689922 2 0.2594810379 0.9177732558 2 0 0 0 0 0 0
1 0.225259481 0.7819767442 0.4020558882 0.3529844961 0.2224131737 0.943244186 2 0.0399201597 0.950996124 2 0.4034790419 0.9426918605 2 0.1867684631 0.6132344961 2 0 0 0 0 0 0
1 0.4455289421 0.7592635659 0.3892215569 0.3529844961 0.4476766467 0.9191589147 2 0.6301676647 0.9163895349 2 0.273738523 0.9219263566 2 0.4148842315 0.5855484496 2 0 0 0 0 0 0
1 0.6059381238 0.7446027132 0.4077644711 0.3474612403 0.6016546906 0.590255814 2 0.4362694611 0.5897015504 2 0.7855708583 0.5874864341 2 0.6415748503 0.9039321705 2 0 0 0 0 0 0
1 0.6829241517 0.7765794574 0.4020558882 0.3460658915 0.6800678643 0.9343856589 2 0.499001996 0.9343856589 2 0.8639860279 0.9288488372 2 0.6458502994 0.6104651163 2 0 0 0 0 0 0
