1 0.3089375 0.4918515625 0.1044375 0.091015625 0.3080625 0.525690625 2 0.359840625 0.5362125 2 0.259053125 0.515771875 2 0.3028125 0.4515921875 2 0 0 0 0 0 0
1 0.4950625 0.5195546875 0.12778125 0.096265625 0.494184375 0.5548640625 2 0.5478625 0.56128125 2 0.434671875 0.5478625 2 0.4871828125 0.476096875 2 0 0 0 0 0 0
1 0.4880625 0.597453125 0.1254375 0.0921875 0.4877671875 0.5700328125 2 0.4317546875 0.56128125 2 0.5461109375 0.57761875 2 0.48835 0.6377140625 2 0 0 0 0 0 0
1 0.3264453125 0.5641953125 0.106765625 0.084015625 0.3290671875 0.533275 2 0.2744015625 0.5232484375 1 0.37399375 0.53969375 2 0.3314015625 0.60095625 2 0 0 0 0 0 0
1 0.1826171875 0.534734375 0.094515625 0.0904375 0.1820375 0.5087703125 2 0.138278125 0.5006015625 2 0.2263796875 0.5163546875 2 0.1907890625 0.577034375 2 0 0 0 0 0 0
1 0.074390625 0.5248125 0.08809375 0.0799375 0.07118125 0.4953515625 2 0.0326734375 0.4901 2 0.114940625 0.5052703125 2 0.0738875 0.563775 2 0 0 0 0 0 0
1 0.0787578125 0.5793671875 0.094515625 0.144703125 0.0781828125 0.6295453125 2 0.114940625 0.6412140625 2 0.039675 0.6172921875 2 0.07930625 0.50884375 2 0 0 0 0 0 0
1 0.1508203125 0.6091171875 0.089265625 0.080515625 0.1452796875 0.62429375 2 0.1902046875 0.63888125 2 0.110271875 0.614375 2 0.1441125 0.5741171875 2 0 0 0 0 0 0
1 0.2158828125 0.6272109375 0.107359375 0.094515625 0.217628125 0.6528828125 2 0.2660546875 0.66571875 2 0.177953125 0.6452984375 2 0.2123765625 0.58461875 2 0 0 0 0 0 0
1 0.2847265625 0.6275 0.101515625 0.08459375 0.2812234375 0.6511328125 2 0.3273171875 0.659884375 2 0.2397984375 0.646465625 2 0.274221875 0.5892875 2 0 0 0 0 0 0
1 0.3649453125 0.6654296875 0.106765625 0.095109375 0.3611578125 0.689640625 2 0.409 0.70189375 2 0.31273125 0.679721875 2 0.3588234375 0.62079375 2 0 0 0 0 0 0
1 0.42825 0.6622265625 0.1131875 0.093359375 0.4218359375 0.68555625 2 0.4790140625 0.70364375 2 0.375159375 0.6750546875 2 0.424753125 0.62429375 2 0 0 0 0 0 0
1 0.532109375 0.7013046875 0.1201875 0.108515625 0.5286078125 0.7287328125 2 0.585203125 0.7456515625 2 0.474346875 0.7182296875 2 0.525690625 0.659884375 2 0 0 0 0 0 0
