0 0.5564675926 0.5709670782 0.0226574074 0.0310288066 0.5472222222 0.5611111111 1 0.5472222222 0.5814814815 1 0.5669527778 0.5813415638 2 0.5668601852 0.561382716 2 0 0 0 0 0 0
0 0.5599861111 0.5697325103 0.0226574074 0.0310288066 0.5507666667 0.5818806584 1 0.5507666667 0.5593292181 1 0.5704712963 0.5593847737 2 0.5703787037 0.5793436214 2 0 0 0 0 0 0
0 0.5771157407 0.5717901235 0.0226574074 0.0310288066 0.5678703704 0.5619341564 2 0.5678962963 0.5822201646 2 0.5876009259 0.5821646091 2 0.5875083333 0.5622057613 2 0 0 0 0 0 0
0 0.5805416667 0.5687037037 0.0226574074 0.0310288066 0.5713222222 0.5808518519 2 0.5713222222 0.5583004115 2 0.5910268519 0.5583559671 2 0.5909342593 0.5783148148 2 0 0 0 0 0 0
0 0.5982268519 0.5713786008 0.0226574074 0.0310288066 0.5889814815 0.5615226337 2 0.5890074074 0.5818106996 2 0.608712037 0.5817530864 2 0.6086194444 0.5617942387 2 0 0 0 0 0 0
0 0.6021157407 0.5674691358 0.0226574074 0.0310288066 0.5928962963 0.579617284 2 0.5928962963 0.5570658436 2 0.6126009259 0.5571213992 2 0.6125083333 0.5770802469 2 0 0 0 0 0 0
0 0.5995231481 0.5450411523 0.0226574074 0.0310288066 0.5902777778 0.5351851852 2 0.5903037037 0.5554711934 2 0.6100083333 0.5554156379 2 0.6099157407 0.5354567901 2 0 0 0 0 0 0
0 0.578875 0.5460699588 0.0226574074 0.0310288066 0.5696296296 0.5362139918 2 0.5696555556 0.5565 2 0.5893601852 0.5564444444 2 0.5892675926 0.5364855967 2 0 0 0 0 0 0
0 0.5579490741 0.5464814815 0.0226574074 0.0310288066 0.5487296296 0.5343621399 1 0.5487296296 0.5569115226 1 0.5684342593 0.5568559671 2 0.5683416667 0.5368971193 2 0 0 0 0 0 0
0 0.5616527778 0.5438065844 0.0226574074 0.0310288066 0.5524333333 0.5559547325 2 0.5524333333 0.5334032922 2 0.572137963 0.5334588477 2 0.5720453704 0.5534176955 2 0 0 0 0 0 0
0 0.5819305556 0.5433950617 0.0226574074 0.0310288066 0.5727111111 0.5555432099 2 0.5727111111 0.5329917695 2 0.5924157407 0.5330473251 2 0.5923231481 0.5530061728 2 0 0 0 0 0 0
0 0.6020231481 0.5421604938 0.0226574074 0.0310288066 0.5928037037 0.554308642 2 0.5928037037 0.5317572016 2 0.6125083333 0.5318127572 2 0.6124157407 0.5517716049 2 0 0 0 0 0 0
0 0.5576712963 0.5211728395 0.0226574074 0.0310288066 0.5485185185 0.5127572016 1 0.5484518519 0.5316049383 1 0.5681564815 0.5315473251 2 0.567962963 0.512345679 2 0 0 0 0 0 0
0 0.5783194444 0.5209670782 0.0226574074 0.0310288066 0.5691666667 0.5125514403 2 0.5691 0.531399177 2 0.5888046296 0.5313415638 2 0.5886111111 0.5121399177 2 0 0 0 0 0 0
0 0.5986898148 0.5201440329 0.0226574074 0.0310288066 0.5894444444 0.5102880658 2 0.5894703704 0.5305761317 2 0.609175 0.5305185185 2 0.6090824074 0.5105596708 2 0 0 0 0 0 0
0 0.6021157407 0.5172633745 0.0226574074 0.0310288066 0.5928962963 0.5294115226 2 0.5928962963 0.5068600823 2 0.6126009259 0.5069156379 2 0.6125083333 0.5268744856 2 0 0 0 0 0 0
0 0.5819305556 0.5199382716 0.0226574074 0.0310288066 0.5728703704 0.5294238683 2 0.5727111111 0.5095349794 2 0.5924157407 0.509590535 2 0.5923231481 0.5295493827 2 0 0 0 0 0 0
0 0.5616527778 0.5201440329 0.0226574074 0.0310288066 0.5524333333 0.5322921811 2 0.5524333333 0.5097407407 2 0.572137963 0.5097962963 2 0.5720453704 0.529755144 2 0 0 0 0 0 0
0 0.6023842593 0.4938888889 0.0226574074 0.0310288066 0.5931657407 0.5060349794 2 0.5931657407 0.4834835391 2 0.6128703704 0.4835390947 2 0.6127777778 0.5034979424 2 0 0 0 0 0 0
0 0.5991666667 0.4966152263 0.0210185185 0.0259465021 0.5898768519 0.4866419753 2 0.5898638889 0.5069032922 2 0.6084259259 0.5067901235 2 0.6084259259 0.4866255144 2 0 0 0 0 0 0
0 0.5792592593 0.4959979424 0.0210185185 0.0259465021 0.5699694444 0.4860246914 2 0.5699564815 0.5062860082 2 0.5885185185 0.5061728395 2 0.5885185185 0.4860082305 2 0 0 0 0 0 0
0 0.5820138889 0.4943004115 0.0226574074 0.0310288066 0.5727953704 0.5064465021 2 0.5727953704 0.4838950617 2 0.5925 0.4839506173 2 0.5924074074 0.503909465 2 0 0 0 0 0 0
0 0.5594444444 0.4962037037 0.0210185185 0.0259465021 0.5501555556 0.4862304527 1 0.5501425926 0.5064917695 1 0.5687037037 0.5063786008 2 0.5687037037 0.4862139918 2 0 0 0 0 0 0
0 0.5615509259 0.4940946502 0.0226574074 0.0310288066 0.5523324074 0.5062407407 2 0.5523324074 0.4836893004 2 0.572037037 0.483744856 2 0.5719444444 0.5037037037 2 0 0 0 0 0 0
0 0.6014583333 0.4675514403 0.0226574074 0.0310288066 0.5922398148 0.4796975309 2 0.5922398148 0.4571460905 2 0.6115740741 0.4572016461 2 0.6115740741 0.4765432099 2 0 0 0 0 0 0
0 0.5989814815 0.4706893004 0.0210185185 0.0259465021 0.5896916667 0.4607160494 2 0.5896796296 0.4809773663 2 0.6082407407 0.4808641975 2 0.6082407407 0.4606995885 2 0 0 0 0 0 0
0 0.5795833333 0.4689403292 0.0248148148 0.0298559671 0.5696925926 0.4605102881 2 0.5696796296 0.4807716049 2 0.5882407407 0.4806584362 2 0.5882407407 0.4604938272 2 0 0 0 0 0 0
0 0.5811805556 0.4677572016 0.0226574074 0.0310288066 0.571962037 0.4799032922 2 0.571962037 0.4573518519 2 0.5912962963 0.4574074074 2 0.5912962963 0.4767489712 2 0 0 0 0 0 0
0 0.560625 0.467345679 0.0226574074 0.0310288066 0.5514064815 0.4794917695 2 0.5514064815 0.4569403292 2 0.5711111111 0.4569958848 2 0.5710185185 0.4769547325 2 0 0 0 0 0 0
0 0.5580092593 0.4687345679 0.0248148148 0.0298559671 0.5481175926 0.4603045267 1 0.5480555556 0.4806584362 1 0.5687398148 0.4805658436 2 0.5685138889 0.4602695473 2 0 0 0 0 0 0
0 0.5408796296 0.5736728395 0.0248148148 0.0298559671 0.530987963 0.5652427984 2 0.530975 0.5855041152 2 0.5516101852 0.5855041152 2 0.5513842593 0.5652078189 2 0 0 0 0 0 0
0 0.5193981481 0.575936214 0.0248148148 0.0298559671 0.5095074074 0.5675061728 2 0.5094944444 0.5877674897 2 0.5301287037 0.5877674897 2 0.5299027778 0.5674711934 2 0 0 0 0 0 0
0 0.4975462963 0.5763477366 0.0248148148 0.0298559671 0.4876555556 0.5679176955 2 0.4876425926 0.5881790123 2 0.5082768519 0.5881790123 2 0.5080509259 0.567882716 2 0 0 0 0 0 0
0 0.5385416667 0.5729012346 0.0244166667 0.0318518519 0.5284435185 0.5846358025 2 0.5284435185 0.5620843621 2 0.5490777778 0.5620843621 2 0.5488518519 0.5823806584 2 0 0 0 0 0 0
0 0.516875 0.5745473251 0.0244166667 0.0318518519 0.5067768519 0.586281893 2 0.5067768519 0.5637304527 2 0.5274111111 0.5637304527 2 0.5271861111 0.584026749 2 0 0 0 0 0 0
0 0.4945601852 0.5741358025 0.0244166667 0.0318518519 0.484462037 0.5858703704 2 0.484462037 0.56331893 2 0.5050962963 0.56331893 2 0.5048703704 0.5836152263 2 0 0 0 0 0 0
0 0.5399537037 0.5471296296 0.0248148148 0.0298559671 0.530062037 0.5386995885 2 0.5300490741 0.5589609053 2 0.5506842593 0.5589609053 2 0.5504583333 0.5386646091 2 0 0 0 0 0 0
0 0.51875 0.5489814815 0.0248148148 0.0298559671 0.5088583333 0.5405514403 2 0.5088453704 0.5608127572 2 0.5294805556 0.5608127572 2 0.5292546296 0.5405164609 2 0 0 0 0 0 0
0 0.4966203704 0.5500102881 0.0248148148 0.0298559671 0.4867296296 0.5415802469 2 0.4867166667 0.5618415638 2 0.5073509259 0.5618415638 2 0.507125 0.5415452675 2 0 0 0 0 0 0
0 0.5375231481 0.5469753086 0.0244166667 0.0318518519 0.527425 0.5587098765 2 0.527425 0.5361584362 2 0.5480592593 0.5361584362 2 0.5478333333 0.5564547325 2 0 0 0 0 0 0
0 0.5156712963 0.5477983539 0.0244166667 0.0318518519 0.5055731481 0.5595329218 2 0.5055731481 0.5369814815 2 0.5262074074 0.5369814815 2 0.5259824074 0.5572777778 2 0 0 0 0 0 0
0 0.4940046296 0.5482098765 0.0244166667 0.0318518519 0.4839064815 0.5599444444 2 0.4839064815 0.5373930041 2 0.5045407407 0.5373930041 2 0.5043148148 0.5576893004 2 0 0 0 0 0 0
0 0.5402314815 0.5216152263 0.0248148148 0.0298559671 0.5303407407 0.5131851852 2 0.5303277778 0.5334465021 2 0.550962037 0.5334465021 2 0.5507361111 0.5131502058 2 0 0 0 0 0 0
0 0.5181944444 0.522026749 0.0248148148 0.0298559671 0.5083027778 0.5135967078 2 0.5082898148 0.5338580247 2 0.528925 0.5338580247 2 0.5286990741 0.5135617284 2 0 0 0 0 0 0
0 0.4963425926 0.5238786008 0.0248148148 0.0298559671 0.4864509259 0.5154485597 2 0.4864388889 0.5357098765 2 0.5070731481 0.5357098765 2 0.5068472222 0.5154135802 2 0 0 0 0 0 0
0 0.536875 0.5204320988 0.0244166667 0.0318518519 0.5267768519 0.5321666667 2 0.5267768519 0.5096152263 2 0.5474111111 0.5096152263 2 0.5471861111 0.5299115226 2 0 0 0 0 0 0
0 0.5153935185 0.521872428 0.0244166667 0.0318518519 0.5052953704 0.5336069959 2 0.5052953704 0.5110555556 2 0.5259296296 0.5110555556 2 0.5257037037 0.5313518519 2 0 0 0 0 0 0
0 0.493912037 0.521872428 0.0244166667 0.0318518519 0.4838138889 0.5336069959 2 0.4838138889 0.5110555556 2 0.5044481481 0.5110555556 2 0.5042231481 0.5313518519 2 0 0 0 0 0 0
0 0.4958796296 0.4981584362 0.0248148148 0.0298559671 0.485987963 0.4897283951 2 0.4859759259 0.5099897119 2 0.5066101852 0.5099897119 2 0.5063842593 0.4896934156 2 0 0 0 0 0 0
0 0.5174537037 0.4954835391 0.0248148148 0.0298559671 0.507562963 0.4870534979 2 0.50755 0.5073148148 2 0.5281842593 0.5073148148 2 0.5279583333 0.4870185185 2 0 0 0 0 0 0
0 0.5393055556 0.4940432099 0.0248148148 0.0298559671 0.5294148148 0.4856131687 2 0.5294018519 0.5058744856 2 0.5500361111 0.5058744856 2 0.5498101852 0.4855781893 2 0 0 0 0 0 0
0 0.5367824074 0.4934773663 0.0244166667 0.0318518519 0.5266842593 0.5052119342 2 0.5266842593 0.4826604938 2 0.5473185185 0.4826604938 2 0.5470935185 0.5029567901 2 0 0 0 0 0 0
0 0.514837963 0.4940946502 0.0244166667 0.0318518519 0.5047398148 0.5058292181 2 0.5047398148 0.4832777778 2 0.5253740741 0.4832777778 2 0.5251481481 0.5035740741 2 0 0 0 0 0 0
0 0.4928935185 0.4957407407 0.0244166667 0.0318518519 0.4827953704 0.5074753086 2 0.4827953704 0.4849238683 2 0.5034296296 0.4849238683 2 0.5032046296 0.5052201646 2 0 0 0 0 0 0
0 0.5373611111 0.4683230453 0.0248148148 0.0298559671 0.5274703704 0.4598930041 2 0.5274574074 0.480154321 2 0.5480916667 0.480154321 2 0.5478657407 0.4598580247 2 0 0 0 0 0 0
0 0.51625 0.4693518519 0.0248148148 0.0298559671 0.5063583333 0.4609218107 2 0.5063462963 0.4811831276 2 0.5269805556 0.4811831276 2 0.5267546296 0.4608868313 2 0 0 0 0 0 0
0 0.4946759259 0.4699691358 0.0248148148 0.0298559671 0.4847842593 0.4615390947 2 0.4847712963 0.4818004115 2 0.5054064815 0.4818004115 2 0.5051805556 0.4615041152 2 0 0 0 0 0 0
0 0.5349305556 0.4669341564 0.0244166667 0.0318518519 0.5248324074 0.4786687243 2 0.5248324074 0.456117284 2 0.5454666667 0.456117284 2 0.5452416667 0.4764135802 2 0 0 0 0 0 0
0 0.5138194444 0.4683744856 0.0244166667 0.0318518519 0.5037212963 0.4801090535 2 0.5037212963 0.4575576132 2 0.5243555556 0.4575576132 2 0.5241305556 0.4778539095 2 0 0 0 0 0 0
0 0.4920601852 0.4696090535 0.0244166667 0.0318518519 0.481962037 0.4813436214 2 0.481962037 0.4587921811 2 0.5025962963 0.4587921811 2 0.5023712963 0.4790884774 2 0 0 0 0 0 0
0 0.4657638889 0.4704320988 0.0244166667 0.0318518519 0.4556657407 0.4821666667 2 0.4556657407 0.4596152263 2 0.4763 0.4596152263 2 0.4760740741 0.4799115226 2 0 0 0 0 0 0
0 0.4434490741 0.4735185185 0.0244166667 0.0318518519 0.4333509259 0.4852530864 2 0.4333509259 0.4627016461 2 0.4539851852 0.4627016461 2 0.4537592593 0.4829979424 2 0 0 0 0 0 0
0 0.4215972222 0.4733127572 0.0244166667 0.0318518519 0.4114990741 0.4850473251 2 0.4114990741 0.4624958848 2 0.4321333333 0.4624958848 2 0.4319083333 0.4827921811 2 0 0 0 0 0 0
0 0.4236574074 0.4751131687 0.0248148148 0.0298559671 0.4137666667 0.4666831276 2 0.4137527778 0.4869444444 2 0.434387963 0.4869444444 2 0.434162037 0.4666481481 2 0 0 0 0 0 0
0 0.4461574074 0.4732613169 0.0248148148 0.0298559671 0.4362666667 0.4648312757 2 0.4362537037 0.4850925926 2 0.456887963 0.4850925926 2 0.456662037 0.4647962963 2 0 0 0 0 0 0
0 0.4683796296 0.4718209877 0.0248148148 0.0298559671 0.4584888889 0.4633909465 2 0.4584759259 0.4836522634 2 0.4791101852 0.4836522634 2 0.4788842593 0.4633559671 2 0 0 0 0 0 0
0 0.4665046296 0.4982098765 0.0244166667 0.0318518519 0.4564064815 0.5099444444 2 0.4564064815 0.4873930041 2 0.4770407407 0.4873930041 2 0.4768157407 0.5076893004 2 0 0 0 0 0 0
0 0.4445601852 0.4994444444 0.0244166667 0.0318518519 0.434462037 0.5111790123 2 0.434462037 0.488627572 2 0.4550962963 0.488627572 2 0.4548703704 0.5089238683 2 0 0 0 0 0 0
0 0.4221527778 0.4992386831 0.0244166667 0.0318518519 0.4120546296 0.510973251 2 0.4120546296 0.4884218107 2 0.4326888889 0.4884218107 2 0.432462963 0.508718107 2 0 0 0 0 0 0
0 0.4258796296 0.501244856 0.0248148148 0.0298559671 0.415987963 0.4928148148 2 0.415975 0.5130761317 2 0.4366101852 0.5130761317 2 0.4363842593 0.4927798354 2 0 0 0 0 0 0
0 0.4479166667 0.4995987654 0.0248148148 0.0298559671 0.438025 0.4911687243 2 0.438012037 0.5114300412 2 0.4586472222 0.5114300412 2 0.4584212963 0.4911337449 2 0 0 0 0 0 0
0 0.4703240741 0.4987757202 0.0248148148 0.0298559671 0.4604324074 0.490345679 2 0.4604194444 0.5106069959 2 0.4810546296 0.5106069959 2 0.4808287037 0.4903106996 2 0 0 0 0 0 0
0 0.4675231481 0.5253703704 0.0244166667 0.0318518519 0.457425 0.5371049383 2 0.457425 0.5145534979 2 0.4780592593 0.5145534979 2 0.4778342593 0.5348497942 2 0 0 0 0 0 0
0 0.4451157407 0.5268106996 0.0244166667 0.0318518519 0.4350175926 0.5385452675 2 0.4350175926 0.5159938272 2 0.4556518519 0.5159938272 2 0.4554268519 0.5362901235 2 0 0 0 0 0 0
0 0.422337963 0.5282510288 0.0244166667 0.0318518519 0.4122398148 0.5399855967 2 0.4122398148 0.5174341564 2 0.4328740741 0.5174341564 2 0.4326481481 0.5377304527 2 0 0 0 0 0 0
0 0.4704166667 0.5267592593 0.0248148148 0.0298559671 0.4605259259 0.5183292181 2 0.460512037 0.538590535 2 0.4811472222 0.538590535 2 0.4809212963 0.5182942387 2 0 0 0 0 0 0
0 0.4481944444 0.5277880658 0.0248148148 0.0298559671 0.4383037037 0.5193580247 2 0.4382898148 0.5396193416 2 0.458925 0.5396193416 2 0.4586990741 0.5193230453 2 0 0 0 0 0 0
0 0.4254166667 0.5290226337 0.0248148148 0.0298559671 0.415525 0.5205925926 2 0.415512037 0.5408539095 2 0.4361472222 0.5408539095 2 0.4359212963 0.5205576132 2 0 0 0 0 0 0
0 0.4674305556 0.5517078189 0.0244166667 0.0318518519 0.4573324074 0.5634423868 2 0.4573324074 0.5408909465 2 0.4779666667 0.5408909465 2 0.4777416667 0.5611872428 2 0 0 0 0 0 0
0 0.4449305556 0.5531481481 0.0244166667 0.0318518519 0.4348324074 0.564882716 2 0.4348324074 0.5423312757 2 0.4554666667 0.5423312757 2 0.4552416667 0.562627572 2 0 0 0 0 0 0
0 0.4221527778 0.5527366255 0.0244166667 0.0318518519 0.4120546296 0.5644711934 2 0.4120546296 0.5419197531 2 0.4326888889 0.5419197531 2 0.432462963 0.5622160494 2 0 0 0 0 0 0
0 0.4705092593 0.5526851852 0.0248148148 0.0298559671 0.4606175926 0.544255144 2 0.4606055556 0.5645164609 2 0.4812398148 0.5645164609 2 0.4810138889 0.5442201646 2 0 0 0 0 0 0
0 0.4478240741 0.5539197531 0.0248148148 0.0298559671 0.4379324074 0.5454897119 2 0.4379203704 0.5657510288 2 0.4585546296 0.5657510288 2 0.4583287037 0.5454547325 2 0 0 0 0 0 0
0 0.4255092593 0.5547427984 0.0248148148 0.0298559671 0.4156185185 0.5463127572 2 0.4156046296 0.5665740741 2 0.4362398148 0.5665740741 2 0.4360138889 0.5462777778 2 0 0 0 0 0 0
0 0.4701388889 0.5779938272 0.0248148148 0.0298559671 0.4602472222 0.569563786 2 0.4602342593 0.5898251029 2 0.4808694444 0.5898251029 2 0.4806435185 0.5695288066 2 0 0 0 0 0 0
0 0.4671805556 0.5773868313 0.0244166667 0.0320576132 0.457075 0.5892201646 2 0.457075 0.5666687243 2 0.4777101852 0.5666687243 2 0.4774842593 0.5869650206 2 0 0 0 0 0 0
0 0.4477314815 0.5802572016 0.0248148148 0.0298559671 0.4378407407 0.5718271605 2 0.4378268519 0.5920884774 2 0.458462037 0.5920884774 2 0.4582361111 0.5717921811 2 0 0 0 0 0 0
0 0.4446805556 0.5784156379 0.0244166667 0.0320576132 0.434575 0.5902489712 2 0.434575 0.5676975309 2 0.4552101852 0.5676975309 2 0.4549842593 0.5879938272 2 0 0 0 0 0 0
0 0.4229212963 0.5795473251 0.0244166667 0.0318518519 0.4128157407 0.5912777778 2 0.4128157407 0.5687263374 2 0.4334509259 0.5687263374 2 0.433225 0.5890226337 2 0 0 0 0 0 0
0 0.42625 0.580462963 0.0248148148 0.0298559671 0.4163592593 0.5720329218 2 0.4163462963 0.5922942387 2 0.4369805556 0.5922942387 2 0.4367546296 0.5719979424 2 0 0 0 0 0 0
0 0.3508472222 0.4769958848 0.0244166667 0.0318518519 0.3407481481 0.4887160494 2 0.3407481481 0.4661646091 2 0.3613824074 0.4661646091 2 0.3611574074 0.4864609053 2 0 0 0 0 0 0
0 0.3732453704 0.4769958848 0.0244166667 0.0318518519 0.3631453704 0.4887160494 2 0.3631453704 0.4661646091 2 0.3837805556 0.4661646091 2 0.3835546296 0.4864609053 2 0 0 0 0 0 0
0 0.3954212963 0.4752263374 0.0244166667 0.0318518519 0.3853166667 0.4869567901 2 0.3853166667 0.4644053498 2 0.4059518519 0.4644053498 2 0.4057259259 0.4847016461 2 0 0 0 0 0 0
0 0.3473518519 0.478755144 0.0248148148 0.0298559671 0.3374694444 0.47031893 1 0.3374564815 0.4905823045 1 0.3580916667 0.4905823045 2 0.3578657407 0.4702860082 2 0 0 0 0 0 0
0 0.36975 0.4775 0.0248148148 0.0298559671 0.3598666667 0.4690617284 2 0.3598537037 0.4893251029 2 0.3804888889 0.4893251029 2 0.380262963 0.4690288066 2 0 0 0 0 0 0
0 0.3922685185 0.4772325103 0.0248148148 0.0298559671 0.3823777778 0.4688106996 2 0.3823648148 0.4890740741 2 0.4029990741 0.4890740741 2 0.4027740741 0.4687777778 2 0 0 0 0 0 0
0 0.3520972222 0.5033744856 0.0244166667 0.0318518519 0.3407138889 0.5158209877 2 0.3408268519 0.4916893004 2 0.3626268519 0.4925596708 2 0.3624018519 0.5128559671 2 0 0 0 0 0 0
0 0.3751712963 0.5036419753 0.0244166667 0.0318518519 0.3637898148 0.5160720165 2 0.3639027778 0.4919403292 2 0.3857037037 0.4928106996 2 0.3854777778 0.5131069959 2 0 0 0 0 0 0
0 0.3970046296 0.5028806584 0.0244166667 0.0318518519 0.3869009259 0.5146090535 2 0.3869009259 0.4920576132 2 0.4075351852 0.4920576132 2 0.4073092593 0.5123539095 2 0 0 0 0 0 0
0 0.3493888889 0.5071502058 0.0248148148 0.0298559671 0.3395055556 0.4987242798 1 0.3394925926 0.5189876543 1 0.3601277778 0.5189876543 2 0.3599018519 0.498691358 2 0 0 0 0 0 0
0 0.371787037 0.506409465 0.0248148148 0.0298559671 0.3619037037 0.4979691358 2 0.3618907407 0.5182325103 2 0.382525 0.5182325103 2 0.3823 0.497936214 2 0 0 0 0 0 0
0 0.3944166667 0.5054012346 0.0248148148 0.0298559671 0.3845268519 0.4969650206 2 0.3845138889 0.5172263374 2 0.4051490741 0.5172263374 2 0.4049231481 0.4969300412 2 0 0 0 0 0 0
0 0.3531157407 0.532037037 0.0244166667 0.0318518519 0.3418444444 0.5437242798 2 0.3420712963 0.5213518519 2 0.3636453704 0.5212160494 2 0.3634194444 0.5415123457 2 0 0 0 0 0 0
0 0.3757361111 0.5315432099 0.0244166667 0.0318518519 0.3644685185 0.5432201646 2 0.3646944444 0.5208477366 2 0.3862685185 0.5207139918 2 0.3860435185 0.5410102881 2 0 0 0 0 0 0
0 0.3979027778 0.5305349794 0.0244166667 0.0318518519 0.3878055556 0.5422592593 2 0.3878055556 0.5197078189 2 0.4084398148 0.5197078189 2 0.4082148148 0.5400041152 2 0 0 0 0 0 0
0 0.3498425926 0.5325411523 0.0248148148 0.0298559671 0.3399583333 0.5241131687 1 0.3399453704 0.5443765432 1 0.3605796296 0.5443765432 2 0.3603546296 0.5240781893 2 0 0 0 0 0 0
0 0.3726944444 0.5320473251 0.0248148148 0.0298559671 0.3628083333 0.5236111111 2 0.3627953704 0.543872428 2 0.3834296296 0.543872428 2 0.3832046296 0.5235761317 2 0 0 0 0 0 0
0 0.3949814815 0.5307921811 0.0248148148 0.0298559671 0.3850925926 0.5223539095 2 0.3850796296 0.5426152263 2 0.4057138889 0.5426152263 2 0.4054888889 0.52231893 2 0 0 0 0 0 0
0 0.3524305556 0.5586831276 0.0244166667 0.0318518519 0.3423314815 0.5704135802 1 0.3423314815 0.5478621399 1 0.3629666667 0.5478621399 2 0.3627407407 0.5681584362 2 0 0 0 0 0 0
0 0.3490555556 0.5604423868 0.0248148148 0.0298559671 0.3391666667 0.5520144033 1 0.3391537037 0.5722777778 1 0.359787963 0.5722777778 2 0.359562963 0.5519814815 2 0 0 0 0 0 0
0 0.3757361111 0.5576748971 0.0244166667 0.0318518519 0.3656342593 0.5694074074 2 0.3656342593 0.5468559671 2 0.3862685185 0.5468559671 2 0.3860435185 0.5671522634 2 0 0 0 0 0 0
0 0.3712222222 0.5589403292 0.0248148148 0.0298559671 0.361337963 0.5505082305 2 0.361325 0.5707695473 2 0.3819592593 0.5707695473 2 0.3817342593 0.550473251 2 0 0 0 0 0 0
0 0.3948703704 0.5571707819 0.0248148148 0.0298559671 0.3849796296 0.5487469136 2 0.3849666667 0.5690102881 2 0.4056009259 0.5690102881 2 0.4053759259 0.5487139918 2 0 0 0 0 0 0
0 0.3983564815 0.5554115226 0.0244166667 0.0318518519 0.3882583333 0.5671460905 2 0.3882583333 0.5445946502 2 0.4088925926 0.5445946502 2 0.4086675926 0.5648909465 2 0 0 0 0 0 0
0 0.348712963 0.5863477366 0.0248148148 0.0298559671 0.3388268519 0.5779074074 1 0.3388138889 0.5981707819 1 0.3594490741 0.5981707819 2 0.3592231481 0.5778744856 2 0 0 0 0 0 0
0 0.3714537037 0.5865946502 0.0248148148 0.0298559671 0.3615638889 0.5781584362 2 0.3615509259 0.5984218107 2 0.3821851852 0.5984218107 2 0.3819601852 0.5781255144 2 0 0 0 0 0 0
0 0.393287037 0.5845781893 0.0248148148 0.0298559671 0.3833953704 0.5761481481 2 0.3833824074 0.596409465 2 0.4040175926 0.596409465 2 0.4037916667 0.5761131687 2 0 0 0 0 0 0
0 0.3523194444 0.5855761317 0.0244166667 0.0318518519 0.3422185185 0.5973106996 1 0.3422185185 0.5747592593 1 0.3628537037 0.5747592593 2 0.3626277778 0.5950555556 2 0 0 0 0 0 0
0 0.3974583333 0.5818106996 0.0244166667 0.0318518519 0.3873527778 0.5935411523 2 0.3873527778 0.5709897119 2 0.407987963 0.5709897119 2 0.407762037 0.5912860082 2 0 0 0 0 0 0
0 0.3746064815 0.5843209877 0.0244166667 0.0318518519 0.3645027778 0.5960534979 2 0.3645027778 0.5735020576 2 0.385137963 0.5735020576 2 0.384912037 0.5937983539 2 0 0 0 0 0 0
0 0.6940648148 0.3984156379 0.024 0.0300411523 0.684487963 0.3894917695 2 0.6844074074 0.4101481481 2 0.704537037 0.4100823045 2 0.7042592593 0.387654321 2 0 0 0 0 0 0
0 0.6910925926 0.3972222222 0.0238333333 0.0283950617 0.6806972222 0.4098847737 2 0.6806972222 0.3873333333 2 0.7013314815 0.3873333333 2 0.7011064815 0.4076296296 2 0 0 0 0 0 0
0 0.6715648148 0.3996502058 0.024 0.0300411523 0.661987963 0.3907263374 2 0.6619074074 0.411382716 2 0.682037037 0.4113168724 2 0.6817592593 0.3888888889 2 0 0 0 0 0 0
0 0.6694259259 0.3966049383 0.0238333333 0.0283950617 0.6590305556 0.4092695473 2 0.6590305556 0.386718107 2 0.6796648148 0.386718107 2 0.6794398148 0.4070144033 2 0 0 0 0 0 0
0 0.6500833333 0.3990329218 0.024 0.0300411523 0.6405064815 0.3901090535 2 0.6404259259 0.4107654321 2 0.6605555556 0.4106995885 2 0.6602777778 0.3882716049 2 0 0 0 0 0 0
0 0.6473888889 0.3968106996 0.0238333333 0.0283950617 0.6369935185 0.4094753086 2 0.6369935185 0.3869218107 2 0.6576277778 0.3869218107 2 0.6574027778 0.4072201646 2 0 0 0 0 0 0
0 0.6513796296 0.3735185185 0.024 0.0300411523 0.6418027778 0.3645946502 2 0.6417222222 0.3852510288 2 0.6618518519 0.3851851852 2 0.6615740741 0.3627572016 2 0 0 0 0 0 0
0 0.6729537037 0.3737242798 0.024 0.0300411523 0.6633768519 0.3648004115 2 0.6632962963 0.3854567901 2 0.6834259259 0.3853909465 2 0.6831481481 0.362962963 2 0 0 0 0 0 0
0 0.69425 0.3733127572 0.024 0.0300411523 0.6846731481 0.3643888889 2 0.6845925926 0.3850452675 2 0.7047222222 0.3849794239 2 0.7044444444 0.3625514403 2 0 0 0 0 0 0
0 0.6916481481 0.3708847737 0.0238333333 0.0283950617 0.6812527778 0.3835493827 2 0.6812527778 0.3609979424 2 0.7006481481 0.3606995885 2 0.7009259259 0.383127572 2 0 0 0 0 0 0
0 0.6701666667 0.371090535 0.0238333333 0.0283950617 0.6597712963 0.383755144 2 0.6597712963 0.3612016461 2 0.6804055556 0.3612016461 2 0.6801805556 0.3815 2 0 0 0 0 0 0
0 0.6485925926 0.3706790123 0.0238333333 0.0283950617 0.6381972222 0.3833415638 2 0.6381972222 0.3607921811 2 0.6588314815 0.3607921811 2 0.6586064815 0.3810864198 2 0 0 0 0 0 0
0 0.651337963 0.3472839506 0.0246574074 0.0318930041 0.6414324074 0.3374341564 2 0.6413518519 0.358090535 2 0.6603703704 0.3582304527 2 0.6601851852 0.3374485597 2 0 0 0 0 0 0
0 0.6730972222 0.3481069959 0.0246574074 0.0318930041 0.6631916667 0.3382572016 2 0.6631111111 0.3589135802 2 0.6821296296 0.3590534979 2 0.6819444444 0.3382716049 2 0 0 0 0 0 0
0 0.6942083333 0.346872428 0.0246574074 0.0318930041 0.6843027778 0.3370226337 2 0.6842222222 0.3576790123 2 0.7032407407 0.35781893 2 0.7030555556 0.337037037 2 0 0 0 0 0 0
0 0.6911851852 0.3437242798 0.0238333333 0.0283950617 0.6807898148 0.3563868313 2 0.6807898148 0.3338353909 2 0.7014240741 0.3338353909 2 0.7011990741 0.3541316872 2 0 0 0 0 0 0
0 0.6697037037 0.3447530864 0.0238333333 0.0283950617 0.6593083333 0.3574156379 2 0.6593083333 0.3348641975 2 0.6799425926 0.3348641975 2 0.6797175926 0.3551604938 2 0 0 0 0 0 0
0 0.648037037 0.3439300412 0.0238333333 0.0283950617 0.6376416667 0.3565925926 2 0.6376416667 0.3340432099 2 0.6582759259 0.3340432099 2 0.6580509259 0.3543374486 2 0 0 0 0 0 0
0 0.692912037 0.3205349794 0.0246574074 0.0318930041 0.6830064815 0.3106851852 2 0.6829259259 0.3313415638 2 0.7019444444 0.3314814815 2 0.7017592593 0.3106995885 2 0 0 0 0 0 0
0 0.6894722222 0.3169753086 0.0204074074 0.0283950617 0.6807898148 0.3296378601 2 0.6808333333 0.3076131687 2 0.6981481481 0.30781893 2 0.6982407407 0.3279835391 2 0 0 0 0 0 0
0 0.6715231481 0.3205349794 0.0246574074 0.0318930041 0.6616175926 0.3106851852 2 0.661537037 0.3313415638 2 0.6821712963 0.3313415638 2 0.6819462963 0.3110452675 2 0 0 0 0 0 0
0 0.6692407407 0.3169753086 0.0238333333 0.0283950617 0.6588453704 0.3296378601 2 0.6588453704 0.3070864198 2 0.6794796296 0.3070864198 2 0.6792546296 0.327382716 2 0 0 0 0 0 0
0 0.6475740741 0.3182098765 0.0238333333 0.0283950617 0.6371787037 0.330872428 2 0.6371787037 0.3083230453 2 0.657812963 0.3083230453 2 0.657587963 0.328617284 2 0 0 0 0 0 0
0 0.6501342593 0.3207407407 0.0246574074 0.0318930041 0.6402287037 0.3108909465 2 0.6401481481 0.3315473251 2 0.6607824074 0.3315473251 2 0.6605574074 0.3112510288 2 0 0 0 0 0 0
0 0.580537037 0.3206790123 0.0238333333 0.0283950617 0.5701416667 0.3333436214 2 0.5701416667 0.3107901235 2 0.5907759259 0.3107901235 2 0.5905509259 0.3310884774 2 0 0 0 0 0 0
0 0.6022037037 0.3200617284 0.0238333333 0.0283950617 0.5918083333 0.3327242798 2 0.5918083333 0.3101728395 2 0.6124425926 0.3101728395 2 0.6122175926 0.3304691358 2 0 0 0 0 0 0
0 0.623962963 0.3196502058 0.0238333333 0.0283950617 0.6135675926 0.3323148148 2 0.6135675926 0.3097613169 2 0.6342018519 0.3097613169 2 0.6339768519 0.3300596708 2 0 0 0 0 0 0
0 0.6205972222 0.3240329218 0.0246574074 0.0318930041 0.6106916667 0.3141831276 2 0.6106111111 0.3348395062 2 0.6312453704 0.3348395062 2 0.6310203704 0.3145432099 2 0 0 0 0 0 0
0 0.5993009259 0.3250617284 0.0246574074 0.0318930041 0.5893953704 0.3152119342 2 0.5893148148 0.3358683128 2 0.6099490741 0.3358683128 2 0.6097240741 0.3155720165 2 0 0 0 0 0 0
0 0.5773564815 0.3250617284 0.0246574074 0.0318930041 0.5674509259 0.3152119342 2 0.5673703704 0.3358683128 2 0.5880046296 0.3358683128 2 0.5877796296 0.3155720165 2 0 0 0 0 0 0
0 0.5808796296 0.3478395062 0.0238333333 0.0283950617 0.5704861111 0.3605123457 2 0.5704861111 0.3379609053 2 0.5911203704 0.3379609053 2 0.5908953704 0.3582572016 2 0 0 0 0 0 0
0 0.6028425926 0.3476337449 0.0238333333 0.0283950617 0.5924481481 0.3603024691 2 0.5924481481 0.3377510288 2 0.6130833333 0.3377510288 2 0.6128574074 0.3580473251 2 0 0 0 0 0 0
0 0.6243333333 0.3474279835 0.0238333333 0.0283950617 0.613937963 0.3600925926 2 0.613937963 0.3375390947 2 0.6345722222 0.3375390947 2 0.6343472222 0.3578374486 2 0 0 0 0 0 0
0 0.6207916667 0.3510699588 0.0246574074 0.0318930041 0.6108842593 0.3412201646 2 0.6108037037 0.3618786008 2 0.631437963 0.3618786008 2 0.631212963 0.3415823045 2 0 0 0 0 0 0
0 0.5993009259 0.3514814815 0.0246574074 0.0318930041 0.5893944444 0.3416419753 2 0.5893138889 0.3622983539 2 0.6099490741 0.3622983539 2 0.6097231481 0.3420020576 2 0 0 0 0 0 0
0 0.5774305556 0.3516872428 0.0246574074 0.0318930041 0.5675268519 0.3418518519 2 0.5674462963 0.3625082305 2 0.5880805556 0.3625082305 2 0.5878555556 0.3422119342 2 0 0 0 0 0 0
0 0.5812592593 0.3743621399 0.0238333333 0.0283950617 0.5708648148 0.3870185185 2 0.5708648148 0.3644670782 2 0.5914990741 0.3644670782 2 0.5912731481 0.3847633745 2 0 0 0 0 0 0
0 0.603037037 0.3743621399 0.0238333333 0.0283950617 0.592637963 0.3870185185 2 0.592637963 0.3644670782 2 0.6132722222 0.3644670782 2 0.6130472222 0.3847633745 2 0 0 0 0 0 0
0 0.6245277778 0.3735185185 0.0238333333 0.0283950617 0.6141268519 0.3861769547 2 0.6141268519 0.3636255144 2 0.634762037 0.3636255144 2 0.6345361111 0.3839218107 2 0 0 0 0 0 0
0 0.6213564815 0.3765226337 0.0246574074 0.0318930041 0.6114518519 0.3666748971 2 0.6113712963 0.3873333333 2 0.6320064815 0.3873333333 2 0.6317805556 0.367037037 2 0 0 0 0 0 0
0 0.5997731481 0.3767283951 0.0246574074 0.0318930041 0.5898675926 0.3668868313 2 0.589787037 0.3875432099 2 0.6104222222 0.3875432099 2 0.6101962963 0.3672469136 2 0 0 0 0 0 0
0 0.5774305556 0.3775720165 0.0246574074 0.0318930041 0.5675268519 0.3677283951 2 0.5674462963 0.3883847737 2 0.5880805556 0.3883847737 2 0.5878555556 0.3680884774 2 0 0 0 0 0 0
0 0.6234814815 0.3989711934 0.0238333333 0.0283950617 0.6130861111 0.4116316872 2 0.6130861111 0.3890802469 2 0.6337203704 0.3890802469 2 0.6334944444 0.4093765432 2 0 0 0 0 0 0
0 0.6018981481 0.3995884774 0.0238333333 0.0283950617 0.5915018519 0.4122633745 2 0.5915018519 0.3897119342 2 0.6121361111 0.3897119342 2 0.6119111111 0.4100082305 2 0 0 0 0 0 0
0 0.5803148148 0.4006584362 0.0238333333 0.0283950617 0.5699175926 0.4133148148 2 0.5699175926 0.3907633745 2 0.5905527778 0.3907633745 2 0.5903268519 0.4110596708 2 0 0 0 0 0 0
0 0.619375 0.4034567901 0.0246574074 0.0318930041 0.6094638889 0.3936028807 2 0.6093833333 0.4142613169 2 0.6300185185 0.4142613169 2 0.6297925926 0.3939650206 2 0 0 0 0 0 0
0 0.5978842593 0.4030246914 0.0246574074 0.0318930041 0.587975 0.3931831276 2 0.5878944444 0.4138395062 2 0.6085287037 0.4138395062 2 0.6083037037 0.3935432099 2 0 0 0 0 0 0
0 0.5759212963 0.4036625514 0.0246574074 0.0318930041 0.566012037 0.3938127572 2 0.5659314815 0.4144711934 2 0.5865657407 0.4144711934 2 0.5863407407 0.3941748971 2 0 0 0 0 0 0
0 0.5527685185 0.3268106996 0.0238333333 0.0283950617 0.5423694444 0.3394753086 2 0.5423694444 0.3169238683 2 0.5630046296 0.3169238683 2 0.5627787037 0.3372201646 2 0 0 0 0 0 0
0 0.5310925926 0.3270164609 0.0238333333 0.0283950617 0.5206907407 0.3396851852 2 0.5206907407 0.3171337449 2 0.5413259259 0.3171337449 2 0.5411 0.3374300412 2 0 0 0 0 0 0
0 0.5091296296 0.3270164609 0.0238333333 0.0283950617 0.4987287037 0.3396851852 2 0.4987287037 0.3171337449 2 0.519362963 0.3171337449 2 0.519137963 0.3374300412 2 0 0 0 0 0 0
0 0.5503564815 0.3302469136 0.0246574074 0.0318930041 0.5403574074 0.3203950617 2 0.5403712963 0.3410514403 2 0.5610055556 0.3410514403 2 0.5607805556 0.320755144 2 0 0 0 0 0 0
0 0.5283935185 0.3304526749 0.0246574074 0.0318930041 0.5183944444 0.3206049383 2 0.5184083333 0.3412613169 2 0.5390435185 0.3412613169 2 0.5388175926 0.3209650206 2 0 0 0 0 0 0
0 0.5068101852 0.3304526749 0.0246574074 0.0318930041 0.4968111111 0.3206049383 2 0.496825 0.3412613169 2 0.5174592593 0.3412613169 2 0.5172342593 0.3209650206 2 0 0 0 0 0 0
0 0.5528611111 0.3539506173 0.0238333333 0.0283950617 0.5424648148 0.3666131687 2 0.5424648148 0.3440617284 2 0.5630990741 0.3440617284 2 0.5628740741 0.3643580247 2 0 0 0 0 0 0
0 0.5311851852 0.3543621399 0.0238333333 0.0283950617 0.5207861111 0.3670329218 2 0.5207861111 0.3444814815 2 0.5414203704 0.3444814815 2 0.5411944444 0.3647777778 2 0 0 0 0 0 0
0 0.5492268519 0.3571604938 0.0246574074 0.0318930041 0.5392212963 0.3473209877 2 0.5392351852 0.3679794239 2 0.5598703704 0.3679794239 2 0.5596444444 0.3476831276 2 0 0 0 0 0 0
0 0.5094074074 0.3545679012 0.0238333333 0.0283950617 0.499012037 0.367244856 2 0.499012037 0.3446934156 2 0.5196472222 0.3446934156 2 0.5194212963 0.3649897119 2 0 0 0 0 0 0
0 0.5280138889 0.3573868313 0.0246574074 0.0318930041 0.5180157407 0.3475308642 2 0.5180296296 0.3681893004 2 0.5386648148 0.3681893004 2 0.5384388889 0.3478930041 2 0 0 0 0 0 0
0 0.5060509259 0.3575925926 0.0246574074 0.0318930041 0.4960537037 0.3477427984 2 0.4960675926 0.368399177 2 0.5167018519 0.368399177 2 0.5164768519 0.3481028807 2 0 0 0 0 0 0
0 0.5511574074 0.3808641975 0.0238333333 0.0283950617 0.5407601852 0.3935411523 2 0.5407601852 0.3709876543 2 0.5613953704 0.3709876543 2 0.5611694444 0.3912860082 2 0 0 0 0 0 0
0 0.5293888889 0.3817078189 0.0238333333 0.0283950617 0.518987037 0.3943806584 2 0.518987037 0.3718292181 2 0.5396222222 0.3718292181 2 0.5393962963 0.3921255144 2 0 0 0 0 0 0
0 0.5077037037 0.3815020576 0.0238333333 0.0283950617 0.4973083333 0.3941707819 2 0.4973083333 0.3716193416 2 0.5179435185 0.3716193416 2 0.5177175926 0.3919156379 2 0 0 0 0 0 0
0 0.5476157407 0.3845061728 0.0246574074 0.0318930041 0.5375175926 0.3734074074 2 0.5376259259 0.3953271605 2 0.5582611111 0.3953271605 2 0.5580351852 0.3750308642 2 0 0 0 0 0 0
0 0.5262175926 0.3849382716 0.0246574074 0.0318930041 0.5161231481 0.3738271605 2 0.5162314815 0.3957469136 2 0.5368657407 0.3957469136 2 0.5366407407 0.3754506173 2 0 0 0 0 0 0
0 0.5040694444 0.3847325103 0.0246574074 0.0318930041 0.4940657407 0.3748806584 2 0.4940796296 0.395537037 2 0.5147138889 0.395537037 2 0.5144888889 0.3752407407 2 0 0 0 0 0 0
0 0.5509722222 0.4071604938 0.0238333333 0.0283950617 0.5405712963 0.4198374486 2 0.5405712963 0.3972860082 2 0.5612055556 0.3972860082 2 0.5609805556 0.4175823045 2 0 0 0 0 0 0
0 0.5294814815 0.4080041152 0.0238333333 0.0283950617 0.5190814815 0.4206790123 2 0.5190814815 0.398127572 2 0.5397166667 0.398127572 2 0.5394907407 0.4184238683 2 0 0 0 0 0 0
0 0.5074259259 0.4080041152 0.0238333333 0.0283950617 0.4970240741 0.4206790123 2 0.4970240741 0.398127572 2 0.5176592593 0.398127572 2 0.5174333333 0.4184238683 2 0 0 0 0 0 0
0 0.5468564815 0.4101851852 0.0246574074 0.0318930041 0.5369490741 0.4003353909 2 0.5368685185 0.4209917695 2 0.5575037037 0.4209917695 2 0.5572777778 0.4006954733 2 0 0 0 0 0 0
0 0.5253657407 0.4108024691 0.0246574074 0.0318930041 0.5154601852 0.4009650206 2 0.5153796296 0.4216234568 2 0.5360138889 0.4216234568 2 0.5357888889 0.4013271605 2 0 0 0 0 0 0
0 0.503875 0.4110288066 0.0246574074 0.0318930041 0.4938898148 0.399281893 2 0.4938898148 0.4218333333 2 0.514525 0.4218333333 2 0.5142990741 0.401537037 2 0 0 0 0 0 0
0 0.4847962963 0.3270164609 0.0238333333 0.0283950617 0.4743990741 0.3396851852 2 0.4743990741 0.3171337449 2 0.4950333333 0.3171337449 2 0.4948083333 0.3374300412 2 0 0 0 0 0 0
0 0.4623611111 0.3270164609 0.0238333333 0.0283950617 0.451962963 0.3396851852 2 0.451962963 0.3171337449 2 0.4725981481 0.3171337449 2 0.4723722222 0.3374300412 2 0 0 0 0 0 0
0 0.4815509259 0.3305555556 0.0241018519 0.0308641975 0.4712888889 0.3193395062 2 0.4712888889 0.3418909465 2 0.4919231481 0.3418909465 2 0.4916981481 0.3215946502 2 0 0 0 0 0 0
0 0.4623611111 0.3270164609 0.0238333333 0.0283950617 0.451962963 0.3396851852 2 0.451962963 0.3171337449 2 0.4725981481 0.3171337449 2 0.4723722222 0.3374300412 2 0 0 0 0 0 0
0 0.4587685185 0.3313786008 0.0240925926 0.0308641975 0.4485111111 0.3201625514 2 0.4485111111 0.3427139918 2 0.4691453704 0.3427139918 2 0.4689194444 0.3224176955 2 0 0 0 0 0 0
0 0.4380092593 0.3287654321 0.0264259259 0.0323045267 0.4289074074 0.3407139918 2 0.4289074074 0.3181625514 2 0.4495416667 0.3181625514 2 0.4493166667 0.3384588477 2 0 0 0 0 0 0
0 0.4371944444 0.333436214 0.0240925926 0.0308641975 0.426937037 0.3222201646 2 0.426937037 0.3447716049 2 0.4475712963 0.3447716049 2 0.4473462963 0.3244753086 2 0 0 0 0 0 0
0 0.4818981481 0.3559259259 0.0264259259 0.0323045267 0.4727962963 0.3678744856 2 0.4727962963 0.3453230453 2 0.4934305556 0.3453230453 2 0.4932055556 0.3656193416 2 0 0 0 0 0 0
0 0.4596759259 0.3565432099 0.0264259259 0.0323045267 0.4505740741 0.3684917695 2 0.4505740741 0.3459403292 2 0.4712092593 0.3459403292 2 0.4709833333 0.3662366255 2 0 0 0 0 0 0
0 0.4377314815 0.3571604938 0.0264259259 0.0323045267 0.4286296296 0.3691090535 2 0.4286296296 0.3465576132 2 0.4492638889 0.3465576132 2 0.4490388889 0.3668539095 2 0 0 0 0 0 0
0 0.4799768519 0.3602880658 0.0246574074 0.0318930041 0.4699925926 0.3485576132 2 0.4699925926 0.3711090535 2 0.4906268519 0.3711090535 2 0.4904018519 0.3508127572 2 0 0 0 0 0 0
0 0.4578472222 0.3604938272 0.0246574074 0.0318930041 0.447862963 0.3487633745 2 0.447862963 0.3713148148 2 0.4684972222 0.3713148148 2 0.4682712963 0.3510185185 2 0 0 0 0 0 0
0 0.4349768519 0.3617283951 0.0246574074 0.0318930041 0.4249925926 0.3499979424 2 0.4249925926 0.3725493827 2 0.4456268519 0.3725493827 2 0.4454018519 0.3522530864 2 0 0 0 0 0 0
0 0.48125 0.3832921811 0.0264259259 0.0323045267 0.4721481481 0.3952407407 2 0.4721481481 0.3726893004 2 0.4927833333 0.3726893004 2 0.4925574074 0.3929855967 2 0 0 0 0 0 0
0 0.4588425926 0.3841152263 0.0264259259 0.0323045267 0.4497407407 0.396063786 2 0.4497407407 0.3735123457 2 0.470375 0.3735123457 2 0.47015 0.393808642 2 0 0 0 0 0 0
0 0.4792824074 0.3855967078 0.0246574074 0.0318930041 0.4692592593 0.3751028807 2 0.4692981481 0.3964135802 2 0.4899333333 0.3964135802 2 0.4897074074 0.376117284 2 0 0 0 0 0 0
0 0.4566898148 0.3872427984 0.0246574074 0.0318930041 0.4466666667 0.3767489712 2 0.4467055556 0.3980617284 2 0.4673407407 0.3980617284 2 0.4671148148 0.3777654321 2 0 0 0 0 0 0
0 0.4366203704 0.3847325103 0.0264259259 0.0323045267 0.4275185185 0.39668107 2 0.4275185185 0.3741296296 2 0.4481527778 0.3741296296 2 0.4479277778 0.3944259259 2 0 0 0 0 0 0
0 0.433587963 0.3878600823 0.0246574074 0.0318930041 0.4236037037 0.3761296296 2 0.4236037037 0.39868107 2 0.444237963 0.39868107 2 0.444012963 0.3783847737 2 0 0 0 0 0 0
0 0.4775601852 0.413127572 0.0246574074 0.0318930041 0.4675731481 0.4013847737 2 0.4675731481 0.4239382716 2 0.4882074074 0.4239382716 2 0.4879814815 0.4036399177 2 0 0 0 0 0 0
0 0.4550138889 0.4135390947 0.0246574074 0.0318930041 0.4450296296 0.4018004115 2 0.4450296296 0.4243518519 2 0.4656638889 0.4243518519 2 0.465437963 0.4040555556 2 0 0 0 0 0 0
0 0.4324768519 0.413127572 0.0246574074 0.0318930041 0.4224851852 0.4013847737 2 0.4224851852 0.4239382716 2 0.4431203704 0.4239382716 2 0.4428944444 0.4036399177 2 0 0 0 0 0 0
0 0.4795648148 0.4097736626 0.0264259259 0.0323045267 0.4704638889 0.4217304527 2 0.4704638889 0.3991790123 2 0.4910981481 0.3991790123 2 0.4912092593 0.4189938272 2 0 0 0 0 0 0
0 0.4575833333 0.4102057613 0.0264259259 0.0323045267 0.4484787037 0.4221440329 2 0.4484787037 0.3995925926 2 0.469112963 0.3995925926 2 0.468887963 0.4198888889 2 0 0 0 0 0 0
0 0.4348518519 0.4110288066 0.0264259259 0.0323045267 0.4257490741 0.4229711934 2 0.4257490741 0.4004197531 2 0.4463833333 0.4004197531 2 0.4461583333 0.4207160494 2 0 0 0 0 0 0
0 0.4076574074 0.4131378601 0.0248148148 0.0298559671 0.3977740741 0.4047098765 2 0.3977611111 0.4249711934 2 0.4183962963 0.4249711934 2 0.4181703704 0.4046748971 2 0 0 0 0 0 0
0 0.4030046296 0.4126748971 0.0244166667 0.0318518519 0.3929018519 0.4243930041 2 0.3929018519 0.4018415638 2 0.4135361111 0.4018415638 2 0.4133111111 0.4221378601 2 0 0 0 0 0 0
0 0.3847407407 0.416244856 0.0248148148 0.0298559671 0.3748583333 0.4078148148 2 0.3748453704 0.4280781893 2 0.3954796296 0.4280781893 2 0.3952546296 0.4077798354 2 0 0 0 0 0 0
0 0.379337963 0.4147325103 0.0244166667 0.0318518519 0.3692398148 0.4264650206 2 0.3692398148 0.4039135802 2 0.389875 0.4039135802 2 0.3896490741 0.4242098765 2 0 0 0 0 0 0
0 0.3600555556 0.4174794239 0.0248148148 0.0298559671 0.3501722222 0.4090555556 2 0.3501592593 0.42931893 2 0.3707935185 0.42931893 2 0.3705685185 0.4090226337 2 0 0 0 0 0 0
0 0.3564212963 0.4159876543 0.0244166667 0.0318518519 0.3463240741 0.4277057613 2 0.3463240741 0.405154321 2 0.3669583333 0.405154321 2 0.3667333333 0.4254506173 2 0 0 0 0 0 0
0 0.4069722222 0.3884979424 0.0241111111 0.0305761317 0.3971222222 0.3788333333 2 0.3969861111 0.4000925926 2 0.4178953704 0.400154321 2 0.4179888889 0.3784176955 2 0 0 0 0 0 0
0 0.4016527778 0.3858641975 0.0244166667 0.0318518519 0.3915481481 0.3975823045 2 0.3915481481 0.3750308642 2 0.4121833333 0.3750308642 2 0.4119574074 0.3953271605 2 0 0 0 0 0 0
0 0.3833148148 0.389526749 0.0241111111 0.0305761317 0.3729962963 0.3792962963 2 0.3733240741 0.401127572 2 0.3942342593 0.4011893004 2 0.3943277778 0.3794547325 2 0 0 0 0 0 0
0 0.3791064815 0.3866872428 0.0244166667 0.0318518519 0.3690046296 0.3984115226 2 0.3690046296 0.3758600823 2 0.3896398148 0.3758600823 2 0.3894138889 0.3961563786 2 0 0 0 0 0 0
0 0.3601481481 0.389537037 0.0248148148 0.0298559671 0.3502518519 0.3788209877 2 0.3502518519 0.401372428 2 0.370887037 0.401372428 2 0.3706611111 0.3810761317 2 0 0 0 0 0 0
0 0.3558657407 0.3872016461 0.0244166667 0.0318518519 0.3457648148 0.3989320988 2 0.3457648148 0.3763806584 2 0.3664 0.3763806584 2 0.3661740741 0.3966769547 2 0 0 0 0 0 0
0 0.4077777778 0.361718107 0.0248148148 0.0298559671 0.3978768519 0.3509876543 2 0.3978768519 0.3735390947 2 0.418512037 0.3735390947 2 0.4182861111 0.3532427984 2 0 0 0 0 0 0
0 0.3833240741 0.3621502058 0.0248148148 0.0298559671 0.3734240741 0.3514341564 2 0.3734240741 0.3739855967 2 0.3940592593 0.3739855967 2 0.3938333333 0.3536893004 2 0 0 0 0 0 0
0 0.4029675926 0.3589300412 0.0244166667 0.0318518519 0.3928657407 0.3706481481 2 0.3928657407 0.3480967078 2 0.4135009259 0.3480967078 2 0.413275 0.3683930041 2 0 0 0 0 0 0
0 0.3795138889 0.3598148148 0.0244166667 0.0318518519 0.3694157407 0.3715390947 2 0.3694157407 0.3489876543 2 0.39005 0.3489876543 2 0.389825 0.3692839506 2 0 0 0 0 0 0
0 0.3605740741 0.3628292181 0.0248148148 0.0298559671 0.3506759259 0.3521028807 2 0.3506759259 0.374654321 2 0.3713101852 0.374654321 2 0.3710851852 0.3543580247 2 0 0 0 0 0 0
0 0.3559675926 0.3615843621 0.0244166667 0.0318518519 0.3458648148 0.3733209877 2 0.3458648148 0.3507695473 2 0.3665 0.3507695473 2 0.3662740741 0.3710658436 2 0 0 0 0 0 0
0 0.4058796296 0.3348765432 0.0264259259 0.0323045267 0.396775 0.3229279835 2 0.396775 0.3454794239 2 0.4174092593 0.3454794239 2 0.4171833333 0.3251831276 2 0 0 0 0 0 0
0 0.3834259259 0.3359876543 0.0264259259 0.0323045267 0.3743259259 0.3240411523 2 0.3743259259 0.3465925926 2 0.3949611111 0.3465925926 2 0.3947351852 0.3262962963 2 0 0 0 0 0 0
0 0.3609722222 0.3367592593 0.0248148148 0.0298559671 0.3510768519 0.3260452675 2 0.3510768519 0.3485967078 2 0.3717111111 0.3485967078 2 0.3714851852 0.3283004115 2 0 0 0 0 0 0
0 0.4032685185 0.3315226337 0.0264259259 0.0323045267 0.3941685185 0.3434794239 2 0.3941685185 0.3209279835 2 0.4148037037 0.3209279835 2 0.4145777778 0.3412242798 2 0 0 0 0 0 0
0 0.3798240741 0.3324279835 0.0264259259 0.0323045267 0.3707185185 0.3443703704 2 0.3707185185 0.32181893 2 0.3913527778 0.32181893 2 0.3911277778 0.3421152263 2 0 0 0 0 0 0
0 0.3580694444 0.3333127572 0.0244166667 0.0318518519 0.3479694444 0.3450390947 2 0.3479694444 0.3224855967 2 0.3686046296 0.3224855967 2 0.3683787037 0.3427839506 2 0 0 0 0 0 0
0 0.6288935185 0.5669135802 0.0226574074 0.0310288066 0.6196462963 0.5570411523 2 0.6196722222 0.5773292181 2 0.6393777778 0.5772736626 2 0.6392851852 0.5573148148 2 0 0 0 0 0 0
0 0.6491712963 0.5671193416 0.0226574074 0.0310288066 0.6399240741 0.5572469136 2 0.63995 0.5775349794 2 0.6596555556 0.5774794239 2 0.659562963 0.5575205761 2 0 0 0 0 0 0
0 0.6698194444 0.5671193416 0.0226574074 0.0310288066 0.6605722222 0.5572469136 2 0.6605981481 0.5775349794 2 0.6803037037 0.5774794239 2 0.6802111111 0.5575205761 2 0 0 0 0 0 0
0 0.6744490741 0.5642386831 0.0226574074 0.0310288066 0.6652018519 0.5741069959 2 0.6652277778 0.5538209877 2 0.6849333333 0.5538765432 2 0.6848407407 0.5738353909 2 0 0 0 0 0 0
0 0.6526898148 0.5646502058 0.0226574074 0.0310288066 0.6434425926 0.5745185185 2 0.6434685185 0.5542325103 2 0.6631740741 0.5542880658 2 0.6630814815 0.5742469136 2 0 0 0 0 0 0
0 0.6322268519 0.5644444444 0.0226574074 0.0310288066 0.6229796296 0.5743127572 2 0.6230055556 0.554026749 2 0.6427111111 0.5540823045 2 0.6426185185 0.5740411523 2 0 0 0 0 0 0
0 0.6711157407 0.5422222222 0.0226574074 0.0310288066 0.6618685185 0.5323497942 2 0.6618944444 0.5526378601 2 0.6816 0.5525823045 2 0.6815074074 0.5326234568 2 0 0 0 0 0 0
0 0.6505601852 0.5422222222 0.0226574074 0.0310288066 0.641312963 0.5323497942 2 0.6413388889 0.5526378601 2 0.6610444444 0.5525823045 2 0.6609518519 0.5326234568 2 0 0 0 0 0 0
0 0.6741712963 0.5395473251 0.0226574074 0.0310288066 0.6649240741 0.5494156379 2 0.66495 0.5291296296 2 0.6846555556 0.5291851852 2 0.684562963 0.5491440329 2 0 0 0 0 0 0
0 0.6536157407 0.5395473251 0.0226574074 0.0310288066 0.6443685185 0.5494156379 2 0.6443944444 0.5291296296 2 0.6641 0.5291851852 2 0.6640074074 0.5491440329 2 0 0 0 0 0 0
0 0.6301898148 0.5424279835 0.0226574074 0.0310288066 0.6209425926 0.5325555556 2 0.6209685185 0.5528436214 2 0.6406740741 0.5527880658 2 0.6405814815 0.5328292181 2 0 0 0 0 0 0
0 0.6330601852 0.5395473251 0.0226574074 0.0310288066 0.623812963 0.5494156379 2 0.6238388889 0.5291296296 2 0.6435444444 0.5291851852 2 0.6434518519 0.5491440329 2 0 0 0 0 0 0
0 0.6704675926 0.5169135802 0.0226574074 0.0310288066 0.6612203704 0.5070411523 2 0.6612462963 0.5273292181 2 0.6809518519 0.5272736626 2 0.6808592593 0.5073148148 2 0 0 0 0 0 0
0 0.6738935185 0.5138271605 0.0226574074 0.0310288066 0.6646462963 0.5236954733 2 0.6646722222 0.503409465 2 0.6843777778 0.5034650206 2 0.6842851852 0.5234238683 2 0 0 0 0 0 0
0 0.6498194444 0.5165020576 0.0226574074 0.0310288066 0.6405722222 0.5066296296 2 0.6405981481 0.5269176955 2 0.6603037037 0.5268621399 2 0.6602111111 0.5069032922 2 0 0 0 0 0 0
0 0.6527824074 0.5144444444 0.0226574074 0.0310288066 0.6435351852 0.5243127572 2 0.6435611111 0.504026749 2 0.6632666667 0.5040823045 2 0.6631740741 0.5240411523 2 0 0 0 0 0 0
0 0.6288009259 0.5167078189 0.0226574074 0.0310288066 0.6195537037 0.5068353909 2 0.6195796296 0.5271234568 2 0.6392851852 0.5270679012 2 0.6391925926 0.5071090535 2 0 0 0 0 0 0
0 0.6321342593 0.5138271605 0.0226574074 0.0310288066 0.622887037 0.5236954733 2 0.622912963 0.503409465 2 0.6426185185 0.5034650206 2 0.6425259259 0.5234238683 2 0 0 0 0 0 0
0 0.6713935185 0.4909876543 0.0226574074 0.0310288066 0.6621462963 0.4811152263 2 0.6621722222 0.5014032922 2 0.6818777778 0.5013477366 2 0.6817851852 0.4813888889 2 0 0 0 0 0 0
0 0.6510231481 0.491399177 0.0226574074 0.0310288066 0.6417759259 0.481526749 2 0.6418018519 0.5018148148 2 0.6615074074 0.5017592593 2 0.6614148148 0.4818004115 2 0 0 0 0 0 0
0 0.6305601852 0.4903703704 0.0226574074 0.0310288066 0.621312963 0.4804979424 2 0.6213388889 0.5007860082 2 0.6410444444 0.5007304527 2 0.6409518519 0.4807716049 2 0 0 0 0 0 0
0 0.6752824074 0.4876954733 0.0226574074 0.0310288066 0.6660351852 0.497563786 2 0.6660611111 0.4772777778 2 0.6857666667 0.4773333333 2 0.6856740741 0.4972921811 2 0 0 0 0 0 0
0 0.6309305556 0.466090535 0.0226574074 0.0310288066 0.6216833333 0.456218107 2 0.6217092593 0.4765061728 2 0.6414148148 0.4764506173 2 0.6413222222 0.4564917695 2 0 0 0 0 0 0
0 0.6543564815 0.4874897119 0.0226574074 0.0310288066 0.6451092593 0.4973580247 2 0.6451351852 0.4770720165 2 0.6648407407 0.477127572 2 0.6647481481 0.4970864198 2 0 0 0 0 0 0
0 0.6335231481 0.4881069959 0.0226574074 0.0310288066 0.6242759259 0.4979753086 2 0.6243018519 0.4776893004 2 0.6440074074 0.477744856 2 0.6439148148 0.4977037037 2 0 0 0 0 0 0
0 0.6519490741 0.4648559671 0.0226574074 0.0310288066 0.6427018519 0.4549835391 2 0.6427277778 0.4752716049 2 0.6624333333 0.4752160494 2 0.6623407407 0.4552572016 2 0 0 0 0 0 0
0 0.6725972222 0.4640329218 0.0226574074 0.0310288066 0.66335 0.4541604938 2 0.6633759259 0.4744485597 2 0.6830814815 0.4743930041 2 0.6829888889 0.4544341564 2 0 0 0 0 0 0
0 0.6751898148 0.4623868313 0.0226574074 0.0310288066 0.6659425926 0.472255144 2 0.6659685185 0.4519691358 2 0.6856740741 0.4520246914 2 0.6855814815 0.4719835391 2 0 0 0 0 0 0
0 0.654587963 0.4623868313 0.0236759259 0.0314403292 0.6448314815 0.4724609053 2 0.6448574074 0.4521748971 2 0.664562963 0.4522304527 2 0.6644703704 0.4721893004 2 0 0 0 0 0 0
0 0.6338472222 0.4623868313 0.0236759259 0.0314403292 0.6240907407 0.4724609053 2 0.6241166667 0.4521748971 2 0.6438222222 0.4522304527 2 0.6437296296 0.4721893004 2 0 0 0 0 0 0
0 0.648912037 0.6190123457 0.0226574074 0.0310288066 0.6396611111 0.6091563786 2 0.639687037 0.6294423868 2 0.6593916667 0.6293868313 2 0.6592990741 0.6094279835 2 0 0 0 0 0 0
0 0.6465509259 0.6154526749 0.0226574074 0.0310288066 0.6373037037 0.6253230453 2 0.6373296296 0.6050349794 2 0.6570342593 0.605090535 2 0.6569416667 0.6250493827 2 0 0 0 0 0 0
0 0.6674768519 0.615 0.0226574074 0.0310288066 0.6582277778 0.624872428 2 0.6582537037 0.6045864198 2 0.6779583333 0.6046419753 2 0.6778657407 0.624600823 2 0 0 0 0 0 0
0 0.6886990741 0.6127572016 0.0226574074 0.0310288066 0.6794546296 0.622627572 2 0.6794805556 0.6023395062 2 0.6991851852 0.6023950617 2 0.6990925926 0.6223539095 2 0 0 0 0 0 0
0 0.6700324074 0.6179012346 0.0226574074 0.0310288066 0.660787037 0.6080329218 2 0.660812963 0.62831893 2 0.6805175926 0.6282633745 2 0.680425 0.6083045267 2 0 0 0 0 0 0
0 0.6910601852 0.6167695473 0.0226574074 0.0310288066 0.681812037 0.606909465 2 0.681837963 0.6271954733 2 0.7015425926 0.6271399177 2 0.70145 0.60718107 2 0 0 0 0 0 0
0 0.689162037 0.6399176955 0.0226574074 0.0310288066 0.6799175926 0.6497880658 2 0.6799435185 0.6295 2 0.6996481481 0.6295555556 2 0.6995555556 0.6495144033 2 0 0 0 0 0 0
0 0.6683287037 0.6407407407 0.0226574074 0.0310288066 0.6590842593 0.6506111111 2 0.6591101852 0.6303230453 2 0.6788148148 0.6303786008 2 0.6787222222 0.6503374486 2 0 0 0 0 0 0
0 0.6476805556 0.64218107 0.0226574074 0.0310288066 0.6384361111 0.6520514403 2 0.638462037 0.6317633745 2 0.6581675926 0.63181893 2 0.658075 0.6517777778 2 0 0 0 0 0 0
0 0.6920787037 0.6429012346 0.0226574074 0.0310288066 0.6828305556 0.6330411523 2 0.6828564815 0.6533271605 2 0.7025611111 0.6532716049 2 0.7024685185 0.6333127572 2 0 0 0 0 0 0
0 0.670875 0.6431069959 0.0226574074 0.0310288066 0.6616268519 0.6332469136 2 0.6616527778 0.6535329218 2 0.6813574074 0.6534773663 2 0.6812648148 0.6335185185 2 0 0 0 0 0 0
0 0.6492083333 0.6439300412 0.0226574074 0.0310288066 0.6399601852 0.6340699588 2 0.6399861111 0.6543559671 2 0.6596907407 0.6543004115 2 0.6595981481 0.6343415638 2 0 0 0 0 0 0
0 0.6878657407 0.6652263374 0.0226574074 0.0310288066 0.6786212963 0.6750967078 2 0.6786472222 0.654808642 2 0.6983527778 0.6548641975 2 0.6982592593 0.6748230453 2 0 0 0 0 0 0
0 0.667587963 0.666872428 0.0226574074 0.0310288066 0.6583435185 0.6767427984 2 0.6583694444 0.6564547325 2 0.678075 0.6565102881 2 0.6779824074 0.6764691358 2 0 0 0 0 0 0
0 0.6470324074 0.666255144 0.0226574074 0.0310288066 0.637787963 0.6761255144 2 0.6378138889 0.6558374486 2 0.6575185185 0.6558930041 2 0.6574259259 0.6758518519 2 0 0 0 0 0 0
0 0.691337963 0.66718107 0.0226574074 0.0310288066 0.6820898148 0.6573209877 2 0.6821157407 0.6776069959 2 0.7018203704 0.6775514403 2 0.7017277778 0.6575925926 2 0 0 0 0 0 0
0 0.6702268519 0.6692386831 0.0226574074 0.0310288066 0.6609787037 0.6593786008 2 0.6610046296 0.6796646091 2 0.6807092593 0.6796090535 2 0.6806166667 0.6596502058 2 0 0 0 0 0 0
0 0.6484675926 0.6692386831 0.0226574074 0.0310288066 0.6392194444 0.6593786008 2 0.6392453704 0.6796646091 2 0.65895 0.6796090535 2 0.6588574074 0.6596502058 2 0 0 0 0 0 0
0 0.6844398148 0.6919753086 0.0226574074 0.0310288066 0.6751953704 0.701845679 2 0.6752212963 0.6815576132 2 0.6949259259 0.6816131687 2 0.6948333333 0.7015720165 2 0 0 0 0 0 0
0 0.6635138889 0.6925925926 0.0226574074 0.0310288066 0.6542694444 0.702462963 2 0.6542953704 0.6821748971 2 0.674 0.6822304527 2 0.6739083333 0.7021893004 2 0 0 0 0 0 0
0 0.6418472222 0.6934156379 0.0226574074 0.0310288066 0.6326027778 0.7032860082 2 0.6326287037 0.6829979424 2 0.6523333333 0.6830534979 2 0.6522407407 0.7030123457 2 0 0 0 0 0 0
0 0.6881898148 0.695781893 0.0226574074 0.0310288066 0.6789416667 0.6859218107 2 0.6789675926 0.7062078189 2 0.6986722222 0.7061522634 2 0.6985796296 0.6861934156 2 0 0 0 0 0 0
0 0.6671712963 0.6968106996 0.0226574074 0.0310288066 0.6579231481 0.6869506173 2 0.6579490741 0.7072366255 2 0.6776537037 0.70718107 2 0.6775611111 0.6872222222 2 0 0 0 0 0 0
0 0.645875 0.6961934156 0.0226574074 0.0310288066 0.6366268519 0.6863333333 2 0.6366527778 0.7066193416 2 0.6563574074 0.706563786 2 0.6562648148 0.6866049383 2 0 0 0 0 0 0
0 0.6173842593 0.6168930041 0.0226574074 0.0310288066 0.608137037 0.6267633745 2 0.608162963 0.6064753086 2 0.6278675926 0.6065308642 2 0.627775 0.6264897119 2 0 0 0 0 0 0
0 0.5965509259 0.6173045267 0.0226574074 0.0310288066 0.5873037037 0.6271748971 2 0.5873296296 0.6068868313 2 0.6070342593 0.6069423868 2 0.6069416667 0.6269012346 2 0 0 0 0 0 0
0 0.575162037 0.6183333333 0.0226574074 0.0310288066 0.5659148148 0.6282037037 2 0.5659407407 0.6079156379 2 0.5856453704 0.6079711934 2 0.5855527778 0.6279300412 2 0 0 0 0 0 0
0 0.5725416667 0.6212962963 0.0226574074 0.0310288066 0.5632935185 0.611436214 2 0.5633194444 0.6317222222 2 0.5830240741 0.6316666667 2 0.5829314815 0.6117078189 2 0 0 0 0 0 0
0 0.5937453704 0.621090535 0.0226574074 0.0310288066 0.5844972222 0.6112304527 2 0.5845231481 0.6315164609 2 0.6042277778 0.6314609053 2 0.6041351852 0.6115020576 2 0 0 0 0 0 0
0 0.6149490741 0.6206790123 0.0226574074 0.0310288066 0.6057009259 0.61081893 2 0.6057268519 0.6311049383 2 0.6254314815 0.6310493827 2 0.6253388889 0.611090535 2 0 0 0 0 0 0
0 0.617662037 0.6424074074 0.0226574074 0.0310288066 0.6084148148 0.6522777778 2 0.6084407407 0.6319897119 2 0.6281453704 0.6320452675 2 0.6280527778 0.6520041152 2 0 0 0 0 0 0
0 0.5963657407 0.6440534979 0.0226574074 0.0310288066 0.5871185185 0.6539238683 2 0.5871444444 0.6336358025 2 0.6068490741 0.633691358 2 0.6067564815 0.6536502058 2 0 0 0 0 0 0
0 0.5749768519 0.6442592593 0.0226574074 0.0310288066 0.5657296296 0.6541296296 2 0.5657555556 0.6338415638 2 0.5854601852 0.6338971193 2 0.5853675926 0.6538559671 2 0 0 0 0 0 0
0 0.6146712963 0.6453703704 0.0226574074 0.0310288066 0.6054231481 0.6355102881 2 0.6054490741 0.6557962963 2 0.6251537037 0.6557407407 2 0.6250611111 0.635781893 2 0 0 0 0 0 0
0 0.5930972222 0.6453703704 0.0226574074 0.0310288066 0.5838490741 0.6355102881 2 0.583875 0.6557962963 2 0.6035796296 0.6557407407 2 0.603487037 0.635781893 2 0 0 0 0 0 0
0 0.5723564815 0.6466049383 0.0226574074 0.0310288066 0.5631083333 0.636744856 2 0.5631342593 0.6570308642 2 0.5828388889 0.6569753086 2 0.5827462963 0.6370164609 2 0 0 0 0 0 0
0 0.6166435185 0.668744856 0.0226574074 0.0310288066 0.6073962963 0.6786152263 2 0.6074222222 0.6583271605 2 0.6271268519 0.658382716 2 0.6270342593 0.6783415638 2 0 0 0 0 0 0
0 0.5952546296 0.6697736626 0.0226574074 0.0310288066 0.5860074074 0.6796440329 2 0.5860333333 0.6593559671 2 0.605737963 0.6594115226 2 0.6056453704 0.6793703704 2 0 0 0 0 0 0
0 0.5742361111 0.6714197531 0.0226574074 0.0310288066 0.5649888889 0.6812901235 2 0.5650148148 0.6610020576 2 0.5847194444 0.6610576132 2 0.5846268519 0.6810164609 2 0 0 0 0 0 0
0 0.5707824074 0.6739711934 0.0226574074 0.0310288066 0.5615342593 0.6641111111 2 0.5615601852 0.6843971193 2 0.5812648148 0.6843415638 2 0.5811722222 0.664382716 2 0 0 0 0 0 0
0 0.5919861111 0.6737654321 0.0226574074 0.0310288066 0.582737963 0.6639053498 2 0.5827638889 0.684191358 2 0.6024685185 0.6841358025 2 0.6023759259 0.6641769547 2 0 0 0 0 0 0
0 0.6130046296 0.6735596708 0.0226574074 0.0310288066 0.6037564815 0.6636995885 2 0.6037824074 0.6839855967 2 0.623487037 0.6839300412 2 0.6233944444 0.6639711934 2 0 0 0 0 0 0
0 0.616087963 0.6969341564 0.0226574074 0.0310288066 0.6068407407 0.7068045267 2 0.6068666667 0.6865164609 2 0.6265712963 0.6865720165 2 0.6264787037 0.7065308642 2 0 0 0 0 0 0
0 0.5944212963 0.6977572016 0.0226574074 0.0310288066 0.5851740741 0.707627572 2 0.5852 0.6873395062 2 0.6049046296 0.6873950617 2 0.604812037 0.7073539095 2 0 0 0 0 0 0
0 0.5732175926 0.6981687243 0.0226574074 0.0310288066 0.5639703704 0.7080390947 2 0.5639962963 0.6877510288 2 0.5837009259 0.6878065844 2 0.5836083333 0.7077654321 2 0 0 0 0 0 0
0 0.5701342593 0.7025720165 0.0226574074 0.0310288066 0.5608861111 0.6927119342 2 0.560912037 0.7129979424 2 0.5806166667 0.7129423868 2 0.5805240741 0.6929835391 2 0 0 0 0 0 0
0 0.5916157407 0.7027777778 0.0226574074 0.0310288066 0.5823675926 0.6929176955 2 0.5823935185 0.7132037037 2 0.6020981481 0.7131481481 2 0.6020055556 0.6931893004 2 0 0 0 0 0 0
0 0.612912037 0.7013374486 0.0226574074 0.0310288066 0.6036638889 0.6914773663 2 0.6036898148 0.7117633745 2 0.6233944444 0.7117078189 2 0.6233018519 0.6917489712 2 0 0 0 0 0 0
0 0.5493935185 0.6252057613 0.0226574074 0.0310288066 0.5401453704 0.615345679 2 0.5401712963 0.6356316872 2 0.5598759259 0.6355761317 2 0.5597833333 0.615617284 2 0 0 0 0 0 0
0 0.5466435185 0.622654321 0.0226574074 0.0310288066 0.5373962963 0.6325246914 2 0.5374222222 0.6122366255 2 0.5571268519 0.6122921811 2 0.5570342593 0.6322510288 2 0 0 0 0 0 0
0 0.5282824074 0.6268518519 0.0226574074 0.0310288066 0.5190342593 0.6169917695 2 0.5190601852 0.6372777778 2 0.5387648148 0.6372222222 2 0.5386722222 0.6172633745 2 0 0 0 0 0 0
0 0.525162037 0.6243004115 0.0226574074 0.0310288066 0.5159148148 0.6341707819 2 0.5159407407 0.613882716 2 0.5356453704 0.6139382716 2 0.5355527778 0.6338971193 2 0 0 0 0 0 0
0 0.5035416667 0.6251234568 0.0216388889 0.0273251029 0.4937851852 0.6349938272 2 0.4938111111 0.6147057613 2 0.5135157407 0.6147613169 2 0.5134231481 0.6347201646 2 0 0 0 0 0 0
0 0.5062453704 0.6272633745 0.0226574074 0.0310288066 0.4969972222 0.6174032922 2 0.4970231481 0.6376893004 2 0.5167277778 0.6376337449 2 0.5166351852 0.6176748971 2 0 0 0 0 0 0
0 0.5471064815 0.6489917695 0.0226574074 0.0310288066 0.5378592593 0.6588621399 2 0.5378851852 0.6385740741 2 0.5575898148 0.6386296296 2 0.5574972222 0.6585884774 2 0 0 0 0 0 0
0 0.550412037 0.6513374486 0.0226574074 0.0310288066 0.5411638889 0.6414773663 2 0.5411898148 0.6617633745 2 0.5608944444 0.6617078189 2 0.5608018519 0.6417489712 2 0 0 0 0 0 0
0 0.5254398148 0.6496090535 0.0226574074 0.0310288066 0.5161925926 0.6594794239 2 0.5162185185 0.639191358 2 0.5359231481 0.6392469136 2 0.5358305556 0.6592057613 2 0 0 0 0 0 0
0 0.5286527778 0.6529835391 0.0226574074 0.0310288066 0.5194046296 0.6431234568 2 0.5194305556 0.663409465 2 0.5391351852 0.6633539095 2 0.5390425926 0.6433950617 2 0 0 0 0 0 0
0 0.5068009259 0.6560699588 0.0226574074 0.0310288066 0.4975527778 0.6462098765 2 0.4975787037 0.6664958848 2 0.5172833333 0.6664403292 2 0.5171907407 0.6464814815 2 0 0 0 0 0 0
0 0.5030324074 0.6516666667 0.0226574074 0.0310288066 0.4937851852 0.661537037 2 0.4938111111 0.6412489712 2 0.5135157407 0.6413045267 2 0.5134231481 0.6612633745 2 0 0 0 0 0 0
0 0.5036805556 0.6794444444 0.0226574074 0.0310288066 0.4944333333 0.6893148148 2 0.4944592593 0.669026749 2 0.5141638889 0.6690823045 2 0.5140712963 0.6890411523 2 0 0 0 0 0 0
0 0.5250694444 0.6786213992 0.0226574074 0.0310288066 0.5158222222 0.6884917695 2 0.5158481481 0.6682037037 2 0.5355527778 0.6682592593 2 0.5354601852 0.688218107 2 0 0 0 0 0 0
0 0.5462731481 0.6782098765 0.0226574074 0.0310288066 0.5370259259 0.6880802469 2 0.5370518519 0.6677921811 2 0.5567564815 0.6678477366 2 0.5566638889 0.6878065844 2 0 0 0 0 0 0
0 0.5494861111 0.6797325103 0.0226574074 0.0310288066 0.540237963 0.669872428 2 0.5402638889 0.6901584362 2 0.5599685185 0.6901028807 2 0.5598759259 0.6701440329 2 0 0 0 0 0 0
0 0.5278194444 0.6822016461 0.0226574074 0.0310288066 0.5185712963 0.6723415638 2 0.5185972222 0.692627572 2 0.5383018519 0.6925720165 2 0.5382092593 0.6726131687 2 0 0 0 0 0 0
0 0.5059675926 0.6836419753 0.0226574074 0.0310288066 0.4967194444 0.673781893 2 0.4967453704 0.6940679012 2 0.51645 0.6940123457 2 0.5163574074 0.6740534979 2 0 0 0 0 0 0
0 0.5034027778 0.7090740741 0.0226574074 0.0310288066 0.4941555556 0.7189444444 2 0.4941814815 0.6986563786 2 0.5138861111 0.6987119342 2 0.5137935185 0.7186707819 2 0 0 0 0 0 0
0 0.5246064815 0.7088683128 0.0226574074 0.0310288066 0.5153592593 0.7187386831 2 0.5153851852 0.6984506173 2 0.5350898148 0.6985061728 2 0.5349972222 0.7184650206 2 0 0 0 0 0 0
0 0.5056898148 0.7124485597 0.0226574074 0.0310288066 0.4964416667 0.7025884774 2 0.4964675926 0.7228744856 2 0.5161722222 0.72281893 2 0.5160796296 0.7028600823 2 0 0 0 0 0 0
0 0.5270787037 0.7101851852 0.0226574074 0.0310288066 0.5178305556 0.7003251029 2 0.5178564815 0.7206111111 2 0.5375611111 0.7205555556 2 0.5374685185 0.7005967078 2 0 0 0 0 0 0
0 0.545625 0.7070164609 0.0226574074 0.0310288066 0.5363777778 0.7168868313 2 0.5364037037 0.6965987654 2 0.5561083333 0.696654321 2 0.5560157407 0.7166131687 2 0 0 0 0 0 0
0 0.5484675926 0.7095679012 0.0226574074 0.0310288066 0.5392194444 0.6997078189 2 0.5392453704 0.7199938272 2 0.55895 0.7199382716 2 0.5588574074 0.6999794239 2 0 0 0 0 0 0
0 0.4324305556 0.6339711934 0.0216388889 0.0273251029 0.4226740741 0.6438415638 2 0.4227 0.6235534979 2 0.4424046296 0.6236090535 2 0.442312037 0.6435679012 2 0 0 0 0 0 0
0 0.4547453704 0.6319135802 0.0216388889 0.0273251029 0.4449888889 0.6417839506 2 0.4450148148 0.6214958848 2 0.4647194444 0.6215514403 2 0.4646268519 0.6415102881 2 0 0 0 0 0 0
0 0.4772453704 0.6306790123 0.0216388889 0.0273251029 0.4674888889 0.6405493827 2 0.4675148148 0.6202613169 2 0.4872194444 0.6203168724 2 0.4871268519 0.6402757202 2 0 0 0 0 0 0
0 0.4355972222 0.6377572016 0.0226574074 0.0310288066 0.4263490741 0.6278971193 2 0.426375 0.6481831276 2 0.4460796296 0.648127572 2 0.445987037 0.6281687243 2 0 0 0 0 0 0
0 0.4576342593 0.6348765432 0.0226574074 0.0310288066 0.4483861111 0.6250164609 2 0.448412037 0.6453024691 2 0.4681166667 0.6452469136 2 0.4680240741 0.6252880658 2 0 0 0 0 0 0
0 0.4803194444 0.6352880658 0.0226574074 0.0310288066 0.4710712963 0.6254279835 2 0.4710972222 0.6457139918 2 0.4908018519 0.6456584362 2 0.4907092593 0.6256995885 2 0 0 0 0 0 0
0 0.4328009259 0.6615432099 0.0216388889 0.0273251029 0.4230444444 0.6714135802 2 0.4230703704 0.6511255144 2 0.442775 0.65118107 2 0.4426824074 0.6711399177 2 0 0 0 0 0 0
0 0.435875 0.6649176955 0.0226574074 0.0310288066 0.4266268519 0.6550576132 2 0.4266527778 0.6753436214 2 0.4463574074 0.6752880658 2 0.4462648148 0.6553292181 2 0 0 0 0 0 0
0 0.4589305556 0.6645061728 0.0226574074 0.0310288066 0.4496824074 0.6546460905 2 0.4497083333 0.6749320988 2 0.469412963 0.6748765432 2 0.4693203704 0.6549176955 2 0 0 0 0 0 0
0 0.4551157407 0.6611316872 0.0216388889 0.0273251029 0.4453592593 0.6710020576 2 0.4453851852 0.6507139918 2 0.4650898148 0.6507695473 2 0.4649972222 0.6707283951 2 0 0 0 0 0 0
0 0.481337963 0.6622427984 0.0226574074 0.0310288066 0.4720898148 0.652382716 2 0.4721157407 0.6726687243 2 0.4918203704 0.6726131687 2 0.4917277778 0.652654321 2 0 0 0 0 0 0
0 0.4783564815 0.6588683128 0.0216388889 0.0273251029 0.4686 0.6687386831 2 0.4686259259 0.6484506173 2 0.4883305556 0.6485061728 2 0.488237963 0.6684650206 2 0 0 0 0 0 0
0 0.4316898148 0.6891152263 0.0216388889 0.0273251029 0.4219333333 0.6989855967 2 0.4219592593 0.6786975309 2 0.4416638889 0.6787530864 2 0.4415712963 0.6987119342 2 0 0 0 0 0 0
0 0.4350416667 0.6910493827 0.0226574074 0.0310288066 0.4257935185 0.6811893004 2 0.4258194444 0.7014753086 2 0.4455240741 0.7014197531 2 0.4454314815 0.6814609053 2 0 0 0 0 0 0
0 0.4541898148 0.6884979424 0.0216388889 0.0273251029 0.4444333333 0.6983683128 2 0.4444592593 0.6780802469 2 0.4641638889 0.6781358025 2 0.4640712963 0.6980946502 2 0 0 0 0 0 0
0 0.476875 0.6874691358 0.0216388889 0.0273251029 0.4671185185 0.6973395062 2 0.4671444444 0.6770514403 2 0.4868490741 0.6771069959 2 0.4867564815 0.6970658436 2 0 0 0 0 0 0
0 0.4577268519 0.6900205761 0.0226574074 0.0310288066 0.4484787037 0.6801604938 2 0.4485046296 0.7004465021 2 0.4682092593 0.7003909465 2 0.4681166667 0.6804320988 2 0 0 0 0 0 0
0 0.4802268519 0.6891975309 0.0226574074 0.0310288066 0.4709787037 0.6793374486 2 0.4710046296 0.6996234568 2 0.4907092593 0.6995679012 2 0.4906166667 0.6796090535 2 0 0 0 0 0 0
0 0.4345601852 0.7164814815 0.0216388889 0.0273251029 0.4248037037 0.7263518519 2 0.4248296296 0.706063786 2 0.4445342593 0.7061193416 2 0.4444416667 0.7260781893 2 0 0 0 0 0 0
0 0.4570601852 0.7162757202 0.0216388889 0.0273251029 0.4473037037 0.7261460905 2 0.4473296296 0.7058580247 2 0.4670342593 0.7059135802 2 0.4669416667 0.725872428 2 0 0 0 0 0 0
0 0.4794675926 0.7152469136 0.0216388889 0.0273251029 0.4697111111 0.725117284 2 0.469737037 0.7048292181 2 0.4894416667 0.7048847737 2 0.4893490741 0.7248436214 2 0 0 0 0 0 0
0 0.4822638889 0.7169753086 0.0226574074 0.0310288066 0.4730157407 0.7071152263 2 0.4730416667 0.7274012346 2 0.4927462963 0.727345679 2 0.4926537037 0.7073868313 2 0 0 0 0 0 0
0 0.4603194444 0.7192386831 0.0226574074 0.0310288066 0.4510712963 0.7093786008 2 0.4510972222 0.7296646091 2 0.4708018519 0.7296090535 2 0.4707092593 0.7096502058 2 0 0 0 0 0 0
0 0.4380972222 0.7206790123 0.0226574074 0.0310288066 0.427037037 0.7104938272 2 0.4274074074 0.7310699588 2 0.4485796296 0.7310493827 2 0.448487037 0.711090535 2 0 0 0 0 0 0
0 0.4087453704 0.7233539095 0.0226574074 0.0310288066 0.3976851852 0.7131687243 2 0.3980555556 0.733744856 2 0.4192277778 0.7337242798 2 0.4191351852 0.7137654321 2 0 0 0 0 0 0
0 0.3856898148 0.7254115226 0.0226574074 0.0310288066 0.3746296296 0.7152263374 2 0.375 0.7358024691 2 0.3961722222 0.735781893 2 0.3960796296 0.7158230453 2 0 0 0 0 0 0
0 0.3621712963 0.7270576132 0.0226574074 0.0310288066 0.3511111111 0.716872428 2 0.3514814815 0.7374485597 2 0.3726537037 0.7374279835 2 0.3725611111 0.7174691358 2 0 0 0 0 0 0
0 0.4046527778 0.7216255144 0.0216388889 0.0273251029 0.3948962963 0.7314958848 2 0.3949222222 0.7112078189 2 0.4146268519 0.7112633745 2 0.4145342593 0.7312222222 2 0 0 0 0 0 0
0 0.3816898148 0.7249176955 0.0216388889 0.0273251029 0.3719333333 0.7347880658 2 0.3719592593 0.7145 2 0.3916638889 0.7145555556 2 0.3915712963 0.7345144033 2 0 0 0 0 0 0
0 0.359375 0.7251234568 0.0216388889 0.0273251029 0.3496185185 0.7349938272 2 0.3496444444 0.7147057613 2 0.3693490741 0.7147613169 2 0.3692564815 0.7347201646 2 0 0 0 0 0 0
0 0.4078194444 0.695781893 0.0226574074 0.0310288066 0.3969444444 0.6864197531 2 0.397037037 0.7063786008 2 0.4183018519 0.7061522634 2 0.4182092593 0.6861934156 2 0 0 0 0 0 0
0 0.3851342593 0.6986625514 0.0226574074 0.0310288066 0.3742592593 0.6893004115 2 0.3743518519 0.7092592593 2 0.3956166667 0.7090329218 2 0.3955240741 0.6890740741 2 0 0 0 0 0 0
0 0.3617083333 0.699691358 0.0226574074 0.0310288066 0.3508333333 0.6903292181 2 0.3509259259 0.7102880658 2 0.3721907407 0.7100617284 2 0.3720981481 0.6901028807 2 0 0 0 0 0 0
0 0.404837963 0.6944650206 0.0216388889 0.0273251029 0.3950814815 0.7043353909 2 0.3951074074 0.6840473251 2 0.414812037 0.6841028807 2 0.4147194444 0.7040617284 2 0 0 0 0 0 0
0 0.381412037 0.6967283951 0.0216388889 0.0273251029 0.3716555556 0.7065987654 2 0.3716814815 0.6863106996 2 0.3913861111 0.6863662551 2 0.3912935185 0.7063251029 2 0 0 0 0 0 0
0 0.358912037 0.6975514403 0.0216388889 0.0273251029 0.3491555556 0.7074218107 2 0.3491814815 0.6871337449 2 0.3688861111 0.6871893004 2 0.3687935185 0.7071481481 2 0 0 0 0 0 0
0 0.4074490741 0.6690329218 0.0226574074 0.0310288066 0.3965740741 0.6596707819 2 0.3966666667 0.6796296296 2 0.4179314815 0.6794032922 2 0.4178388889 0.6594444444 2 0 0 0 0 0 0
0 0.3841157407 0.6712962963 0.0226574074 0.0310288066 0.3732407407 0.6619341564 2 0.3733333333 0.6818930041 2 0.3945981481 0.6816666667 2 0.3945055556 0.6617078189 2 0 0 0 0 0 0
0 0.3606898148 0.6737654321 0.0226574074 0.0310288066 0.3498148148 0.6644032922 2 0.3499074074 0.6843621399 2 0.3711722222 0.6841358025 2 0.3710796296 0.6641769547 2 0 0 0 0 0 0
0 0.4033564815 0.6664814815 0.0216388889 0.0273251029 0.3936 0.6763518519 2 0.3936259259 0.656063786 2 0.4133305556 0.6561193416 2 0.413237963 0.6760781893 2 0 0 0 0 0 0
0 0.379837963 0.6691563786 0.0216388889 0.0273251029 0.3700814815 0.679026749 2 0.3701074074 0.6587386831 2 0.389812037 0.6587942387 2 0.3897194444 0.6787530864 2 0 0 0 0 0 0
0 0.356875 0.6703909465 0.0216388889 0.0273251029 0.3471185185 0.6802613169 2 0.3471444444 0.659973251 2 0.3668490741 0.6600288066 2 0.3667564815 0.6799876543 2 0 0 0 0 0 0
0 0.406337963 0.6404320988 0.0226574074 0.0310288066 0.395462963 0.6310699588 2 0.3955555556 0.6510288066 2 0.4168203704 0.6508024691 2 0.4167277778 0.6308436214 2 0 0 0 0 0 0
0 0.383375 0.6422839506 0.0226574074 0.0310288066 0.3725 0.6329218107 2 0.3725925926 0.6528806584 2 0.3938574074 0.652654321 2 0.3937648148 0.6326954733 2 0 0 0 0 0 0
0 0.3603194444 0.6441358025 0.0226574074 0.0310288066 0.3494444444 0.6347736626 2 0.349537037 0.6547325103 2 0.3708018519 0.6545061728 2 0.3707092593 0.6345473251 2 0 0 0 0 0 0
0 0.3566898148 0.6411728395 0.0216388889 0.0273251029 0.3469333333 0.6510432099 2 0.3469592593 0.630755144 2 0.3666638889 0.6308106996 2 0.3665712963 0.6507695473 2 0 0 0 0 0 0
0 0.3792824074 0.6397325103 0.0216388889 0.0273251029 0.3695259259 0.6496028807 2 0.3695518519 0.6293148148 2 0.3892564815 0.6293703704 2 0.3891638889 0.6493292181 2 0 0 0 0 0 0
0 0.4020601852 0.6382921811 0.0216388889 0.0273251029 0.3923037037 0.6481625514 2 0.3923296296 0.6278744856 2 0.4120342593 0.6279300412 2 0.4119416667 0.6478888889 2 0 0 0 0 0 0
0 0.5512407407 0.2707201646 0.0219814815 0.0283950617 0.5417712963 0.2833909465 2 0.5418157407 0.2613662551 2 0.5614814815 0.2613168724 2 0.5615740741 0.2812757202 2 0 0 0 0 0 0
0 0.5554305556 0.2745679012 0.0246574074 0.0318930041 0.5455203704 0.2647201646 2 0.5454398148 0.2853765432 2 0.5644583333 0.2855164609 2 0.5642731481 0.2647345679 2 0 0 0 0 0 0
0 0.534412037 0.2749794239 0.0246574074 0.0318930041 0.5245018519 0.2651316872 2 0.5244212963 0.2857880658 2 0.5434398148 0.2859279835 2 0.5432546296 0.2651460905 2 0 0 0 0 0 0
0 0.5125601852 0.2760082305 0.0246574074 0.0318930041 0.50265 0.2661604938 2 0.5025694444 0.2868168724 2 0.521587963 0.2869567901 2 0.5214027778 0.2661748971 2 0 0 0 0 0 0
0 0.5294814815 0.2709259259 0.0219814815 0.0283950617 0.520012037 0.2835967078 2 0.5200564815 0.2615720165 2 0.5397222222 0.2615226337 2 0.5398148148 0.2814814815 2 0 0 0 0 0 0
0 0.5083703704 0.2721604938 0.0219814815 0.0283950617 0.4989009259 0.2848312757 2 0.4989453704 0.2628065844 2 0.5186111111 0.2627572016 2 0.5187037037 0.2827160494 2 0 0 0 0 0 0
0 0.5110787037 0.2511111111 0.0231759259 0.0302469136 0.5019092593 0.2404403292 2 0.5018287037 0.2610967078 2 0.5208472222 0.2612366255 2 0.520662037 0.2404547325 2 0 0 0 0 0 0
0 0.5327453704 0.2502880658 0.0231759259 0.0302469136 0.5235759259 0.239617284 2 0.5234953704 0.2602736626 2 0.5425138889 0.2604135802 2 0.5423287037 0.2396316872 2 0 0 0 0 0 0
0 0.5071666667 0.2454115226 0.0219814815 0.0283950617 0.4976972222 0.2580823045 2 0.4977416667 0.2360576132 2 0.5174074074 0.2360082305 2 0.5175 0.2559670782 2 0 0 0 0 0 0
0 0.5285555556 0.245 0.0219814815 0.0283950617 0.5190861111 0.2576707819 2 0.5191305556 0.2356460905 2 0.5387962963 0.2355967078 2 0.5388888889 0.2555555556 2 0 0 0 0 0 0
0 0.5502222222 0.245617284 0.0219814815 0.0283950617 0.5407527778 0.2582880658 2 0.5407972222 0.2362633745 2 0.560462963 0.2362139918 2 0.5605555556 0.2561728395 2 0 0 0 0 0 0
0 0.5542685185 0.2492592593 0.0212222222 0.0273662551 0.544687037 0.2392057613 2 0.5446064815 0.2598621399 2 0.563625 0.2600020576 2 0.5634398148 0.2392201646 2 0 0 0 0 0 0
0 0.5544537037 0.223744856 0.0212222222 0.0273662551 0.5448722222 0.213691358 2 0.5447916667 0.2343477366 2 0.5638101852 0.2344876543 2 0.563625 0.2137057613 2 0 0 0 0 0 0
0 0.5501296296 0.2194855967 0.0219814815 0.0283950617 0.5406601852 0.2321563786 2 0.5407046296 0.2101316872 2 0.5603703704 0.2100823045 2 0.560462963 0.2300411523 2 0 0 0 0 0 0
0 0.5329722222 0.2233333333 0.0212222222 0.0273662551 0.5233907407 0.2132798354 2 0.5233101852 0.233936214 2 0.5423287037 0.2340761317 2 0.5421435185 0.2132942387 2 0 0 0 0 0 0
0 0.5118611111 0.2235390947 0.0212222222 0.0273662551 0.5022796296 0.2134855967 2 0.5021990741 0.2341419753 2 0.5212175926 0.234281893 2 0.5210324074 0.2135 2 0 0 0 0 0 0
0 0.5292037037 0.2205144033 0.0219814815 0.0283950617 0.5197342593 0.2331851852 2 0.5197787037 0.2111604938 2 0.5394444444 0.2111111111 2 0.539537037 0.2310699588 2 0 0 0 0 0 0
0 0.507537037 0.2209259259 0.0219814815 0.0283950617 0.4980675926 0.2335967078 2 0.498112037 0.2115720165 2 0.5177777778 0.2115226337 2 0.5178703704 0.2314814815 2 0 0 0 0 0 0
0 0.5535277778 0.198436214 0.0212222222 0.0273662551 0.5439462963 0.188382716 2 0.5438657407 0.2090390947 2 0.5628842593 0.2091790123 2 0.5626990741 0.1883971193 2 0 0 0 0 0 0
0 0.5320462963 0.198436214 0.0212222222 0.0273662551 0.5224648148 0.188382716 2 0.5223842593 0.2090390947 2 0.5414027778 0.2091790123 2 0.5412175926 0.1883971193 2 0 0 0 0 0 0
0 0.5103796296 0.1988477366 0.0212222222 0.0273662551 0.5007981481 0.1887942387 2 0.5007175926 0.2094506173 2 0.5197361111 0.209590535 2 0.5195509259 0.188808642 2 0 0 0 0 0 0
0 0.5061481481 0.1960288066 0.0219814815 0.0283950617 0.4966787037 0.2086995885 2 0.4967231481 0.1866748971 2 0.5163888889 0.1866255144 2 0.5164814815 0.2065843621 2 0 0 0 0 0 0
0 0.527537037 0.195 0.0219814815 0.0283950617 0.5180675926 0.2076707819 2 0.518112037 0.1856460905 2 0.5377777778 0.1855967078 2 0.5378703704 0.2055555556 2 0 0 0 0 0 0
0 0.5486481481 0.1952057613 0.0219814815 0.0283950617 0.5391787037 0.2078765432 2 0.5392231481 0.1858518519 2 0.5588888889 0.1858024691 2 0.5589814815 0.2057613169 2 0 0 0 0 0 0
0 0.5514907407 0.1733333333 0.0212222222 0.0273662551 0.5419092593 0.1632798354 2 0.5418287037 0.183936214 2 0.5608472222 0.1840761317 2 0.560662037 0.1632942387 2 0 0 0 0 0 0
0 0.5308425926 0.1739506173 0.0212222222 0.0273662551 0.5212611111 0.1638971193 2 0.5211805556 0.1845534979 2 0.5401990741 0.1846934156 2 0.5400138889 0.1639115226 2 0 0 0 0 0 0
0 0.5101018519 0.173744856 0.0212222222 0.0273662551 0.5005203704 0.163691358 2 0.5004398148 0.1843477366 2 0.5194583333 0.1844876543 2 0.5192731481 0.1637057613 2 0 0 0 0 0 0
0 0.5067037037 0.1711316872 0.0219814815 0.0283950617 0.4972342593 0.1838024691 2 0.4972787037 0.1617777778 2 0.5169444444 0.1617283951 2 0.517037037 0.1816872428 2 0 0 0 0 0 0
0 0.527537037 0.1705144033 0.0219814815 0.0283950617 0.5180675926 0.1831851852 2 0.518112037 0.1611604938 2 0.5377777778 0.1611111111 2 0.5378703704 0.1810699588 2 0 0 0 0 0 0
0 0.548462963 0.1711316872 0.0219814815 0.0283950617 0.5389935185 0.1838024691 2 0.539037963 0.1617777778 2 0.5587037037 0.1617283951 2 0.5587962963 0.1816872428 2 0 0 0 0 0 0
