1 0.5566328125 0.1581953125 0.196609375 0.235671875 0.546875 0.1393234375 2 0.4661453125 0.23046875 2 0.6223953125 0.0442703125 2 0.6341140625 0.2630203125 2 0 0 0 0 0 0
1 0.9466171875 0.3085859375 0.104171875 0.122390625 0.94921875 0.2916671875 2 0.9036453125 0.33984375 2 0.9856765625 0.24609375 2 0.98828125 0.3567703125 2 0 0 0 0 0 0
1 0.690109375 0.4531328125 0.125 0.143234375 0.6822921875 0.4440109375 2 0.6380203125 0.4973953125 2 0.7135421875 0.3828125 2 0.74609375 0.51171875 2 0 0 0 0 0 0
1 0.5703046875 0.3776015625 0.114578125 0.119796875 0.5625 0.3815109375 2 0.6276046875 0.4322921875 2 0.51171875 0.33984375 2 0.6015625 0.3268234375 2 0 0 0 0 0 0
1 0.5761796875 0.5038984375 0.123703125 0.138015625 0.58203125 0.4830734375 2 0.5158828125 0.4366359375 2 0.62890625 0.5104171875 2 0.5221359375 0.5611984375 2 0 0 0 0 0 0
1 0.833328125 0.4687421875 0.1171875 0.122390625 0.8111984375 0.4544265625 2 0.77734375 0.5026046875 2 0.8359375 0.4140625 2 0.875 0.5065109375 2 0 0 0 0 0 0
1 0.70703125 0.7031328125 0.1328125 0.158859375 0.7096359375 0.7239578125 2 0.65625 0.7708328125 2 0.76953125 0.671875 2 0.6471359375 0.6354171875 2 0 0 0 0 0 0
1 0.6009140625 0.9023515625 0.110671875 0.135421875 0.5963546875 0.8893234375 2 0.5455734375 0.9231765625 2 0.6458328125 0.83984375 2 0.640625 0.9622390625 2 0 0 0 0 0 0
1 0.27278125 0.900390625 0.15234375 0.18359375 0.2630203125 0.9401046875 2 0.1979171875 0.9127609375 2 0.3470375 0.9898734375 2 0.3255203125 0.8138015625 2 0 0 0 0 0 0
1 0.1757734375 0.7161484375 0.130203125 0.177078125 0.1640625 0.6692703125 2 0.1080734375 0.6692703125 2 0.2239578125 0.6393234375 2 0.18359375 0.796875 2 0 0 0 0 0 0
1 0.2669296875 0.436203125 0.145828125 0.1953125 0.2291671875 0.4348953125 2 0.2044265625 0.5247390625 2 0.2408859375 0.3424484375 2 0.328125 0.46875 2 0 0 0 0 0 0
1 0.083984375 0.53840625 0.16796875 0.19140625 0.0338546875 0.54296875 2 0 0.6158859375 2 0.0716140625 0.44921875 2 0.1575515625 0.6145828125 2 0 0 0 0 0 0
1 0.1250078125 0.274734375 0.174484375 0.234375 0.0703125 0.2643234375 2 0.0989578125 0.16796875 2 0.04296875 0.359375 2 0.1979171875 0.2981765625 2 0 0 0 0 0 0
1 0.5527265625 0.6575546875 0.157546875 0.184890625 0.5091140625 0.6575515625 2 0.48046875 0.5703125 2 0.5247390625 0.7434890625 2 0.62109375 0.625 2 0 0 0 0 0 0
