1 0.2853846154 0.7180573248 0.4086713287 0.4660509554 0.2894160839 0.5029617834 2 0.0926118881 0.5040159236 2 0.4827447552 0.4955828025 2 0.2905734266 0.9426592357 2 0 0 0 0 0 0
1 0.4983741259 0.7228025478 0.3994055944 0.4586624204 0.4977937063 0.9394968153 2 0.3102517483 0.9426592357 2 0.6888076923 0.937388535 2 0.495479021 0.5019076433 2 0 0 0 0 0 0
1 0.6992307692 0.7048726115 0.4005594406 0.4586624204 0.6992272727 0.4934745223 2 0.5116853147 0.4924171975 2 0.8925559441 0.4924171975 2 0.7038566434 0.9289522293 2 0 0 0 0 0 0
1 0.7403321678 0.733343949 0.3994055944 0.4586624204 0.7397447552 0.9500414013 2 0.5522027972 0.9532038217 2 0.9214965035 0.9468789809 2 0.7432167832 0.5166687898 2 0 0 0 0 0 0
1 0.2691783217 0.749156051 0.3994055944 0.4671019108 0.2685769231 0.9700732484 2 0.081034965 0.9732388535 2 0.4503286713 0.966910828 2 0.2581573427 0.5240509554 2 0 0 0 0 0 0
1 0.7403321678 0.7259713376 0.3994055944 0.4671019108 0.7397447552 0.9468789809 2 0.5522027972 0.9500414013 2 0.9214965035 0.9437133758 2 0.7432167832 0.5187802548 2 0 0 0 0 0 0
1 0.2545804196 0.2307802548 0.4086713287 0.3869745223 0.2586293706 0.0489044586 2 0.0618251748 0.0499585987 2 0.4456993007 0.0485031847 2 0.260472028 0.4165 2 0 0 0 0 0 0
1 0.4710664336 0.2145700637 0.3994055944 0.3869745223 0.470479021 0.395410828 2 0.2829405594 0.3985732484 2 0.661493007 0.3933025478 2 0.4653811189 0.0284713376 2 0 0 0 0 0 0
1 0.6776923077 0.2152707006 0.4005594406 0.3816878981 0.6777027972 0.0360286624 2 0.4901608392 0.0349713376 2 0.8710314685 0.0349713376 2 0.6783881119 0.3996273885 2 0 0 0 0 0 0
1 0.2325699301 0.2488375796 0.404020979 0.3816878981 0.2296888112 0.427044586 2 0.0421468531 0.4302070064 2 0.4225454545 0.4228248408 2 0.2280594406 0.0674840764 2 0 0 0 0 0 0
1 0.7065559441 0.2334235669 0.3994055944 0.3795859873 0.7059545455 0.4105732484 2 0.5184125874 0.4137356688 2 0.8877062937 0.407410828 2 0.7096468531 0.0485031847 2 0 0 0 0 0 0
