3 0.1987019231 0.6624879808 0.3974038462 0.3450240385 0.1857307692 0.4909014423 2 0 0.5400600962 2 0.3864783654 0.8268052885 2 0 0 0 0 0 0 0 0 0
3 0.1939182692 0.7455769231 0.3878365385 0.37 0.1761730769 0.5782908654 2 0 0.6342764423 2 0.3823822115 0.9128293269 2 0 0 0 0 0 0 0 0 0
3 0.1946033654 0.8099278846 0.3892067308 0.3063942308 0.2171418269 0.6834326923 2 0 0.7598966346 2 0.3843052885 0.9587548077 2 0 0 0 0 0 0 0 0 0
3 0.2139903846 0.8734375 0.4279807692 0.253125 0.2613846154 0.7586538462 2 0 0.8747163462 2 0.41296875 1 2 0 0 0 0 0 0 0 0 0
3 0.2139903846 0.9096274038 0.4279807692 0.1807451923 0.2559206731 0.82965625 2 0 0.9634711538 2 0.3597091346 1 2 0 0 0 0 0 0 0 0 0
3 0.2258413462 0.3039903846 0.1883653846 0.2770673077 0.1521346154 0.3073389423 2 0.3023533654 0.1830817308 2 0.3119134615 0.4275 2 0 0 0 0 0 0 0 0 0
3 0.1870552885 0.3074038462 0.1818028846 0.2838942308 0.1097980769 0.3018774038 2 0.2641153846 0.1776201923 2 0.2613846154 0.4275 2 0 0 0 0 0 0 0 0 0
3 0.1449278846 0.3039903846 0.1849519231 0.2770673077 0.0647331731 0.3005120192 2 0.2350576923 0.16940625 2 0.2163173077 0.4275 2 0 0 0 0 0 0 0 0 0
3 0.1028485577 0.3012620192 0.1909375 0.2716105769 0.0196682692 0.2950504808 2 0.1959182692 0.1693269231 2 0.1753485577 0.4247692308 2 0 0 0 0 0 0 0 0 0
3 0.0773918269 0.2944230769 0.1547836538 0.2770673077 0 0 0 0.1371105769 0.1735240385 2 0.1261875 0.4247692308 2 0 0 0 0 0 0 0 0 0
3 0.0555408654 0.2916826923 0.1110817308 0.2770673077 0 0 0 0.0934110577 0.1707932692 2 0.0824879808 0.4220384615 2 0 0 0 0 0 0 0 0 0
3 0.7019230769 0.8413461538 0.2836538462 0.3173076923 0.5809423077 0.8248485577 2 0.8226586538 0.7009038462 2 0.7393557692 0.9999399038 2 0 0 0 0 0 0 0 0 0
3 0.7523557692 0.8404927885 0.2844711538 0.3170432692 0.6306105769 0.8238557692 2 0.8723269231 0.6999110577 2 0.7890216346 0.9989471154 2 0 0 0 0 0 0 0 0 0
3 0.7940865385 0.8414783654 0.2844711538 0.3170432692 0.6763413462 0.8332331731 2 0.9140456731 0.7009038462 2 0.8372644231 1 2 0 0 0 0 0 0 0 0 0
3 0.8392668269 0.8459495192 0.2735336538 0.3081009615 0.7240216346 0.8381995192 2 0.9544807692 0.7051057692 2 0.877 1 2 0 0 0 0 0 0 0 0 0
3 0.8721754808 0.8459495192 0.2556490385 0.3081009615 0.7717043269 0.8391923077 2 0.9962019231 0.7080865385 2 0.9236875 1 2 0 0 0 0 0 0 0 0 0
3 0.8930288462 0.8473557692 0.2139423077 0.3052884615 0.8154110577 0.8441586538 2 1 0.7329158654 2 0.9743052885 1 2 0 0 0 0 0 0 0 0 0
3 0.9213461538 0.8737620192 0.1573076923 0.2524759615 0.8611057692 0.8441586538 2 1 0.7656923077 2 1 0.97725 2 0 0 0 0 0 0 0 0 0
3 0.9471754808 0.8846875 0.1056490385 0.230625 0.91271875 0.8511105769 2 1 0.7944975962 2 1 0.9305673077 2 0 0 0 0 0 0 0 0 0
3 0.6293028846 0.2112740385 0.2640865385 0.3545192308 0.7384879808 0.2206706731 2 0.5040552885 0.0478485577 2 0.5467692308 0.3716418269 2 0 0 0 0 0 0 0 0 0
3 0.8190264423 0.225 0.2483413462 0.3520673077 0.9289447115 0.2316947115 2 0.7089206731 0.0591802885 2 0.7358293269 0.3836346154 2 0 0 0 0 0 0 0 0 0
3 0.8488822115 0.1202644231 0.2735817308 0.2405288462 0.7421610577 0.06234375 2 0.9542716346 0.2158677885 2 0.8007283654 0 2 0 0 0 0 0 0 0 0 0
3 0.7449519231 0.1150360577 0.2620192308 0.2300721154 0.6392716346 0.0702572115 2 0.8624615385 0.2269471154 2 0.7073365385 0 2 0 0 0 0 0 0 0 0 0
3 0.6299519231 0.1045913462 0.2725961538 0.2091826923 0.52371875 0.0386033654 2 0.7500745192 0.1921274038 2 0.5522115385 0 2 0 0 0 0 0 0 0 0 0
3 0.5671514423 0.2234615385 0.1695432692 0.2779326923 0.6266081731 0.2142860577 2 0.4873125 0.3329879808 2 0.4873125 0.1066610577 2 0 0 0 0 0 0 0 0 0
3 0.5809615385 0.3448557692 0.2001923077 0.2658653846 0.4840024038 0.3823028846 2 0.6741802885 0.2203197115 2 0.6350480769 0.4746418269 2 0 0 0 0 0 0 0 0 0
3 0.8743509615 0.3539302885 0.2281730769 0.2461298077 0.7774879808 0.4136033654 2 0.97940625 0.2406658654 2 0.8815769231 0.4762067308 2 0 0 0 0 0 0 0 0 0
3 0.921875 0.3581730769 0.15625 0.2355769231 0.8674903846 0.3720264423 2 0.99740625 0.2546466346 2 0.9942764423 0.4565408654 2 0 0 0 0 0 0 0 0 0
3 0.2162259615 0.0847115385 0.1883653846 0.1694230769 0.1425336538 0.0342475962 2 0.1856754808 0 2 0.3008774038 0.1561754808 2 0 0 0 0 0 0 0 0 0
3 0.1694711538 0.0841346154 0.1899038462 0.1682692308 0.0979014423 0.0320745192 2 0.1397307692 0 2 0.2549326923 0.1561754808 2 0 0 0 0 0 0 0 0 0
3 0.1243509615 0.0847115385 0.1883653846 0.1694230769 0.0558581731 0.0300168269 2 0.0937884615 0 2 0.2067163462 0.1596033654 2 0 0 0 0 0 0 0 0 0
3 0.0859735577 0.0847115385 0.1705528846 0.1694230769 0.0085528846 0.0300168269 2 0.0464831731 0 2 0.1614591346 0.1575456731 2 0 0 0 0 0 0 0 0 0
