3 0.2408125 0.250921875 0.3529375 0.2279375 0.212315625 0.3409921875 2 0.07904375 0.1534921875 2 0.382353125 0.1452203125 2 0 0 0 0 0 0 0 0 0
3 0.24815625 0.20128125 0.3529375 0.2279375 0.21966875 0.2913609375 2 0.086396875 0.1038609375 2 0.38970625 0.0955875 2 0 0 0 0 0 0 0 0 0
3 0.253671875 0.150734375 0.3529375 0.2279375 0.225184375 0.240809375 2 0.101103125 0.0625 2 0.4025734375 0.054228125 2 0 0 0 0 0 0 0 0 0
3 0.260109375 0.11396875 0.3529375 0.2279375 0.2316171875 0.20404375 2 0.1112140625 0.0174640625 2 0.4090078125 0.0174640625 2 0 0 0 0 0 0 0 0 0
3 0.26425 0.06571875 0.2215 0.1314375 0.2444859375 0.1075375 2 0.1764703125 0 2 0.350184375 0 2 0 0 0 0 0 0 0 0 0
3 0.5919140625 0.0514609375 0.099265625 0.097421875 0.6066171875 0.07904375 2 0.5643375 0 2 0.6360296875 0.053309375 2 0 0 0 0 0 0 0 0 0
3 0.5689375 0.0716875 0.1158125 0.143375 0.6075375 0.1222421875 2 0.5266546875 0 2 0.6231625 0.1075359375 2 0 0 0 0 0 0 0 0 0
3 0.5459609375 0.0896171875 0.139703125 0.179234375 0.61029375 0.1617640625 2 0.4944859375 0 2 0.62591875 0.147059375 1 0 0 0 0 0 0 0 0 0
3 0.5275703125 0.11396875 0.150734375 0.18565625 0.5965078125 0.2003671875 2 0.4705875 0.0211390625 2 0.6148890625 0.1746328125 1 0 0 0 0 0 0 0 0 0
3 0.5294140625 0.164515625 0.150734375 0.18565625 0.59375 0.2288609375 2 0.4724265625 0.071690625 2 0.616728125 0.225184375 1 0 0 0 0 0 0 0 0 0
3 0.2573515625 0.0900703125 0.288609375 0.180140625 0.2362140625 0.15625 2 0.13970625 0 2 0.38970625 0 2 0 0 0 0 0 0 0 0 0
3 0.2665390625 0.0431953125 0.141546875 0.086390625 0.2518390625 0.0625 2 0.210478125 0 2 0.3106609375 0 2 0 0 0 0 0 0 0 0 0
3 0.7421953125 0.1801484375 0.272984375 0.183828125 0.65625 0.2481609375 2 0.6139703125 0.1433828125 2 0.850184375 0.1121328125 2 0 0 0 0 0 0 0 0 0
3 0.7201328125 0.2867734375 0.272984375 0.183828125 0.634190625 0.3547796875 2 0.5919125 0.25 2 0.828125 0.21875 2 0 0 0 0 0 0 0 0 0
3 0.7182890625 0.3717890625 0.291359375 0.199453125 0.64154375 0.4476109375 2 0.578125 0.290440625 2 0.835478125 0.31158125 2 0 0 0 0 0 0 0 0 0
3 0.6916328125 0.4627734375 0.291359375 0.199453125 0.614890625 0.538603125 2 0.5514703125 0.381434375 2 0.8088234375 0.4025734375 2 0 0 0 0 0 0 0 0 0
3 0.7637890625 0.112125 0.226109375 0.174625 0.71966875 0.1755515625 2 0.6599265625 0.022978125 2 0.86029375 0.07720625 2 0 0 0 0 0 0 0 0 0
3 0.9328984375 0.25459375 0.130515625 0.294125 0.9825375 0.3777578125 2 0.8860296875 0.117646875 2 0 0 0 0 0 0 0 0 0 0 0 0
3 0.9203125 0.35 0.159375 0.29375 0.9568015625 0.4733453125 2 0.86029375 0.2132359375 2 0 0 0 0 0 0 0 0 0 0 0 0
3 0.9203125 0.4640625 0.159375 0.29375 0.9568015625 0.5882359375 2 0.86029375 0.328125 2 0 0 0 0 0 0 0 0 0 0 0 0
3 0.8285859375 0.26884375 0.342828125 0.29503125 0.865809375 0.1534921875 2 0.6773890625 0.289521875 2 0.9669109375 0.3961390625 2 0 0 0 0 0 0 0 0 0
3 0.83515625 0.384375 0.3296875 0.28125 0.8795953125 0.2545953125 2 0.6911765625 0.390625 2 0.9806984375 0.4972421875 2 0 0 0 0 0 0 0 0 0
3 0.7895234375 0.481625 0.329046875 0.28125 0.8336390625 0.351103125 2 0.6452203125 0.4871328125 2 0.9347421875 0.59375 2 0 0 0 0 0 0 0 0 0
3 0.76378125 0.518375 0.27021875 0.20771875 0.8106609375 0.4393375 2 0.647059375 0.5569859375 2 0.884190625 0.6130515625 2 0 0 0 0 0 0 0 0 0
3 0.07578125 0.6703125 0.1515625 0.31875 0.12408125 0.6580875 2 0 0.5340078125 2 0 0.79595625 2 0 0 0 0 0 0 0 0 0
3 0.1144296875 0.677390625 0.228859375 0.44853125 0.2003671875 0.6700375 2 0 0.46966875 2 0.0183828125 0.890625 2 0 0 0 0 0 0 0 0 0
3 0.1489375 0.6897578125 0.297875 0.465453125 0.269378125 0.7325375 2 0 0.4700515625 2 0.125 0.9205734375 2 0 0 0 0 0 0 0 0 0
3 0.2225 0.7288203125 0.31740625 0.455046875 0.3527109375 0.7924328125 2 0.078125 0.5208328125 2 0.2486984375 0.9453125 2 0 0 0 0 0 0 0 0 0
3 0.298671875 0.7503046875 0.3369375 0.458953125 0.4386484375 0.80285 2 0.15625 0.53515625 2 0.3424484375 0.9739578125 2 0 0 0 0 0 0 0 0 0
3 0.6372109375 0.7932734375 0.271828125 0.216765625 0.609375 0.8854171875 2 0.7643234375 0.7721359375 2 0.5221359375 0.6953125 2 0 0 0 0 0 0 0 0 0
3 0.6254921875 0.8349453125 0.271828125 0.216765625 0.59765625 0.9270828125 2 0.7526046875 0.8138015625 2 0.5104171875 0.7369796875 2 0 0 0 0 0 0 0 0 0
3 0.622234375 0.88246875 0.2809375 0.2024375 0.58984375 0.9674484375 2 0.7486984375 0.8489578125 2 0.5026046875 0.7877609375 2 0 0 0 0 0 0 0 0 0
3 0.6125 0.9125 0.28125 0.175 0 0 0 0.7395828125 0.8939171875 2 0.4934890625 0.8327203125 2 0 0 0 0 0 0 0 0 0
3 0.60921875 0.935890625 0.2809375 0.12821875 0 0 0 0.7317703125 0.9296875 2 0.484375 0.875 2 0 0 0 0 0 0 0 0 0
3 0.600109375 0.9606328125 0.2809375 0.078734375 0 0 0 0.72265625 0.9791671875 2 0.4752609375 0.9244796875 2 0 0 0 0 0 0 0 0 0
3 0.838046875 0.8648984375 0.15725 0.216765625 0.86749375 0.95703125 2 0.91015625 0.9283859375 2 0.7838546875 0.7734375 2 0 0 0 0 0 0 0 0 0
3 0.82503125 0.900734375 0.15725 0.19853125 0 0 0 0.8971359375 0.9733453125 2 0.7708328125 0.818396875 2 0 0 0 0 0 0 0 0 0
3 0.818515625 0.924171875 0.15725 0.15165625 0 0 0 0 0 0 0.7643234375 0.865271875 2 0 0 0 0 0 0 0 0 0
3 0.802890625 0.9450078125 0.15725 0.109984375 0 0 0 0 0 0 0.7486984375 0.9069390625 2 0 0 0 0 0 0 0 0 0
3 0.7976875 0.9697421875 0.15725 0.060515625 0 0 0 0 0 0 0.7434890625 0.95641875 2 0 0 0 0 0 0 0 0 0
