2 0.7465679443 0.1335392157 0.0555400697 0.0333529412 0.769728223 0.1336352941 2 0.769728223 0.1492127451 2 0.7704390244 0.1184568627 2 0.7210905923 0.1332362745 2 0.7203815331 0.1468166667 2 0.721445993 0.1176578431 2
2 0.7462195122 0.1672941176 0.0555400697 0.0333529412 0.7693728223 0.1673862745 2 0.7693728223 0.1829647059 2 0.7693728223 0.1524078431 2 0.7207351916 0.1669872549 2 0.7200261324 0.1805676471 2 0.7210905923 0.1514098039 2
2 0.7366376307 0.1834705882 0.0555400697 0.0333529412 0.7594320557 0.1843617647 2 0.7590783972 0.1991411765 2 0.7597874564 0.1685852941 2 0.7111498258 0.1839627451 2 0.7104407666 0.1967441176 2 0.7115052265 0.1675862745 2
2 0.736271777 0.1495196078 0.0555400697 0.0333529412 0.7590783972 0.1496127451 2 0.7580121951 0.1641911765 2 0.7604982578 0.1348333333 2 0.7104407666 0.1488137255 2 0.7100853659 0.1627931373 2 0.7111498258 0.1336352941 2
2 0.6927961672 0.1311372549 0.0566027875 0.0325490196 0.7157648084 0.1314382353 2 0.7161202091 0.1466166667 2 0.7164756098 0.1164598039 2 0.6667735192 0.1304401961 2 0.6667735192 0.1410245098 2 0.6664181185 0.1158607843 2
2 0.6821602787 0.1435098039 0.0591637631 0.0349607843 0.6561219512 0.142822549 2 0.655412892 0.1576009804 2 0.6561219512 0.1274441176 2 0.7068902439 0.1438205882 2 0.7061794425 0.1593980392 2 0.7072456446 0.1292421569 2
2 0.691489547 0.1640882353 0.0558362369 0.0329607843 0.6657073171 0.1645901961 2 0.6653536585 0.1787705882 2 0.6657073171 0.1492127451 2 0.7164756098 0.1647901961 2 0.7161202091 0.1799686275 2 0.7164756098 0.1498117647 2
2 0.6820209059 0.1793627451 0.0546341463 0.0327647059 0.6568327526 0.1803676471 2 0.6568327526 0.1935490196 2 0.6568327526 0.1635921569 2 0.7065348432 0.1815666667 2 0.7061794425 0.1951470588 2 0.7065348432 0.1669872549 2
2 0.6373867596 0.1254411765 0.0576655052 0.0311764706 0.6113902439 0.1264460784 2 0.6113902439 0.1400264706 2 0.6106811847 0.1110676471 2 0.6635783972 0.1262460784 2 0.6635783972 0.1404254902 2 0.6632229965 0.1112676471 2
2 0.6263763066 0.1416176471 0.0576655052 0.0311764706 0.6003850174 0.142622549 2 0.6003850174 0.1562029412 2 0.599674216 0.1272441176 2 0.6525731707 0.142422549 2 0.6525731707 0.1566019608 2 0.65221777 0.1274441176 2
2 0.6372038328 0.1600882353 0.0572996516 0.0325686275 0.6113902439 0.1603970588 2 0.6113902439 0.173977451 2 0.6121010453 0.1442196078 2 0.6635783972 0.1601970588 2 0.6635783972 0.1755558824 2 0.6635783972 0.1450186275 2
2 0.627804878 0.1769607843 0.0576655052 0.0311764706 0.6014494774 0.176754902 2 0.601804878 0.1915519608 2 0.601804878 0.160977451 2 0.6536376307 0.1773539216 2 0.6529268293 0.1917323529 2 0.6536376307 0.1627931373 2
2 0.567804878 0.1274313725 0.0576655052 0.0311764706 0.5415017422 0.1285166667 2 0.5418066202 0.1420235294 2 0.5410958188 0.1130647059 2 0.5915592334 0.1281176471 2 0.5915592334 0.1424970588 2 0.5922700348 0.1127392157 2
2 0.5575087108 0.1440098039 0.0576655052 0.0335686275 0.5312073171 0.143895098 2 0.531510453 0.1574009804 2 0.5308013937 0.1284431373 2 0.5809094077 0.1454921569 2 0.5801986063 0.1596715686 2 0.5816184669 0.1295156863 2
2 0.5645993031 0.1611862745 0.0576655052 0.0311764706 0.5393728223 0.1616686275 2 0.5386114983 0.1757745098 2 0.5386620209 0.1458921569 2 0.5883641115 0.1618686275 2 0.5883641115 0.1762480392 2 0.5890749129 0.1464911765 2
2 0.5550174216 0.1779607843 0.0576655052 0.0311764706 0.5290766551 0.178245098 2 0.5287212544 0.1920254902 2 0.5290766551 0.1626676471 2 0.5787787456 0.178645098 2 0.5787787456 0.1930235294 2 0.5784233449 0.1644647059 2
2 0.5113501742 0.1271323529 0.0569512195 0.0317745098 0.4861202091 0.1267196078 2 0.4861202091 0.1363058824 2 0.4857648084 0.1115411765 2 0.5347560976 0.1267196078 2 0.534402439 0.1424970588 2 0.5347560976 0.1149362745 2
2 0.5010627178 0.1398137255 0.0576655052 0.0311764706 0.4758240418 0.1389019608 2 0.4754686411 0.1530813725 2 0.4751132404 0.124322549 2 0.5265923345 0.1397009804 2 0.5258815331 0.1548784314 2 0.5273013937 0.1259205882 2
2 0.5116724739 0.1599117647 0.0532752613 0.0326862745 0.535466899 0.1598715686 2 0.535466899 0.1742509804 2 0.5347560976 0.1442941176 2 0.5120313589 0.1748470588 2 0.4857648084 0.1728529412 2 0.4857108014 0.1748470588 2
2 0.4993902439 0.1749558824 0.0556445993 0.0309509804 0.4740487805 0.17465 2 0.4736933798 0.1882303922 2 0.4740487805 0.1598715686 2 0.5241062718 0.17465 2 0.5241062718 0.1896284314 2 0.5244616725 0.159472549 2
2 0.456533101 0.1215539216 0.0579790941 0.0325784314 0.4306968641 0.1225490196 2 0.4306968641 0.1370598039 2 0.4303919861 0.1076970588 2 0.4813763066 0.1218666667 2 0.4828937282 0.1358647059 2 0.4810731707 0.1058196078 2
2 0.4454878049 0.1381666667 0.056271777 0.0309019608 0.4200749129 0.1387676471 2 0.4200749129 0.1527656863 2 0.419771777 0.1237441176 2 0.4707543554 0.1391088235 2 0.4707543554 0.1532784314 2 0.4713606272 0.1247686275 2
2 0.4547996516 0.1551127451 0.0572996516 0.031127451 0.4294825784 0.1547980392 2 0.4294825784 0.1696509804 2 0.4291794425 0.1399460784 2 0.4807682927 0.1549696078 2 0.4810731707 0.1696509804 2 0.4807682927 0.1411411765 2
2 0.4435627178 0.1718480392 0.0572996516 0.031127451 0.4182543554 0.1715284314 2 0.4182543554 0.1863803922 2 0.4179512195 0.1566764706 2 0.4695400697 0.1716990196 2 0.4698432056 0.1863803922 2 0.4695400697 0.1582127451 2
2 0.3841811847 0.1145245098 0.056271777 0.031754902 0.3587735192 0.1146960784 2 0.3591515679 0.1281617647 2 0.3584703833 0.0996735294 2 0.4095278746 0.1148460784 2 0.4095278746 0.1303813725 2 0.4100609756 0.1006980392 2
2 0.372804878 0.1312598039 0.0583972125 0.031754902 0.3467090592 0.1312352941 2 0.3461010453 0.1450627451 2 0.3472421603 0.1164039216 2 0.3989059233 0.1317470588 2 0.3989059233 0.1462578431 2 0.3989059233 0.1179196078 2
2 0.3761324042 0.1655735294 0.0583972125 0.031754902 0.3500470383 0.1655490196 2 0.3494390244 0.1793764706 2 0.3505801394 0.1507176471 2 0.4022439024 0.1660607843 2 0.4022439024 0.1805715686 2 0.4022439024 0.1522333333 2
2 0.3859930314 0.1490098039 0.056271777 0.0320980392 0.3606689895 0.1498431373 2 0.3606689895 0.1643539216 2 0.3602909408 0.1353529412 2 0.4113484321 0.1498431373 2 0.4122578397 0.1645245098 2 0.4110452962 0.1332833333 2
2 0.3193815331 0.1636911765 0.0577874564 0.031754902 0.2929947735 0.1636705882 2 0.2920836237 0.1776696078 2 0.2935278746 0.1488392157 2 0.3445836237 0.1638411765 2 0.3451916376 0.1786941176 2 0.3448885017 0.1489892157 2
2 0.3295470383 0.1471372549 0.056271777 0.0320980392 0.3042229965 0.1479647059 2 0.3042229965 0.1624754902 2 0.3038449477 0.1334754902 2 0.3555087108 0.1481362745 2 0.3558135889 0.1626460784 2 0.3552055749 0.1329421569 2
2 0.3151393728 0.1271617647 0.0583972125 0.031754902 0.2890487805 0.1271382353 2 0.2884425087 0.1409656863 2 0.2895818815 0.1123068627 2 0.3412456446 0.12765 2 0.3412456446 0.1421607843 2 0.3412456446 0.113822549 2
2 0.3257578397 0.1126519608 0.0595993031 0.031754902 0.3002770035 0.1131392157 2 0.3005818815 0.1259431373 1 0.2993675958 0.0976039216 2 0.3530818815 0.112627451 2 0.3533850174 0.1269666667 2 0.3524738676 0.0969215686 2
2 0.2671428571 0.1046519608 0.0605923345 0.0330294118 0.2414041812 0.1061401961 2 0.2426184669 0.1209921569 2 0.2395836237 0.0900931373 2 0.2936010453 0.1054568627 2 0.294815331 0.1201382353 2 0.2926916376 0.0888980392 2
2 0.2586933798 0.1268186275 0.0583972125 0.031754902 0.2316933798 0.1266107843 2 0.2316933798 0.1417627451 2 0.2319738676 0.1117745098 2 0.2848013937 0.1267803922 2 0.2847996516 0.1418196078 2 0.2847996516 0.1134803922 2
2 0.2717944251 0.1433284314 0.0594425087 0.0315980392 0.2460017422 0.1441303922 2 0.2457212544 0.1586519608 2 0.2454407666 0.1289784314 2 0.2984703833 0.1441303922 2 0.2990313589 0.158177451 2 0.2984703833 0.1283470588 2
2 0.2629094077 0.1605931373 0.0583972125 0.031754902 0.2359006969 0.1603872549 2 0.2359006969 0.1755401961 2 0.2361829268 0.1455509804 2 0.2890087108 0.1605568627 2 0.2890087108 0.1755960784 2 0.2890087108 0.1472568627 2
2 0.8740156794 0.2713088235 0.0476480836 0.0434803922 0.8733536585 0.2519088235 2 0.8960679443 0.2519088235 2 0.8510958188 0.2519088235 2 0.8749442509 0.2917735294 2 0.8972038328 0.2917735294 2 0.8520034843 0.2917735294 2
2 0.8753745645 0.3136029412 0.0490069686 0.0434803922 0.8751707317 0.2942009804 2 0.8967491289 0.2942009804 2 0.8517770035 0.2942009804 2 0.8756254355 0.3344490196 2 0.8987926829 0.3344490196 2 0.852684669 0.334577451 2
2 0.8501655052 0.3095784314 0.0490069686 0.0430980392 0.8499599303 0.2889617647 2 0.8715365854 0.2889617647 2 0.8265644599 0.2889617647 2 0.8499599303 0.3293382353 2 0.8735818815 0.3292107843 2 0.8274738676 0.3293382353 2
2 0.8474303136 0.2674754902 0.0490069686 0.0419509804 0.8472334495 0.2474362745 2 0.8688118467 0.2474362745 2 0.8238397213 0.2474362745 2 0.8481428571 0.2873009804 2 0.8708554007 0.2873009804 2 0.8240662021 0.2873009804 2
2 0.8225609756 0.3151960784 0.0510452962 0.0430980392 0.8222491289 0.2949676471 2 0.844054007 0.2948401961 2 0.7968101045 0.295095098 2 0.8222491289 0.3349598039 2 0.8474616725 0.3349598039 2 0.7990818815 0.3349598039 2
2 0.8214285714 0.2718823529 0.0510452962 0.0430980392 0.8206585366 0.2520362745 2 0.8447351916 0.2519088235 2 0.7965836237 0.2520362745 2 0.8222491289 0.2922843137 2 0.8451898955 0.2922843137 2 0.7963554007 0.2921568627 2
2 0.7930313589 0.2686862745 0.0510452962 0.0430980392 0.7922665505 0.2488421569 2 0.8161167247 0.2488421569 2 0.7681916376 0.2488421569 2 0.7938571429 0.2890901961 2 0.8167979094 0.2890901961 2 0.7702351916 0.2888343137 2
2 0.7931533101 0.3105980392 0.053554007 0.0430980392 0.7945383275 0.2908784314 2 0.8192961672 0.2907509804 2 0.7668275261 0.2907509804 2 0.795674216 0.3304882353 2 0.8188414634 0.3304882353 2 0.7700087108 0.3304882353 2
2 0.7685017422 0.2734803922 0.0510452962 0.0447647059 0.7677369338 0.2528029412 2 0.7915853659 0.2528029412 2 0.7436602787 0.2528029412 2 0.7682595819 0.2940519608 2 0.7934703833 0.2939245098 2 0.7430470383 0.2940519608 2
2 0.7689547038 0.3168627451 0.0510452962 0.0428431373 0.7681916376 0.296372549 2 0.7920400697 0.296372549 2 0.7441149826 0.296372549 2 0.7684860627 0.3368558824 2 0.7932439024 0.3368558824 2 0.7435017422 0.3368558824 2
2 0.7413675958 0.2696421569 0.048554007 0.0429705882 0.7410034843 0.2494656863 2 0.763261324 0.2494656863 2 0.7180627178 0.2494656863 2 0.7423658537 0.2893245098 2 0.7653066202 0.2892029412 2 0.7171533101 0.2893245098 2
2 0.7399912892 0.3128382353 0.048554007 0.0429705882 0.7396393728 0.2926529412 2 0.7618989547 0.2926529412 1 0.7166986063 0.2926529412 2 0.7421376307 0.3331568627 2 0.7630348432 0.3330294118 2 0.7178344948 0.3332843137 2
2 0.6911585366 0.2767156863 0.0466027875 0.0428235294 0.6898954704 0.2569803922 2 0.6683188153 0.2569803922 2 0.7142003484 0.2569803922 2 0.6896689895 0.2968460784 2 0.6678641115 0.2968460784 2 0.7132909408 0.2969735294 2
2 0.6897996516 0.3195196078 0.0488675958 0.0428235294 0.6896689895 0.2997843137 2 0.6680905923 0.2997843137 2 0.7139721254 0.2997843137 2 0.6892142857 0.3392656863 2 0.6660470383 0.3393941176 2 0.7132909408 0.3391382353 2
2 0.6645905923 0.3143382353 0.0488675958 0.0426960784 0.6644581882 0.2945460784 2 0.6428797909 0.2945460784 2 0.688761324 0.2945460784 2 0.6640034843 0.334027451 2 0.6408344948 0.334154902 2 0.6876254355 0.3339 2
2 0.6641376307 0.2712794118 0.0488675958 0.0426960784 0.6640034843 0.2514862745 2 0.6424250871 0.2514862745 2 0.6883066202 0.2514862745 2 0.6642299652 0.2914794118 2 0.6421986063 0.2914794118 2 0.6878519164 0.2913509804 2
2 0.6382317073 0.2749215686 0.0488675958 0.0430784314 0.6390174216 0.2551921569 2 0.614261324 0.2550647059 2 0.662412892 0.2549362745 2 0.6392456446 0.2949294118 2 0.6160783972 0.2949294118 2 0.6619581882 0.2950568627 2
2 0.6389285714 0.3177254902 0.0488675958 0.0430784314 0.6392456446 0.2978676471 2 0.6149425087 0.2978676471 2 0.6630940767 0.2977401961 2 0.6394721254 0.3378607843 2 0.6149425087 0.3381156863 2 0.662641115 0.3378607843 2
2 0.6141637631 0.3135098039 0.0538675958 0.0430784314 0.6135801394 0.2933960784 2 0.5874581882 0.2932676471 2 0.6410627178 0.2932676471 2 0.6128972125 0.3333882353 2 0.5888222997 0.3333882353 2 0.6353850174 0.3333882353 2
2 0.6127961672 0.2704509804 0.0488675958 0.0430784314 0.6135801394 0.2507196078 2 0.5888222997 0.2505921569 2 0.6369738676 0.2504647059 2 0.6126707317 0.2907127451 2 0.5890487805 0.2907127451 2 0.6358379791 0.2907127451 2
2 0.586228223 0.2741568627 0.0488675958 0.0430784314 0.5857212544 0.2544607843 2 0.5622473868 0.2542980392 2 0.6103989547 0.2541696078 2 0.5866289199 0.2949647059 2 0.5627804878 0.2950921569 2 0.6095696864 0.2948372549 2
2 0.5871341463 0.3182352941 0.0488675958 0.0430784314 0.5866289199 0.2979029412 2 0.5634616725 0.2979029412 2 0.6118414634 0.2979029412 2 0.5870836237 0.3384068627 2 0.5625522648 0.3382794118 2 0.6109320557 0.3384068627 2
2 0.5610191638 0.3133823529 0.0488675958 0.0430784314 0.560054007 0.2931754902 2 0.5373414634 0.2930480392 2 0.5857212544 0.2930480392 2 0.5602804878 0.3335519608 2 0.5375679443 0.3335519608 2 0.5848118467 0.3331686275 2
2 0.5596515679 0.2701960784 0.0516027875 0.0430784314 0.5586916376 0.249872549 2 0.5346149826 0.2498607843 2 0.5829947735 0.2498607843 2 0.5595993031 0.290504902 2 0.5355243902 0.2903764706 2 0.5836759582 0.290504902 2
2 0.3884320557 0.2859460784 0.0481881533 0.0402647059 0.3883554007 0.2678588235 2 0.366097561 0.2676392157 2 0.4113954704 0.2681882353 2 0.3865993031 0.3049833333 2 0.3649268293 0.3049833333 2 0.4080766551 0.3052029412 2
2 0.3858710801 0.3269215686 0.0469686411 0.041745098 0.3862090592 0.3072696078 2 0.3631689895 0.3069401961 2 0.4086620209 0.3075990196 2 0.3838658537 0.3450529412 2 0.3625836237 0.3448323529 2 0.407489547 0.3458215686 2
2 0.3604703833 0.3298578431 0.0477003484 0.0424803922 0.360825784 0.310354902 2 0.339543554 0.310245098 2 0.3838658537 0.310245098 2 0.3596550523 0.3486872549 2 0.3370052265 0.3484676471 2 0.3824982578 0.3490166667 2
2 0.3631533101 0.2894509804 0.0475958188 0.0400784314 0.3627787456 0.2707245098 2 0.3424721254 0.2706147059 2 0.3860121951 0.2707245098 2 0.3618013937 0.3079588235 2 0.3403240418 0.3078490196 2 0.3838658537 0.3081784314 2
2 0.3383623693 0.2837401961 0.0495818815 0.0405196078 0.3379825784 0.2647941176 2 0.3157229965 0.2647941176 2 0.3625836237 0.2649039216 2 0.3370052265 0.3027558824 2 0.313966899 0.3026558824 2 0.360630662 0.3029754902 2
2 0.336141115 0.3243235294 0.0478571429 0.0409803922 0.3360296167 0.3050519608 2 0.313771777 0.3049421569 2 0.3590696864 0.3050519608 2 0.3356393728 0.343054902 2 0.3124041812 0.343054902 2 0.3567264808 0.3431647059 2
2 0.3109843206 0.3289068627 0.0459756098 0.0412647059 0.3102560976 0.309895098 2 0.2884268293 0.3098088235 2 0.3332961672 0.309895098 2 0.3104512195 0.3478980392 2 0.2886219512 0.3478117647 2 0.3334912892 0.3481176471 2
2 0.3117682927 0.2882794118 0.0470557491 0.0398137255 0.3116620209 0.2696401961 2 0.2905749129 0.2695303922 2 0.3348972125 0.26975 2 0.3118571429 0.3069843137 2 0.2890121951 0.3069843137 2 0.3329442509 0.3069843137 2
2 0.2883188153 0.2833676471 0.0470209059 0.0406568627 0.2874512195 0.2649176471 2 0.2648013937 0.2649176471 2 0.3100993031 0.265027451 2 0.2864738676 0.3024803922 2 0.2649965157 0.3023705882 2 0.3097090592 0.3027009804 2
2 0.286533101 0.3240441176 0.0442508711 0.0407352941 0.2862787456 0.3049862745 2 0.2651933798 0.3049862745 2 0.3085383275 0.3050960784 2 0.2862404181 0.3426715686 2 0.2648013937 0.3432088235 2 0.3079512195 0.3433186275 2
2 0.2611759582 0.3282647059 0.0474041812 0.0408627451 0.2605069686 0.3092696078 2 0.2385400697 0.3091127451 2 0.2843275261 0.3091598039 2 0.2605069686 0.3467235294 2 0.2384442509 0.3466137255 2 0.2837421603 0.3470529412 2
2 0.2617421603 0.2874362745 0.0479790941 0.0398921569 0.2619703833 0.2689333333 2 0.2391254355 0.2686039216 2 0.2854006969 0.2687137255 2 0.2614233449 0.3056666667 2 0.2379547038 0.3060578431 2 0.2854006969 0.306277451 2
2 0.2137195122 0.2808921569 0.0468118467 0.0402156863 0.2141341463 0.262672549 2 0.1938292683 0.262672549 2 0.2361968641 0.2625627451 2 0.2121829268 0.2997970588 2 0.1916811847 0.299577451 2 0.2348310105 0.3000166667 2
2 0.211271777 0.3219705882 0.0493379791 0.0402156863 0.2121829268 0.3036205882 2 0.1879703833 0.3035107843 2 0.2356114983 0.3035107843 2 0.2100348432 0.3403058824 2 0.1868170732 0.3398284314 2 0.2340505226 0.3409647059 2
2 0.1875522648 0.2839117647 0.0468118467 0.0407647059 0.1872073171 0.2653803922 2 0.1649494774 0.2653803922 2 0.2100348432 0.2653088235 2 0.1868170732 0.3030539216 2 0.1647543554 0.3030539216 2 0.209466899 0.3029441176 2
2 0.1857055749 0.3249901961 0.0481707317 0.0407647059 0.1860365854 0.3064588235 2 0.1637787456 0.3064588235 2 0.209271777 0.3064588235 2 0.1856463415 0.3441323529 2 0.161630662 0.3439127451 2 0.2090766551 0.3442421569 2
2 0.1343554007 0.3236813725 0.0489547038 0.0409901961 0.1342961672 0.3045911765 2 0.1118432056 0.3043715686 2 0.1583118467 0.3045911765 2 0.1341010453 0.3423745098 2 0.1104756098 0.3423745098 2 0.1569442509 0.3422647059 2
2 0.1627787456 0.2789362745 0.0487630662 0.0401078431 0.1620209059 0.260327451 2 0.1383954704 0.260327451 2 0.1864268293 0.260327451 2 0.162445993 0.2972715686 2 0.1395679443 0.2977813725 2 0.1844738676 0.2978911765 2
2 0.1362108014 0.2827843137 0.0479616725 0.0405294118 0.1368919861 0.2639529412 2 0.1148292683 0.2638431373 2 0.1597369338 0.2640627451 2 0.1358919861 0.3013166667 2 0.1124860627 0.3018460784 2 0.1585644599 0.3019558824 2
2 0.1101567944 0.277622549 0.051184669 0.0407352941 0.1109250871 0.2587803922 2 0.0880801394 0.2587803922 2 0.1355261324 0.2587803922 2 0.1095574913 0.2966735294 2 0.0869094077 0.2966735294 2 0.1327926829 0.2967833333 2
2 0.1087456446 0.3185343137 0.0503135889 0.0412843137 0.1095574913 0.2994186275 2 0.0882752613 0.2994186275 1 0.1333780488 0.2994186275 2 0.1083867596 0.3374215686 2 0.0845662021 0.3374215686 2 0.1322073171 0.3375313725 2
2 0.0845121951 0.2813137255 0.0490940767 0.0412941176 0.0851515679 0.262304902 2 0.0626986063 0.262304902 2 0.1083867596 0.2624147059 2 0.0843710801 0.300527451 2 0.0611358885 0.300527451 2 0.1083867596 0.3006372549 2
2 0.0832665505 0.3223186275 0.048554007 0.0414215686 0.0833937282 0.303372549 2 0.0615261324 0.3032637255 2 0.106043554 0.3034833333 2 0.0837857143 0.3414862745 2 0.058402439 0.3413764706 2 0.106043554 0.3412656863 2
2 0.1613763066 0.3191470588 0.0478745645 0.0413529412 0.1607857143 0.2998088235 2 0.1394006969 0.2998088235 2 0.1830452962 0.2998088235 2 0.1594773519 0.3382343137 2 0.1374355401 0.3381117647 2 0.1832648084 0.3386029412 2
2 0.1686585366 0.3807941176 0.0563066202 0.0319411765 0.1671655052 0.3670509804 2 0.1425243902 0.3666264706 2 0.1940696864 0.3674754902 2 0.1674163763 0.3951990196 2 0.1417700348 0.3946333333 2 0.1938188153 0.3957647059 2
2 0.1691724739 0.4123627451 0.0568118467 0.0327058824 0.1676689895 0.3985941176 2 0.1427752613 0.3984529412 1 0.1963327526 0.3988764706 2 0.165815331 0.4258656863 2 0.1410156794 0.4251862745 2 0.1928135889 0.4270254902 2
2 0.1676132404 0.4428186275 0.0551916376 0.0331666667 0.1664111498 0.4287098039 2 0.142271777 0.4278607843 2 0.1945731707 0.4295578431 2 0.1646515679 0.4571411765 2 0.140261324 0.4564333333 2 0.1918066202 0.4577068627 2
2 0.1382229965 0.3836764706 0.0572473868 0.0327647059 0.1383275261 0.3701764706 2 0.1116672474 0.3694794118 2 0.166228223 0.3705254902 2 0.1378414634 0.3986519608 2 0.1118745645 0.3988931373 2 0.1633362369 0.3992421569 2
2 0.1377003484 0.4154607843 0.0566202091 0.0319607843 0.1383275261 0.4012186275 2 0.1118745645 0.4011019608 2 0.165402439 0.4014509804 2 0.1377090592 0.4298186275 2 0.1093937282 0.4293539216 2 0.1656080139 0.4300509804 2
2 0.1354878049 0.4465637255 0.0571428571 0.0323039216 0.136674216 0.4322607843 2 0.1114616725 0.4321441176 2 0.1629216028 0.4323764706 2 0.1358484321 0.4600470588 2 0.1079477352 0.4599303922 2 0.1618885017 0.4602794118 2
2 0.1081271777 0.3787352941 0.0549303136 0.0300980392 0.1079477352 0.365177451 2 0.0841811847 0.3650617647 2 0.134195122 0.3650617647 2 0.1077648084 0.3924882353 2 0.0819076655 0.3929637255 2 0.1335749129 0.3930803922 2
2 0.1064111498 0.4102990196 0.0556097561 0.0323039216 0.1058815331 0.3954058824 2 0.0817003484 0.3951735294 2 0.134195122 0.3954058824 2 0.1062944251 0.4242382353 2 0.0796341463 0.4242382353 2 0.1329547038 0.4244705882 2
2 0.1066724739 0.4410588235 0.0544947735 0.0316470588 0.1062944251 0.4268794118 2 0.0806672474 0.4266470588 2 0.1323344948 0.4269960784 2 0.1065017422 0.4553637255 2 0.0800470383 0.4553637255 2 0.1331620209 0.4555960784 2
2 0.0774216028 0.3830833333 0.0538675958 0.0309509804 0.076533101 0.3690254902 2 0.0521463415 0.3691411765 2 0.1029878049 0.3690254902 2 0.0769477352 0.3973931373 2 0.0523536585 0.3973931373 2 0.1031933798 0.3972764706 2
2 0.0781533101 0.4144362745 0.0540766551 0.0314803922 0.0763275261 0.400045098 2 0.0513205575 0.3999509804 2 0.1038135889 0.3999509804 2 0.0771533101 0.4287617647 2 0.0509059233 0.4287617647 2 0.1044337979 0.4287617647 2
2 0.077195122 0.4460343137 0.0571080139 0.031245098 0.0769477352 0.4318892157 2 0.0552473868 0.4317735294 2 0.1044337979 0.4317735294 2 0.0767404181 0.4595598039 2 0.0498728223 0.4596764706 2 0.1044337979 0.4595598039 2
2 0.2866202091 0.3883284314 0.0572473868 0.0302058824 0.2863379791 0.3745323529 2 0.2619494774 0.3744166667 2 0.3136184669 0.3748813725 2 0.2862317073 0.4021333333 2 0.2602648084 0.4022647059 2 0.3117247387 0.4026137255 2
2 0.2277264808 0.3872647059 0.0551393728 0.0301176471 0.2272299652 0.3738352941 2 0.2030487805 0.3737186275 2 0.254510453 0.3740676471 2 0.2266097561 0.4010401961 2 0.2013954704 0.4011568627 2 0.2518240418 0.401272549 2
2 0.2577787456 0.3848186275 0.0553135889 0.0312843137 0.257641115 0.3708421569 2 0.2311567944 0.3705794118 2 0.2834337979 0.3710401961 2 0.2572891986 0.3990656863 2 0.2325557491 0.3988666667 2 0.2836114983 0.3989666667 2
2 0.2261933798 0.4184460784 0.0537108014 0.0317941176 0.2263728223 0.4040254902 2 0.2025226481 0.403727451 2 0.2525191638 0.4039264706 2 0.2260191638 0.4322490196 2 0.2002264808 0.4319509804 2 0.2516358885 0.4325480392 2
2 0.2252787456 0.4485392157 0.0550522648 0.0307843137 0.226195122 0.4345166667 2 0.2009320557 0.4345166667 2 0.2518118467 0.4347156863 2 0.2249581882 0.4619460784 2 0.1984599303 0.4618460784 2 0.2519878049 0.4622441176 2
2 0.2568728223 0.4142745098 0.0539198606 0.029372549 0.2558745645 0.4006460784 2 0.2323797909 0.4004480392 2 0.2834337979 0.4004480392 2 0.2564982578 0.4277107843 2 0.2318484321 0.4280754902 2 0.2814912892 0.4281745098 2
2 0.2543728223 0.444754902 0.0549477352 0.031 0.2539320557 0.4302431373 2 0.2291986063 0.4303431373 2 0.2809616725 0.4300441176 2 0.2539320557 0.4580696078 2 0.2277857143 0.4578705882 2 0.2804320557 0.4582686275 2
2 0.2838675958 0.4489607843 0.055261324 0.0305490196 0.2839651568 0.4354107843 2 0.2585243902 0.4352117647 2 0.3101114983 0.4357088235 2 0.2821986063 0.4623431373 2 0.2565818815 0.462045098 2 0.3079912892 0.4623431373 2
2 0.284912892 0.419 0.0531358885 0.0304901961 0.285554007 0.4053264706 2 0.2594076655 0.405227451 2 0.3102874564 0.4054264706 2 0.284141115 0.4333519608 2 0.2587020906 0.4332529412 2 0.3104634146 0.4335509804 2
2 0.3160627178 0.385122549 0.0533101045 0.0314607843 0.3155609756 0.3721303922 2 0.2902979094 0.3705401961 2 0.3410017422 0.372727451 2 0.3137944251 0.3994598039 2 0.2897682927 0.3988637255 2 0.3390574913 0.3995598039 2
2 0.3150609756 0.4157745098 0.0523519164 0.0307647059 0.314325784 0.4027303922 2 0.2911829268 0.4022333333 1 0.3408240418 0.4033264706 2 0.3123815331 0.4299607843 2 0.289238676 0.4295627451 2 0.338174216 0.4301598039 2
2 0.3126393728 0.44625 0.0535017422 0.0315784314 0.3120278746 0.4317303922 2 0.289238676 0.4310352941 2 0.3387038328 0.432227451 2 0.3099076655 0.4591598039 2 0.2860592334 0.4582656863 2 0.3349947735 0.4602529412 2
2 0.3700609756 0.3915147059 0.0518641115 0.030245098 0.3710731707 0.3785794118 2 0.3955191638 0.3788598039 2 0.3471289199 0.3782990196 2 0.370325784 0.4055196078 2 0.3927752613 0.4058009804 2 0.3458815331 0.4053794118 2
2 0.3666811847 0.4214558824 0.0505749129 0.0287352941 0.3690783972 0.4086068627 2 0.3446341463 0.4084666667 2 0.3910278746 0.4087470588 2 0.3683310105 0.4345656863 2 0.3426393728 0.4349862745 2 0.3905296167 0.4347058824 2
2 0.368728223 0.4513431373 0.051184669 0.0301372549 0.3690121951 0.437577451 2 0.3443850174 0.4377921569 2 0.3938188153 0.437577451 2 0.3694216028 0.4645647059 2 0.3442055749 0.4649107843 2 0.3938188153 0.4649107843 2
2 0.3970993031 0.3874803922 0.0532926829 0.0294313725 0.3975087108 0.3742833333 2 0.3724982578 0.3739382353 2 0.4210853659 0.3741686275 2 0.3977142857 0.4010401961 2 0.3710627178 0.4009245098 2 0.422315331 0.4009245098 2
2 0.396228223 0.4166519608 0.052804878 0.0307745098 0.397304878 0.4029794118 2 0.3710627178 0.4029794118 2 0.4217003484 0.4027480392 2 0.3970993031 0.4303117647 2 0.3706533101 0.4301970588 2 0.4212909408 0.430427451 2
2 0.3961324042 0.4468186275 0.051358885 0.0294411765 0.3962787456 0.4331735294 2 0.3716777003 0.4330578431 2 0.4212909408 0.4332892157 2 0.3960749129 0.4603911765 2 0.3704477352 0.4605068627 2 0.4206759582 0.4605068627 2
2 0.4254181185 0.3918627451 0.0509059233 0.0300980392 0.4247752613 0.3785401961 2 0.4005836237 0.3781941176 2 0.4491724739 0.3786558824 2 0.4241620209 0.4061039216 2 0.400174216 0.4061039216 2 0.4487630662 0.4061039216 2
2 0.4240766551 0.4220490196 0.0519163763 0.0294313725 0.4243658537 0.4088607843 2 0.4011986063 0.4085147059 2 0.448966899 0.4089764706 2 0.4233414634 0.4356166667 2 0.3983292683 0.4355019608 2 0.4485574913 0.4357323529 2
2 0.4229442509 0.4517745098 0.0508710801 0.0296862745 0.4227264808 0.4380176471 2 0.398738676 0.4379019608 2 0.447533101 0.4382480392 2 0.4217003484 0.4646588235 2 0.3975087108 0.4645431373 2 0.4465069686 0.4647735294 2
2 0.452456446 0.3885294118 0.0549477352 0.0307647059 0.4530679443 0.3750803922 2 0.4292857143 0.3742735294 2 0.478489547 0.3749647059 2 0.4510174216 0.4022980392 2 0.4253902439 0.4012598039 2 0.4756202091 0.4033362745 2
2 0.4526916376 0.4179117647 0.0537804878 0.0308039216 0.4524529617 0.4047088235 2 0.4290818815 0.4033254902 2 0.478695122 0.4057470588 2 0.4495836237 0.4315803922 2 0.4260069686 0.4311196078 2 0.4750052265 0.4321568627 2
2 0.4498606272 0.4477058824 0.0518118467 0.0309019608 0.4499930314 0.4344421569 2 0.4262108014 0.4329431373 2 0.4758240418 0.4352490196 2 0.4485574913 0.4610833333 2 0.4249808362 0.4606215686 2 0.4737752613 0.4618901961 2
2 0.5142421603 0.3784117647 0.0592160279 0.0328039216 0.5127264808 0.3641352941 2 0.4858710801 0.3643656863 2 0.5397891986 0.3637892157 2 0.5135470383 0.3934284314 2 0.487510453 0.3937745098 2 0.5424547038 0.3931980392 2
2 0.510261324 0.4096617647 0.057804878 0.0320686275 0.5092421603 0.3960598039 2 0.4819756098 0.3961745098 2 0.5338432056 0.3955980392 2 0.5100627178 0.4244303922 2 0.4844355401 0.4244303922 2 0.5385592334 0.424545098 2
2 0.5111149826 0.4417156863 0.0533449477 0.0320784314 0.5108815331 0.4271872549 2 0.4860749129 0.4273029412 2 0.5371236934 0.4270715686 2 0.5104721254 0.4560196078 2 0.4852543554 0.4564813725 2 0.5369181185 0.4557892157 2
2 0.5404616725 0.4455931373 0.0544076655 0.0319705882 0.539912892 0.4312460784 2 0.5136724739 0.4312460784 2 0.5661550523 0.4312460784 2 0.5403240418 0.4598480392 2 0.513261324 0.4601941176 2 0.5661550523 0.4597323529 2
2 0.5397996516 0.4140441176 0.0535017422 0.0305392157 0.5382735192 0.4003598039 2 0.5138763066 0.4003598039 2 0.5643101045 0.4001294118 2 0.5388885017 0.4283852941 2 0.5146968641 0.4283852941 2 0.5663606272 0.4281539216 2
2 0.5425696864 0.3828970588 0.0540940767 0.0324215686 0.5427839721 0.3683088235 2 0.5161324042 0.3683088235 2 0.5677944251 0.3683088235 2 0.5427839721 0.3980647059 2 0.5165418118 0.3981794118 2 0.5690261324 0.3979490196 2
2 0.5718292683 0.3783333333 0.056445993 0.0313921569 0.5727160279 0.3638117647 2 0.5452439024 0.3638117647 2 0.5991620209 0.3638117647 2 0.5729198606 0.393104902 2 0.545858885 0.3932205882 2 0.5989581882 0.393104902 2
2 0.5733623693 0.4094901961 0.0550174216 0.0317843137 0.5735348432 0.3949392157 2 0.5468832753 0.3948245098 2 0.5997770035 0.3948245098 2 0.5733310105 0.4242333333 2 0.5464738676 0.4240019608 2 0.6008031359 0.4240019608 2
2 0.569869338 0.4412156863 0.0537456446 0.0312941176 0.5684094077 0.4265284314 2 0.5438083624 0.4264137255 2 0.5940365854 0.4266441176 2 0.5686149826 0.455822549 2 0.5429878049 0.4557068627 2 0.5958815331 0.455822549 2
2 0.5980226481 0.4460637255 0.0538850174 0.0319705882 0.5973170732 0.431372549 2 0.5721010453 0.4314882353 2 0.6231498258 0.4314882353 2 0.5983432056 0.4606666667 2 0.5716898955 0.4606666667 2 0.6245836237 0.4605509804 2
2 0.6028222997 0.4142696078 0.0520209059 0.0309901961 0.6026480836 0.3996568627 2 0.5790714286 0.3996568627 2 0.6276585366 0.399772549 2 0.6024425087 0.4287205882 2 0.5778414634 0.4288352941 2 0.6284790941 0.428604902 2
2 0.6021080139 0.3830245098 0.0534494774 0.0323627451 0.602033101 0.3684137255 2 0.5764059233 0.3682980392 2 0.6272491289 0.3685294118 2 0.6022369338 0.397822549 2 0.5776358885 0.397822549 2 0.6284790941 0.3975921569 2
2 0.6587456446 0.379377451 0.054738676 0.0313039216 0.659674216 0.3653911765 2 0.6328170732 0.3651607843 2 0.6842752613 0.3653911765 2 0.6594686411 0.3941088235 2 0.6322020906 0.3941088235 2 0.6838658537 0.393877451 2
2 0.6579965157 0.4108578431 0.0540418118 0.0319705882 0.658238676 0.3960578431 2 0.6311759582 0.3962892157 2 0.6836602787 0.3960578431 2 0.658238676 0.4250058824 2 0.6324059233 0.4251205882 2 0.6828397213 0.4246598039 2
2 0.6592334495 0.4417303922 0.0548780488 0.0320294118 0.658033101 0.4274166667 2 0.6350714286 0.4276470588 2 0.6828397213 0.4270705882 2 0.6588536585 0.4560186275 2 0.6319965157 0.4563647059 2 0.6857108014 0.4560186275 2
2 0.6875 0.3848284314 0.054825784 0.0319313725 0.6885801394 0.3704656863 2 0.6621341463 0.3701196078 2 0.714412892 0.3703509804 2 0.6879651568 0.3995284314 2 0.6602891986 0.3991833333 2 0.7133867596 0.3997598039 2
2 0.687325784 0.4164754902 0.0540592334 0.0313627451 0.6871445993 0.4018245098 2 0.6615191638 0.4018245098 2 0.7135923345 0.4018245098 2 0.6871445993 0.4306568627 2 0.6604930314 0.4306568627 2 0.7131829268 0.430772549 2
2 0.6872212544 0.4471960784 0.0542682927 0.0308039216 0.6879651568 0.4328372549 2 0.6611080139 0.4326068627 2 0.7140017422 0.4330676471 2 0.6881707317 0.4614392157 2 0.6606986063 0.4615539216 2 0.7137979094 0.4616696078 2
2 0.7165592334 0.3796323529 0.0541986063 0.0315392157 0.7161428571 0.3658088235 2 0.7436602787 0.3656568627 2 0.6902439024 0.3656568627 2 0.7169529617 0.3943411765 2 0.7431219512 0.3941892157 2 0.6902439024 0.3941892157 2
2 0.7157665505 0.4113676471 0.0542857143 0.030872549 0.7158728223 0.3979686275 2 0.6888954704 0.3976656863 2 0.7428519164 0.3976656863 2 0.7153327526 0.4254382353 2 0.6886254355 0.4254382353 2 0.7420418118 0.4255901961 2
2 0.7162630662 0.4426323529 0.0541986063 0.030872549 0.7161428571 0.4283215686 2 0.6905139373 0.4283215686 2 0.7428519164 0.4283215686 2 0.7150644599 0.4568539216 2 0.6897038328 0.4568539216 2 0.7420418118 0.4568539216 2
2 0.7445470383 0.4471862745 0.0551916376 0.0317843137 0.7439303136 0.4331784314 2 0.7183013937 0.4330264706 2 0.7716428571 0.4332382353 2 0.7448501742 0.4611117647 2 0.7174825784 0.4611117647 2 0.7716428571 0.4612745098 2
2 0.7451916376 0.4157647059 0.0545644599 0.0304509804 0.7448501742 0.4017411765 2 0.7189233449 0.4017411765 2 0.7723623693 0.4019843137 2 0.7457142857 0.4301823529 2 0.7180592334 0.4300196078 2 0.7723623693 0.4299392157 2
2 0.7458885017 0.3837254902 0.0565156794 0.0320196078 0.7464355401 0.36975 2 0.7197874564 0.3699117647 2 0.7738031359 0.3696686275 2 0.7460034843 0.3985960784 2 0.7189233449 0.3985156863 2 0.7736585366 0.3985960784 2
2 0.8069860627 0.3792843137 0.0536933798 0.0316666667 0.8090923345 0.3648068627 2 0.7805731707 0.364645098 2 0.8334355401 0.3648068627 2 0.8090923345 0.393977451 2 0.7799965157 0.393977451 2 0.8332909408 0.3938960784 2
2 0.805261324 0.4108480392 0.0571428571 0.0308921569 0.8073641115 0.3963931373 2 0.7789878049 0.3963117647 2 0.8338675958 0.3963931373 2 0.808228223 0.4254009804 2 0.7794198606 0.4254676471 2 0.8337229965 0.4252392157 2
2 0.8091463415 0.4422794118 0.0571428571 0.0324803922 0.808804878 0.4277284314 2 0.7807160279 0.4276470588 2 0.8368919861 0.4274852941 2 0.8086602787 0.4565745098 2 0.7810052265 0.4565745098 2 0.8373240418 0.4563313725 2
2 0.8391027875 0.3835490196 0.0559756098 0.0310196078 0.8386202091 0.3692490196 2 0.8115418118 0.3692490196 2 0.8661324042 0.3694921569 2 0.8384773519 0.398095098 2 0.8111097561 0.3982568627 2 0.8651236934 0.398095098 2
2 0.8387108014 0.4147794118 0.0551916376 0.0311078431 0.8394843206 0.4001941176 2 0.8113972125 0.4001127451 2 0.8665644599 0.4002754902 2 0.8387648084 0.4292833333 2 0.8115418118 0.429445098 2 0.8659878049 0.4292019608 2
2 0.8388240418 0.4463088235 0.0557317073 0.0315588235 0.8386202091 0.4321039216 2 0.8118292683 0.4321852941 2 0.8662770035 0.4319421569 2 0.8391968641 0.4607068627 2 0.8113972125 0.4607882353 2 0.8661324042 0.4608696078 2
2 0.8685714286 0.3794656863 0.0549477352 0.0315980392 0.8683292683 0.3652019608 2 0.841825784 0.3650401961 2 0.8952648084 0.3650401961 2 0.8678972125 0.3940480392 2 0.8416829268 0.3938862745 2 0.8956968641 0.3942107843 2
2 0.8672473868 0.4107009804 0.0511149826 0.0310294118 0.8668885017 0.3964715686 2 0.8436986063 0.3963098039 2 0.8916637631 0.3964715686 2 0.866456446 0.4251558824 2 0.844130662 0.4252372549 2 0.8929599303 0.4252372549 2
2 0.8688675958 0.4421862745 0.0520557491 0.0318627451 0.8689059233 0.4271666667 2 0.8442752613 0.4272470588 2 0.8949773519 0.4271666667 2 0.8693379791 0.4566607843 2 0.8428344948 0.4565794118 2 0.893825784 0.4566607843 2
2 0.8971167247 0.4471519608 0.0558362369 0.0315 0.8971376307 0.4324333333 2 0.8713554007 0.4324333333 2 0.9233536585 0.432595098 2 0.8974250871 0.4611176471 2 0.8693379791 0.4611176471 2 0.9229216028 0.4611176471 2
2 0.8969599303 0.4154558824 0.0549651568 0.0309117647 0.8969930314 0.4013333333 2 0.8699146341 0.4013333333 2 0.9230644599 0.4012519608 2 0.8971376307 0.4298558824 2 0.8714982578 0.4299362745 2 0.9233536585 0.4299362745 2
2 0.8974651568 0.3838039216 0.0539547038 0.0321764706 0.899010453 0.3695852941 2 0.8727944251 0.3694235294 2 0.9237857143 0.3694235294 2 0.899010453 0.3985127451 2 0.8709216028 0.3983509804 2 0.9245052265 0.3986745098 2
2 0.9147299652 0.3891568627 0.03228223 0.0432156863 0.9150069686 0.3683823529 1 0.8995940767 0.3685441176 1 0.9304198606 0.3684637255 2 0.9150069686 0.408977451 2 0.8991620209 0.408977451 2 0.9307073171 0.4090588235 2
2 0.931228223 0.3914313725 0.0327351916 0.041745098 0.9318606272 0.3714617647 2 0.9170243902 0.3715421569 2 0.9469843206 0.3714617647 2 0.9312839721 0.4110843137 2 0.9152944251 0.4110039216 2 0.9471289199 0.410922549 2
2 0.9550783972 0.395245098 0.0251045296 0.0406078431 0.9549059233 0.3759990196 2 0.9443919861 0.3761607843 2 0.9642682927 0.3759186275 2 0.9560592334 0.4144068627 2 0.9468397213 0.4143254902 2 0.9651324042 0.4141637255 2
2 0.9696777003 0.3925637255 0.0235017422 0.0402843137 0.9703188153 0.3735686275 2 0.9582195122 0.3734872549 2 0.9812648084 0.3734872549 2 0.9708937282 0.4117323529 2 0.9589390244 0.4118137255 2 0.9809773519 0.4116519608 2
2 0.9843292683 0.3939901961 0.0225609756 0.0398627451 0.9845783972 0.3751078431 2 0.9740627178 0.3751078431 2 0.9952369338 0.3751078431 2 0.985587108 0.4131911765 2 0.9757926829 0.413272549 2 0.9953815331 0.4130294118 2
2 0.7566463415 0.5400098039 0.0467421603 0.0406078431 0.7575574913 0.5206754902 2 0.7794947735 0.5206029412 2 0.7334250871 0.5206029412 2 0.7579442509 0.5587147059 2 0.7788501742 0.5586421569 2 0.7331672474 0.5587872549 2
2 0.7820034843 0.5448137255 0.0468292683 0.0395686275 0.7823344948 0.5261931373 2 0.7612996516 0.5261205882 2 0.8027247387 0.5262656863 2 0.7823344948 0.5634333333 2 0.7587195122 0.5634333333 2 0.8047891986 0.5633607843 2
2 0.783466899 0.504504902 0.0454006969 0.0405196078 0.7833466899 0.4857058824 2 0.7612804878 0.4855607843 2 0.8060592334 0.4856333333 2 0.7831585366 0.5230245098 2 0.7608919861 0.5236 2 0.8059303136 0.523672549 2
2 0.8065766551 0.4999852941 0.0464285714 0.0406960784 0.8068536585 0.481277451 2 0.7838832753 0.4809872549 2 0.8295662021 0.48135 2 0.8068536585 0.5187362745 2 0.7836254355 0.5188088235 2 0.8290505226 0.5187362745 2
2 0.8070993031 0.539627451 0.0474738676 0.0397843137 0.8072404181 0.5213294118 2 0.7850452962 0.5211833333 2 0.8298240418 0.5210382353 2 0.8067247387 0.5582794118 2 0.7836254355 0.5582068627 2 0.8303397213 0.5582794118 2
2 0.8307926829 0.5047107843 0.0450348432 0.0399509804 0.8312439024 0.4861411765 2 0.8096933798 0.4859235294 2 0.8529233449 0.4861411765 2 0.8309860627 0.5236 2 0.8086602787 0.523527451 2 0.8531811847 0.523672549 2
2 0.8285452962 0.5446911765 0.0425958188 0.0401078431 0.8272421603 0.5259813725 2 0.8087891986 0.5258372549 2 0.8491811847 0.526054902 2 0.8267264808 0.563295098 2 0.807369338 0.563295098 2 0.8486655052 0.563295098 2
2 0.8565156794 0.500622549 0.0507317073 0.0400098039 0.857989547 0.4819303922 2 0.8315348432 0.4816392157 2 0.8808310105 0.4820029412 2 0.8564407666 0.5190254902 2 0.8321794425 0.5190980392 2 0.8797979094 0.5190980392 2
2 0.8544599303 0.5401323529 0.051010453 0.0407941176 0.8561829268 0.5208931373 2 0.832825784 0.5206745098 2 0.8781202091 0.5208931373 2 0.8538606272 0.559004902 2 0.828695122 0.5587872549 2 0.8779912892 0.559222549 2
2 0.8784843206 0.5454656863 0.0482229965 0.0402843137 0.87928223 0.5263372549 2 0.8576027875 0.5259745098 2 0.9023815331 0.526554902 2 0.8782491289 0.5638686275 2 0.8542473868 0.5636509804 2 0.9019947735 0.5640862745 2
2 0.8816114983 0.5056372549 0.0480662021 0.0404313725 0.8827473868 0.4867215686 2 0.8626149826 0.4865029412 2 0.9045557491 0.4869392157 2 0.8808118467 0.5241078431 2 0.8579703833 0.5238166667 2 0.9022334495 0.5243254902 2
2 0.7576567944 0.4998284314 0.0463240418 0.0399705882 0.7598397213 0.4815019608 2 0.7808745645 0.4815019608 2 0.7357090592 0.4812117647 2 0.7590662021 0.5185980392 2 0.7811324042 0.5186705882 2 0.734804878 0.5185254902 2
2 0.6144773519 0.5033529412 0.0454006969 0.0416666667 0.6134982578 0.48435 2 0.5919268293 0.4844647059 2 0.6368989547 0.4842352941 2 0.6141724739 0.5223990196 2 0.5917229965 0.5228127451 2 0.6356777003 0.5232705882 2
2 0.6377961672 0.498377451 0.0464285714 0.0406960784 0.6380714286 0.4796705882 2 0.6151010453 0.4793803922 2 0.6607839721 0.4797431373 2 0.6375087108 0.5175470588 2 0.6151254355 0.5176617647 2 0.6594860627 0.5177754902 2
2 0.6620121951 0.5031029412 0.0450348432 0.0399509804 0.6624616725 0.4845343137 2 0.6409111498 0.4843166667 2 0.684141115 0.4845343137 2 0.6622038328 0.5219931373 2 0.6398780488 0.5219205882 2 0.6843989547 0.5220656863 2
2 0.6877351916 0.4990147059 0.0507317073 0.0400098039 0.6879756098 0.4803431373 2 0.6625383275 0.4803431373 2 0.7105627178 0.4803431373 2 0.6879756098 0.5176617647 2 0.6655923345 0.5177754902 2 0.711174216 0.5175470588 2
2 0.7128310105 0.5040294118 0.0480662021 0.0404313725 0.712597561 0.484922549 2 0.6906202091 0.4848078431 2 0.736 0.484922549 2 0.7128013937 0.5231558824 2 0.6914355401 0.5232705882 2 0.736 0.5231558824 2
2 0.586533101 0.4992058824 0.051010453 0.0419215686 0.5882648084 0.4802294118 2 0.6114616725 0.4802294118 2 0.564456446 0.4802294118 2 0.5872473868 0.5186921569 2 0.6116655052 0.518577451 2 0.5620139373 0.5189205882 2
2 0.5849825784 0.5403676471 0.0508362369 0.040872549 0.5871811847 0.5209490196 2 0.6104094077 0.5210215686 2 0.5609843206 0.5209490196 2 0.5871811847 0.5586254902 2 0.6102804878 0.5585529412 2 0.5611132404 0.5584803922 2
2 0.6130226481 0.5444362745 0.0478222997 0.0405784314 0.6140226481 0.5250862745 2 0.5909233449 0.5250862745 2 0.6367351916 0.5250137255 2 0.6138937282 0.5633441176 2 0.5905365854 0.5631990196 2 0.6359599303 0.5633441176 2
2 0.6380313589 0.5402205882 0.0451916376 0.0411666667 0.6385418118 0.5210215686 2 0.6154425087 0.5210941176 2 0.6599634146 0.5209490196 2 0.6390574913 0.5594235294 2 0.6157003484 0.5593509804 2 0.6604790941 0.5595686275 2
2 0.6641811847 0.5445588235 0.0466202091 0.040627451 0.6640923345 0.52545 2 0.6412508711 0.525522549 2 0.6870627178 0.525377451 2 0.6638344948 0.5631990196 2 0.6412508711 0.5631264706 2 0.6865470383 0.5631264706 2
2 0.6885714286 0.5399754902 0.0448083624 0.0416568627 0.6893937282 0.5204411765 2 0.6660348432 0.5202960784 2 0.7106864111 0.5204411765 2 0.6887473868 0.5589892157 2 0.6661637631 0.5589166667 2 0.710815331 0.5589166667 2
2 0.7136236934 0.5445588235 0.0456097561 0.0400392157 0.7136533101 0.5258137255 2 0.6918449477 0.5256686275 2 0.7353344948 0.5258137255 2 0.7133066202 0.5628627451 2 0.6910714286 0.5634176471 2 0.7346881533 0.5634901961 2
2 0.4142160279 0.504 0.0448083624 0.0395686275 0.4145592334 0.4853813725 2 0.4363675958 0.4853813725 2 0.3921045296 0.4853813725 2 0.4144285714 0.5224039216 2 0.436238676 0.5224039216 2 0.3919756098 0.5224764706 2
2 0.4143379791 0.5437156863 0.0452264808 0.0401176471 0.4148170732 0.5247862745 2 0.3919756098 0.5245686275 2 0.4367543554 0.5247862745 2 0.4144285714 0.5626078431 2 0.3919756098 0.5625352941 2 0.4358519164 0.5627529412 2
2 0.4389547038 0.4989754902 0.0464808362 0.0394607843 0.4388188153 0.4802333333 2 0.4163658537 0.4803784314 2 0.4617891986 0.4802333333 2 0.4392073171 0.5177647059 2 0.4158484321 0.5176921569 2 0.4616602787 0.5177647059 2
2 0.4377439024 0.5388333333 0.0450696864 0.0399607843 0.4390766551 0.5198980392 2 0.4166236934 0.5198980392 2 0.4598536585 0.5198980392 2 0.4386898955 0.5577196078 2 0.4158484321 0.5576470588 2 0.4599825784 0.5577921569 2
2 0.4635627178 0.5042352941 0.0453484321 0.0397843137 0.4633379791 0.4852911765 2 0.4415296167 0.4852186275 2 0.4859216028 0.4852911765 2 0.4632560976 0.5224235294 2 0.441271777 0.5229676471 2 0.4857926829 0.5231127451 2
2 0.4628658537 0.5437745098 0.045 0.0396470588 0.4625644599 0.5251911765 2 0.4408832753 0.5251186275 2 0.4850191638 0.5251186275 2 0.4628222997 0.5624313725 2 0.4406254355 0.5622862745 2 0.4842439024 0.5622862745 2
2 0.4872648084 0.4994754902 0.0470731707 0.0404607843 0.4879860627 0.480572549 2 0.4650156794 0.480572549 2 0.5096655052 0.480572549 2 0.487728223 0.5180970588 2 0.4646289199 0.5180245098 2 0.5086341463 0.5180970588 2
2 0.4879181185 0.539377451 0.0447560976 0.0392843137 0.4873414634 0.5214156863 2 0.4669512195 0.5211980392 2 0.510054007 0.5213431373 2 0.486825784 0.557495098 2 0.4668222997 0.557422549 2 0.5077299652 0.5577127451 2
2 0.5105313589 0.5435882353 0.0458362369 0.0384901961 0.5105888502 0.5256656863 2 0.4904581882 0.5254480392 2 0.5329146341 0.5255931373 2 0.5102264808 0.5611843137 2 0.4880069686 0.561745098 2 0.5329146341 0.561672549 2
2 0.51271777 0.5039852941 0.0449477352 0.0394803922 0.5119181185 0.4855382353 2 0.5350191638 0.4854656863 2 0.4903675958 0.4856107843 2 0.5110156794 0.5228519608 2 0.5333397213 0.5229970588 2 0.4904965157 0.5227794118 2
2 0.5359843206 0.5 0.0468466899 0.039745098 0.5365662021 0.4814 2 0.5155313589 0.481327451 2 0.5566986063 0.481472549 2 0.5356724739 0.5181715686 2 0.5130801394 0.5186411765 2 0.5572142857 0.5187862745 2
2 0.5355923345 0.5398186275 0.0455400697 0.0402254902 0.5364372822 0.5215970588 2 0.5141132404 0.5214519608 2 0.5573432056 0.5215970588 2 0.5335993031 0.5578941176 2 0.5137247387 0.5578215686 2 0.5560522648 0.5579666667 2
2 0.2450261324 0.5036029412 0.0444076655 0.0402843137 0.245684669 0.4853431373 2 0.2669773519 0.4852705882 2 0.2227142857 0.4853431373 2 0.2453292683 0.5220196078 2 0.2663327526 0.52265 2 0.2229721254 0.522577451 2
2 0.2462543554 0.5436568627 0.0470731707 0.0394117647 0.245684669 0.52525 2 0.2231010453 0.525322549 2 0.268010453 0.525104902 2 0.2464599303 0.5625637255 2 0.2246498258 0.5624911765 2 0.2698170732 0.5624911765 2
2 0.2704878049 0.499377451 0.0485714286 0.039872549 0.2700749129 0.4804 2 0.2476202091 0.480254902 2 0.2927874564 0.4804 2 0.2703327526 0.5178588235 2 0.2471045296 0.5178588235 2 0.2927874564 0.5179313725 2
2 0.2717595819 0.5393088235 0.0467247387 0.0395392157 0.2713658537 0.5210392157 2 0.2499442509 0.5210392157 2 0.2942073171 0.5208215686 2 0.271445993 0.5573843137 2 0.2485243902 0.5579176471 2 0.2943362369 0.5579901961 2
2 0.2971602787 0.5040686275 0.0454006969 0.0396470588 0.2960139373 0.4857068627 2 0.2749790941 0.4856333333 2 0.3188554007 0.4856333333 2 0.2961428571 0.5228019608 2 0.2749790941 0.5228019608 2 0.318466899 0.5228019608 2
2 0.2965156794 0.5440245098 0.0466898955 0.0395588235 0.2960139373 0.5254676471 2 0.2743327526 0.525322549 2 0.3187247387 0.52525 2 0.2962038328 0.5621019608 2 0.2735592334 0.5625637255 2 0.3196289199 0.5627088235 2
2 0.3212195122 0.4989558824 0.046445993 0.0392254902 0.3213449477 0.4811098039 2 0.2987630662 0.4809647059 2 0.3432839721 0.4810372549 2 0.3213449477 0.5174794118 2 0.2997944251 0.5175519608 2 0.343412892 0.5176970588 2
2 0.3215243902 0.5386568627 0.0447560976 0.0398039216 0.3212160279 0.5200068627 2 0.2997944251 0.5200068627 2 0.3437996516 0.5201519608 2 0.3207003484 0.5573205882 2 0.2996655052 0.5574656863 2 0.3430261324 0.5573205882 2
2 0.3454703833 0.5045196078 0.0477351916 0.0401568627 0.3449616725 0.4857627451 2 0.3221202091 0.4858352941 2 0.3685766551 0.4856901961 2 0.3451515679 0.5228794118 2 0.3218623693 0.5234323529 2 0.3689634146 0.5234323529 2
2 0.3449216028 0.5438823529 0.0453484321 0.0390784314 0.344445993 0.5255235294 2 0.3230226481 0.5255235294 2 0.3658675958 0.5254509804 2 0.3448327526 0.5622568627 2 0.3230226481 0.5624019608 2 0.3672857143 0.5622568627 2
2 0.3708797909 0.4992696078 0.045 0.0394607843 0.3701916376 0.4809598039 2 0.3488989547 0.4809598039 2 0.3921289199 0.4808872549 2 0.3699320557 0.5176068627 2 0.3488989547 0.5176794118 2 0.3910958188 0.5176068627 2
2 0.3697909408 0.5386470588 0.0433449477 0.0402156863 0.3698031359 0.5197705882 2 0.3482526132 0.5196254902 2 0.3908379791 0.5196980392 2 0.3694163763 0.5575931373 2 0.3479947735 0.5575196078 2 0.3913554007 0.5575196078 2
2 0.0727526132 0.5045833333 0.0482926829 0.040872549 0.0716045296 0.4851686275 2 0.0963815331 0.4850235294 2 0.0503118467 0.4850235294 2 0.0718623693 0.5237882353 2 0.0967682927 0.5240058824 2 0.0485052265 0.5238607843 2
2 0.0720644599 0.5446764706 0.0468466899 0.0400784314 0.0714756098 0.5260911765 2 0.0490209059 0.5260911765 2 0.0940574913 0.5259460784 2 0.0714233449 0.5636 2 0.0485052265 0.563622549 2 0.0950905923 0.56355 2
2 0.0989285714 0.4994019608 0.0474390244 0.0399215686 0.0979303136 0.4811029412 2 0.0754756098 0.4810303922 2 0.121674216 0.4810303922 2 0.0975418118 0.5183441176 2 0.07521777 0.5181990196 2 0.1220609756 0.5183441176 2
2 0.098815331 0.5396078431 0.0477003484 0.0403333333 0.0978013937 0.5207921569 2 0.07521777 0.5207921569 2 0.1219320557 0.5207196078 2 0.0976707317 0.5586862745 2 0.0749599303 0.5587588235 2 0.1199965157 0.5586862745 2
2 0.1264634146 0.5039803922 0.0474216028 0.0398627451 0.127010453 0.4853607843 2 0.1045574913 0.4853607843 2 0.1497229965 0.4852882353 2 0.127010453 0.5228196078 2 0.1036533101 0.5228196078 2 0.1495940767 0.5228921569 2
2 0.1262891986 0.5440833333 0.0481184669 0.0400686275 0.1263658537 0.5255647059 2 0.10378223 0.5255647059 2 0.1497229965 0.5254196078 2 0.1261080139 0.5627980392 2 0.1028797909 0.5628705882 2 0.1497229965 0.5626529412 2
2 0.1504965157 0.4994362745 0.0488327526 0.0403823529 0.1517682927 0.4814362745 2 0.1267334495 0.4815823529 2 0.1742229965 0.4812186275 2 0.1516393728 0.5183147059 2 0.1266045296 0.5183872549 2 0.1744808362 0.5183147059 2
2 0.152456446 0.5392352941 0.045261324 0.0395882353 0.153445993 0.5207696078 2 0.1307351916 0.5206970588 2 0.1744808362 0.5206245098 2 0.153445993 0.5576470588 2 0.1326707317 0.5577196078 2 0.1742229965 0.5577196078 2
2 0.1770470383 0.5043431373 0.0469512195 0.0405882353 0.1774494774 0.4855813725 2 0.1549947735 0.4853637255 2 0.2001620209 0.4855088235 2 0.1766759582 0.522895098 2 0.1543501742 0.522677451 2 0.1982264808 0.5230401961 2
2 0.1759843206 0.5439411765 0.0455923345 0.0391960784 0.1760296167 0.5256401961 2 0.1535766551 0.5255676471 2 0.1984843206 0.5256401961 2 0.1760296167 0.5622137255 2 0.153445993 0.5622862745 2 0.1968066202 0.5623588235 2
2 0.2002351916 0.5394313725 0.0455574913 0.0400784314 0.2010644599 0.5207764706 2 0.1779651568 0.5207039216 2 0.2227456446 0.5207764706 2 0.2004198606 0.5579441176 2 0.1777073171 0.5579441176 2 0.2227456446 0.5579441176 2
2 0.20228223 0.4993137255 0.0463066202 0.0391568627 0.2018397213 0.4812186275 2 0.1793850174 0.4812186275 2 0.2246811847 0.4812186275 2 0.202097561 0.5177343137 2 0.1793850174 0.5177343137 2 0.2241655052 0.5178068627 2
