1 0.87734375 0.3984375 0.2453125 0.315625 0.8776046875 0.51171875 2 0.9947921875 0.5442703125 2 0.7682296875 0.4791671875 2 0.9322921875 0.25 2 0 0 0 0 0 0
1 0.70246875 0.4036484375 0.26953125 0.330734375 0.6953125 0.5078125 2 0.8268234375 0.55078125 2 0.578125 0.4661453125 2 0.75 0.24609375 2 0 0 0 0 0 0
1 0.537109375 0.3906328125 0.26953125 0.330734375 0.5299484375 0.4947921875 2 0.6588546875 0.5338546875 2 0.4153640625 0.4661453125 2 0.5885421875 0.2395828125 2 0 0 0 0 0 0
1 0.403 0.4244765625 0.26953125 0.330734375 0.3932296875 0.5260421875 2 0.5260421875 0.5481765625 2 0.2734375 0.5091140625 2 0.4244796875 0.2682296875 2 0 0 0 0 0 0
1 0.240234375 0.4388046875 0.26953125 0.330734375 0.23046875 0.5403640625 2 0.3684890625 0.5768234375 2 0.1119796875 0.5143234375 2 0.27734375 0.2942703125 2 0 0 0 0 0 0
1 0.1119765625 0.4596328125 0.223953125 0.315109375 0.0794265625 0.5690109375 2 0.2096359375 0.5950515625 2 0 0.55078125 2 0.1263015625 0.3229171875 2 0 0 0 0 0 0
1 0.11171875 0.8421875 0.2234375 0.315625 0.0794265625 0.9518234375 2 0.2096359375 0.9778640625 2 0 0.93359375 2 0.1263015625 0.7057296875 2 0 0 0 0 0 0
1 0.248046875 0.8313828125 0.26953125 0.311203125 0.23828125 0.9401046875 2 0.36328125 0.96875 2 0.12890625 0.9192703125 2 0.2825515625 0.69921875 2 0 0 0 0 0 0
1 0.38215625 0.8222734375 0.26953125 0.311203125 0.3723953125 0.9309890625 2 0.4973953125 0.9596359375 2 0.2630203125 0.91015625 2 0.4166671875 0.6901046875 2 0 0 0 0 0 0
1 0.5423125 0.8079453125 0.26953125 0.311203125 0.5325515625 0.9166671875 2 0.65625 0.9518234375 2 0.4140625 0.890625 2 0.5768234375 0.67578125 2 0 0 0 0 0 0
1 0.699875 0.8144609375 0.26953125 0.311203125 0.6901046875 0.9231765625 2 0.8138015625 0.9583328125 2 0.5716140625 0.8971359375 2 0.734375 0.6822921875 2 0 0 0 0 0 0
1 0.8639375 0.8053359375 0.26953125 0.311203125 0.8541671875 0.9140625 2 0.9778640625 0.94921875 2 0.7356765625 0.8880203125 2 0.8984375 0.6731765625 2 0 0 0 0 0 0
1 0.859375 0.2597734375 0.265625 0.334640625 0.8697921875 0.1380203125 2 0.7434890625 0.1015625 2 0.9830734375 0.1783859375 2 0.8138015625 0.4049484375 2 0 0 0 0 0 0
1 0.682296875 0.3079453125 0.265625 0.334640625 0.6927078125 0.1861984375 2 0.56640625 0.1497390625 2 0.8059890625 0.2265625 2 0.640625 0.4375 2 0 0 0 0 0 0
1 0.53125 0.3001328125 0.265625 0.334640625 0.5416671875 0.1783859375 2 0.4153640625 0.1419265625 2 0.6549484375 0.21875 2 0.4895828125 0.4296875 2 0 0 0 0 0 0
1 0.35546875 0.3300859375 0.265625 0.334640625 0.3658859375 0.2083328125 2 0.2356765625 0.1796875 2 0.4895828125 0.2213546875 2 0.3515625 0.4622390625 2 0 0 0 0 0 0
1 0.200515625 0.3483046875 0.265625 0.334640625 0.2109375 0.2265625 2 0.0807296875 0.1979171875 2 0.32421875 0.2565109375 2 0.18359375 0.4830734375 2 0 0 0 0 0 0
1 0.373703125 0.727859375 0.265625 0.3125 0.3841140625 0.6171875 2 0.25390625 0.5885421875 2 0.4973953125 0.6471359375 2 0.34765625 0.8697921875 2 0 0 0 0 0 0
1 0.541671875 0.713546875 0.265625 0.3125 0.5520828125 0.6028640625 2 0.43359375 0.578125 2 0.6614578125 0.625 2 0.515625 0.85546875 2 0 0 0 0 0 0
1 0.684890625 0.692703125 0.265625 0.3125 0.6940109375 0.5859375 2 0.5768234375 0.5572921875 2 0.8059890625 0.62109375 2 0.6484375 0.8346359375 2 0 0 0 0 0 0
1 0.845046875 0.697921875 0.265625 0.3125 0.8541671875 0.5911453125 2 0.7369796875 0.5625 2 0.9661453125 0.6263015625 2 0.80859375 0.83984375 2 0 0 0 0 0 0
1 0.2721328125 0.75390625 0.184890625 0.296875 0.2825515625 0.6354171875 2 0.19921875 0.6223953125 2 0.35546875 0.6458328125 2 0.24609375 0.8880203125 1 0 0 0 0 0 0
1 0.10234375 0.7578125 0.2046875 0.3125 0.0833328125 0.6471359375 2 0 0.62890625 2 0.1966140625 0.6770828125 2 0.0520828125 0.8893234375 2 0 0 0 0 0 0
