1 0.557173913 0.2246029412 0.3815719064 0.4331470588 0.5594414716 0.41845 2 0.3770133779 0.4278058824 2 0.7327458194 0.4131 2 0.5670434783 0.0240647059 2 0 0 0 0 0 0
1 0.782909699 0.248 0.3800668896 0.4211176471 0.7844347826 0.4358294118 2 0.6111270903 0.4385029412 2 0.9592575251 0.4331558824 2 0.7935551839 0.0508029412 2 0 0 0 0 0 0
1 0.3336956522 0.2540147059 0.3815719064 0.4331470588 0.3359665552 0.4478617647 2 0.153541806 0.4572205882 2 0.5092742475 0.4425147059 2 0.3435685619 0.0534764706 2 0 0 0 0 0 0
1 0.3770234114 0.2279411765 0.3800668896 0.4211176471 0.3754949833 0.0401058824 2 0.5487993311 0.0374323529 2 0.2006688963 0.0427823529 2 0.3663745819 0.4251352941 2 0 0 0 0 0 0
1 0.4917892977 0.7339558824 0.3815719064 0.4331470588 0.4940702341 0.9278058824 2 0.3116454849 0.9371647059 2 0.6673745819 0.9224588235 2 0.5016722408 0.5334235294 2 0 0 0 0 0 0
1 0.7233110368 0.7533529412 0.3800668896 0.4211176471 0.7248394649 0.9411764706 2 0.5515351171 0.94385 2 0.8996655518 0.9385029412 2 0.7339598662 0.55615 2 0 0 0 0 0 0
1 0.2607190635 0.7700441176 0.3815719064 0.4331470588 0.2629966555 0.9639029412 2 0.0805719064 0.9732617647 2 0.4363010033 0.9585558824 2 0.2705986622 0.5695176471 2 0 0 0 0 0 0
1 0.311638796 0.7439705882 0.3800668896 0.4211176471 0.3101237458 0.55615 2 0.4834314381 0.5534764706 2 0.1353010033 0.5588235294 2 0.3010033445 0.9411764706 2 0 0 0 0 0 0
1 0.7023411371 0.7292647059 0.3800668896 0.4211176471 0.7008227425 0.5414441176 2 0.8741270903 0.5387705882 2 0.5259966555 0.5441176471 2 0.6916989967 0.9264705882 2 0 0 0 0 0 0
1 0.7597993311 0.2212647059 0.3800668896 0.4211176471 0.7582842809 0.0334235294 2 0.9315919732 0.0307470588 2 0.5834615385 0.0360970588 2 0.7570702341 0.4171117647 2 0 0 0 0 0 0
