3 0.1492908654 0.2134375 0.2377163462 0.1816346154 0.1588125 0.14309375 2 0.0363149038 0.2710120192 2 0.2612572115 0.2943197115 2 0 0 0 0 0 0 0 0 0
3 0.1449399038 0.2502884615 0.2377163462 0.1816346154 0.1544783654 0.1799519231 2 0.0319783654 0.3078701923 2 0.2569206731 0.3311778846 2 0 0 0 0 0 0 0 0 0
3 0.1389783654 0.2941826923 0.2377163462 0.1816346154 0.1485144231 0.2238557692 2 0.0314375 0.3517740385 2 0.253125 0.3620721154 2 0 0 0 0 0 0 0 0 0
3 0.1368149038 0.3288701923 0.2377163462 0.1816346154 0.1463461538 0.2585456731 2 0.0363149038 0.3967620192 2 0.2509567308 0.3967620192 2 0 0 0 0 0 0 0 0 0
3 0.1351802885 0.3662740385 0.2377163462 0.1816346154 0.1447211538 0.2959471154 2 0.0346899038 0.4341634615 2 0.2547524038 0.4309110577 2 0 0 0 0 0 0 0 0 0
3 0.3905168269 0.2037980769 0.2377163462 0.1816346154 0.4000576923 0.13346875 2 0.2760961538 0.2651706731 2 0.5005456731 0.2800673077 2 0 0 0 0 0 0 0 0 0
3 0.1351802885 0.405 0.2377163462 0.1816346154 0.1447211538 0.3346754808 2 0.0346899038 0.4728918269 2 0.2547524038 0.4696394231 2 0 0 0 0 0 0 0 0 0
3 0.3845793269 0.2445192308 0.2377163462 0.1816346154 0.3940985577 0.1741899038 2 0.2800673077 0.3088677885 2 0.4945865385 0.3207860577 2 0 0 0 0 0 0 0 0 0
3 0.3805889423 0.2773076923 0.2377163462 0.1816346154 0.390125 0.2069639423 2 0.2760961538 0.3416418269 2 0.4906153846 0.3535600962 2 0 0 0 0 0 0 0 0 0
3 0.3796033654 0.3209855769 0.2377163462 0.1816346154 0.3891322115 0.2506610577 2 0.2751009615 0.3853413462 2 0.4916081731 0.3863341346 2 0 0 0 0 0 0 0 0 0
3 0.8394350962 0.3388701923 0.2377163462 0.1816346154 0.8489615385 0.2685384615 2 0.7349302885 0.40321875 2 0.9514350962 0.4042115385 2 0 0 0 0 0 0 0 0 0
3 0.3766225962 0.3587259615 0.2377163462 0.1816346154 0.3861538462 0.2884014423 2 0.2721225962 0.4230817308 2 0.4886298077 0.4240745192 2 0 0 0 0 0 0 0 0 0
3 0.3746274038 0.3974759615 0.2377163462 0.1816346154 0.3841682692 0.3271346154 2 0.2701370192 0.4618125 2 0.4866418269 0.4628076923 2 0 0 0 0 0 0 0 0 0
3 0.62390625 0.1958653846 0.2377163462 0.1816346154 0.6334471154 0.1255240385 2 0.5094855769 0.2572259615 2 0.7339350962 0.2721225962 2 0 0 0 0 0 0 0 0 0
3 0.6229206731 0.2316105769 0.2377163462 0.1816346154 0.6324543269 0.1612788462 2 0.5084927885 0.2929783654 2 0.7329423077 0.307875 2 0 0 0 0 0 0 0 0 0
3 0.6159735577 0.2743269231 0.2377163462 0.1816346154 0.6255024038 0.2039831731 2 0.5015408654 0.3356826923 2 0.7259903846 0.3505817308 2 0 0 0 0 0 0 0 0 0
3 0.6100120192 0.3120673077 0.2377163462 0.1816346154 0.6195432692 0.2417235577 2 0.5055120192 0.3764038462 2 0.7249975962 0.3764038462 2 0 0 0 0 0 0 0 0 0
3 0.6100120192 0.3507932692 0.2377163462 0.1816346154 0.6195432692 0.2804567308 2 0.5055120192 0.4151346154 2 0.7249975962 0.4151346154 2 0 0 0 0 0 0 0 0 0
3 0.6120072115 0.3855528846 0.2377163462 0.1816346154 0.6215288462 0.3152163462 2 0.5074975962 0.4498966346 2 0.7269831731 0.4498966346 2 0 0 0 0 0 0 0 0 0
3 0.8364543269 0.3786057692 0.2377163462 0.1816346154 0.8459807692 0.3082644231 2 0.7319495192 0.4429447115 2 0.9514350962 0.4429447115 2 0 0 0 0 0 0 0 0 0
3 0.8424158654 0.3061057692 0.2377163462 0.1816346154 0.8519399038 0.2357644231 2 0.7379086538 0.3704447115 2 0.9573942308 0.3704447115 2 0 0 0 0 0 0 0 0 0
3 0.84140625 0.2693509615 0.2377163462 0.1816346154 0.8509471154 0.1990168269 2 0.7369158654 0.3336971154 2 0.9564014423 0.3336971154 2 0 0 0 0 0 0 0 0 0
3 0.8404206731 0.2256490385 0.2377163462 0.1816346154 0.8499543269 0.1553197115 2 0.7359230769 0.29 2 0.9554086538 0.29 2 0 0 0 0 0 0 0 0 0
