3 0.1646394231 0.2390024038 0.2446153846 0.3454086538 0.0723846154 0.2560432692 2 0.2704014423 0.0826298077 2 0.2758629808 0.40078125 2 0 0 0 0 0 0 0 0 0
3 0.2630649038 0.2396033654 0.2311298077 0.3496394231 0.1638822115 0.2519471154 2 0.3578004808 0.0785336538 2 0.3632644231 0.3980504808 2 0 0 0 0 0 0 0 0 0
3 0.3490264423 0.2025961538 0.2364663462 0.3417307692 0.2540120192 0.2164447115 2 0.4574927885 0.04303125 2 0.4465673077 0.3625504808 2 0 0 0 0 0 0 0 0 0
3 0.4321394231 0.2052764423 0.1814423077 0.2899759615 0.3591658654 0.20415625 2 0.5162139423 0.0771682692 2 0.5162139423 0.3270480769 2 0 0 0 0 0 0 0 0 0
3 0.0874879808 0.2089543269 0.1749759615 0.3454086538 0 0 0 0.1584182692 0.0525913462 2 0.1638822115 0.3707427885 2 0 0 0 0 0 0 0 0 0
3 0.4105408654 0.3399879808 0.2174759615 0.2936778846 0.5165432692 0.3639134615 2 0.3236610577 0.2068870192 2 0.3618990385 0.4840745192 2 0 0 0 0 0 0 0 0 0
3 0.2357572115 0.3693269231 0.2311298077 0.2376923077 0.3414134615 0.4089735577 2 0.1324711538 0.2601394231 2 0.2444543269 0.4840745192 2 0 0 0 0 0 0 0 0 0
3 0.0853365385 0.3629807692 0.1706730769 0.25 0.1625096154 0.3966850962 2 0.0000048077 0.28471875 2 0.0559975962 0.48134375 2 0 0 0 0 0 0 0 0 0
3 0.1582211538 0.6317668269 0.2754807692 0.2835817308 0.2704014423 0.6001394231 2 0.128375 0.4922668269 2 0.0478028846 0.7598966346 2 0 0 0 0 0 0 0 0 0
3 0.2797836538 0.6249399038 0.2754807692 0.2835817308 0.3919423077 0.5933125 2 0.2499158654 0.4854399038 2 0.16934375 0.7530697115 2 0 0 0 0 0 0 0 0 0
3 0.3890144231 0.6140024038 0.2754807692 0.2835817308 0.5011923077 0.5823870192 2 0.3755552885 0.4881706731 2 0.27859375 0.7421466346 2 0 0 0 0 0 0 0 0 0
3 0.3754326923 0.8817067308 0.2280288462 0.2365865385 0.4730600962 0.89740625 2 0.2695793269 0.7786105769 2 0.3173774038 1 2 0 0 0 0 0 0 0 0 0
3 0.2601081731 0.8884615385 0.2347355769 0.2230769231 0.3624423077 0.9178870192 2 0.1480384615 0.7908990385 2 0.2354399038 1 2 0 0 0 0 0 0 0 0 0
3 0.1619591346 0.88921875 0.2397836538 0.2215625 0.2654831731 0.9110600962 2 0.0450985577 0.78159375 2 0.1466730769 0.9984495192 2 0 0 0 0 0 0 0 0 0
3 0.0913461538 0.9086538462 0.1826923077 0.1826923077 0.1575985577 0.9288125 2 0 0.8236706731 2 0.0647355769 0.99571875 2 0 0 0 0 0 0 0 0 0
3 0.0753846154 0.5885576923 0.1507692308 0.1971634615 0.1152644231 0.5642331731 2 0.0346923077 0.4932307692 2 0.0019158654 0.6584519231 2 0 0 0 0 0 0 0 0 0
3 0.8841826923 0.2306129808 0.2268269231 0.2985817308 0.7871538462 0.19965625 2 0.9974615385 0.0917860577 2 0.9373725962 0.3798966346 2 0 0 0 0 0 0 0 0 0
3 0.9020793269 0.2437740385 0.1910336538 0.291875 0.833875 0.2040072115 2 0.9963870192 0.1138870192 2 0.9813629808 0.3719591346 2 0 0 0 0 0 0 0 0 0
3 0.9253004808 0.2449519231 0.1445913462 0.243125 0.8707475962 0.2108341346 2 0.9963870192 0.1398293269 2 0.9950192308 0.3405528846 2 0 0 0 0 0 0 0 0 0
3 0.9485096154 0.2328004808 0.0981730769 0.1527163462 0.9199110577 0.2108341346 2 0.9963870192 0.1644086538 2 0.9936538462 0.3009543269 2 0 0 0 0 0 0 0 0 0
