2 0.1119833853 0.6687304687 0.1101142264 0.0825703125 0.1176074766 0.6318382813 2 0.166549325 0.6318382813 2 0.0661703011 0.6307117187 2 0.1096178609 0.7058882813 2 0.1605555556 0.707015625 2 0.0581796469 0.7055125 2
2 0.1676739356 0.66225 0.1106126687 0.07975 0.1695451713 0.6258257812 2 0.22298027 0.62545 2 0.1181069574 0.62545 2 0.1645514019 0.6987460937 2 0.2169875389 0.6987460937 2 0.1136126687 0.6998742187 2
2 0.2234787124 0.668921875 0.106874351 0.0784375 0.2244787124 0.6329671875 2 0.2749179647 0.632215625 2 0.1750384216 0.6333429687 2 0.221482866 0.7062640625 2 0.2759169263 0.7066398437 1 0.1730404984 0.7066398437 2
2 0.3176220145 0.6746523438 0.0953894081 0.0729921875 0.3198639668 0.6423640625 2 0.3648089304 0.6427398438 2 0.2759169263 0.6423640625 2 0.316867082 0.70814375 2 0.3648089304 0.7085195313 2 0.270423676 0.7073914062 2
2 0.3685617861 0.6655390625 0.0898961578 0.070546875 0.3700529595 0.6342828125 2 0.414 0.6342828125 2 0.3266053998 0.63390625 2 0.3680550363 0.6970546875 2 0.4120020768 0.69780625 2 0.3241079958 0.6974304688 2
2 0.4154984424 0.6724921875 0.0908930426 0.070921875 0.4174953271 0.6421757812 2 0.4599439252 0.6421757812 2 0.3745472482 0.6414242187 2 0.4164963655 0.7045726562 2 0.4594444444 0.7045726562 2 0.3720508827 0.7053242188 2
2 0.502642783 0.6662929687 0.0913914849 0.0743046875 0.5033914849 0.6327789062 2 0.5478380062 0.6327789062 2 0.4584465213 0.6320273438 2 0.5023935618 0.6996859375 2 0.5478380062 0.7004375 2 0.4579470405 0.7004375 2
2 0.5505867082 0.6616875 0.0913914849 0.072984375 0.550834891 0.6275164063 2 0.5957798546 0.62826875 2 0.5073873313 0.627140625 2 0.550834891 0.6947992187 2 0.5952803738 0.6959273437 2 0.5053894081 0.6947992187 2
2 0.5990290758 0.6672304688 0.0923883697 0.0739296875 0.5997757009 0.63390625 2 0.6422242991 0.6342828125 2 0.5558286604 0.6327789062 2 0.5992762201 0.701565625 2 0.6457196262 0.701565625 2 0.5538307373 0.701565625 2
2 0.7069003115 0.6699609375 0.0923883697 0.076 0.7076448598 0.6361679687 2 0.7525908619 0.6376710938 2 0.6622004154 0.6342882813 2 0.7061464174 0.7038265625 2 0.7500934579 0.7053296875 2 0.660701973 0.7023226563 2
2 0.756588785 0.666390625 0.092886812 0.075625 0.7575846314 0.6327851562 2 0.8000332295 0.6339125 2 0.7126386293 0.63128125 2 0.7575846314 0.6989398438 2 0.8020311526 0.70044375 2 0.7111412253 0.6985640625 2
2 0.8103997923 0.67325 0.0911422638 0.0739375 0.8105212876 0.6399265625 2 0.8554662513 0.6399265625 2 0.7665742471 0.6387992188 2 0.8120186916 0.7064578125 2 0.8544672897 0.7075851562 2 0.7690706127 0.7057054687 2
2 0.7201298027 0.5409101563 0.0684215992 0.1346328125 0.722376947 0.4777984375 2 0.7543385254 0.4789257812 2 0.6889179647 0.4762945313 2 0.7213790239 0.6040945313 2 0.7538390447 0.6055976562 2 0.6904153686 0.602590625 2
2 0.7568328141 0.5473945313 0.0679127726 0.1329453125 0.7558369678 0.4834367187 2 0.7887964694 0.4849398437 2 0.7253738318 0.4819328125 2 0.7558369678 0.6108601563 2 0.7892959502 0.6116117188 2 0.7238753894 0.6097328125 2
2 0.7906697819 0.5432617187 0.068172378 0.1336953125 0.7897954309 0.4808054688 2 0.8232554517 0.48118125 2 0.7568359294 0.4789257812 2 0.7902949117 0.6067257812 2 0.8227559709 0.6074773438 2 0.757834891 0.6055976562 2
2 0.8276220145 0.5485195312 0.067165109 0.1329453125 0.8257528557 0.4849398437 2 0.8562159917 0.4860679688 2 0.7962876428 0.4841882812 2 0.8282492212 0.6127398438 2 0.8587123572 0.6134914062 2 0.795788162 0.6127398438 2
2 0.5524558671 0.5345195313 0.0711630322 0.1331328125 0.55507892 0.4710328125 2 0.5885389408 0.4710328125 2 0.5231183801 0.469153125 2 0.5510841121 0.59845625 2 0.5855430945 0.5995835938 2 0.5181246106 0.5980804687 2
2 0.5890342679 0.5405351563 0.0679127726 0.1338828125 0.5898380062 0.4793304688 2 0.6229968847 0.4766710937 2 0.5590747664 0.4747914062 2 0.5885389408 0.6055976562 2 0.6224984424 0.6059734375 2 0.5560778816 0.6055976562 2
2 0.6248701973 0.5365898437 0.0661682243 0.1350078125 0.6254942887 0.4729117187 2 0.6574558671 0.4740398437 2 0.5920353063 0.4721601563 2 0.6234963655 0.6003359375 2 0.6564569055 0.6010875 2 0.5920353063 0.599959375 2
2 0.658701973 0.5437265625 0.0664174455 0.135765625 0.6594527518 0.4796773437 2 0.6914143302 0.4804296875 2 0.6264932503 0.47855 2 0.6589543094 0.6071015625 2 0.691913811 0.6082289063 2 0.6264932503 0.60635 2
2 0.4457061267 0.531890625 0.0719106957 0.139140625 0.447709242 0.4661476562 2 0.4811682243 0.4669 2 0.413251298 0.4650203125 2 0.4432149533 0.5969546875 2 0.478172378 0.59770625 2 0.4107538941 0.5973304687 2
2 0.4804205607 0.5384726562 0.0694184839 0.1387734375 0.4836656282 0.4721617187 2 0.5151277259 0.4729140625 2 0.4502056075 0.4717859375 2 0.480886812 0.6019078125 2 0.5136292835 0.6044726563 2 0.4467102804 0.6037203125 2
2 0.4087590862 0.5370585937 0.0729075805 0.1393359375 0.4112533749 0.4721617187 2 0.4442128764 0.4717859375 2 0.3782928349 0.471034375 2 0.404761163 0.6033445312 2 0.4387196262 0.6037203125 2 0.3713011423 0.6040960938 2
2 0.3268587747 0.5309570313 0.1008826584 0.1395234375 0.3303509865 0.46426875 2 0.3777933541 0.465771875 2 0.2854049844 0.463140625 2 0.3223603323 0.5969546875 2 0.3698026999 0.59770625 2 0.2774153686 0.5958273438 2
2 0.275913811 0.53528125 0.1053686397 0.14028125 0.2806604361 0.4682226563 2 0.3276043614 0.468975 2 0.2357154725 0.4670953125 2 0.2706728972 0.6012851563 2 0.3176168224 0.6024125 2 0.2232305296 0.6012851563 2
2 0.187403946 0.529640625 0.1066251298 0.14028125 0.1937663551 0.4644640625 2 0.2392107996 0.4659671875 2 0.1493198339 0.462584375 2 0.1802824507 0.5952710937 2 0.2262263759 0.5963984375 2 0.1333385254 0.59451875 2
2 0.1348338525 0.5345273437 0.1048701973 0.1387734375 0.1423281412 0.4682226563 2 0.1872741433 0.4682226563 2 0.0973821391 0.4670953125 2 0.1303426791 0.6009085938 2 0.1752886812 0.6009085938 2 0.0848971963 0.6005328125 2
2 0.1633073728 0.3937890625 0.0689200415 0.11203125 0.1687964694 0.3400476562 2 0.1972616822 0.3404234375 2 0.1413291796 0.3389195313 2 0.1603063344 0.4467976562 2 0.1912689512 0.4475492188 2 0.1308421599 0.4467976562 2
2 0.1980062305 0.38946875 0.0664174455 0.11240625 0.2012564901 0.3362882812 2 0.230721703 0.3359125 2 0.1727912773 0.3359125 2 0.1927673936 0.4430390625 2 0.2232305296 0.4430390625 2 0.1662990654 0.4422875 2
2 0.2289771547 0.3949140625 0.0684215992 0.11203125 0.232219107 0.3419265625 2 0.2621827622 0.3419265625 2 0.206251298 0.341175 2 0.2262263759 0.447925 2 0.255192108 0.4486773438 2 0.1952637591 0.447925 2
2 0.2629283489 0.39228125 0.0674143302 0.11128125 0.2666780893 0.3389195313 2 0.2966417445 0.3389195313 2 0.2387113188 0.33854375 2 0.2591869159 0.4449179688 2 0.2901495327 0.4456703125 2 0.2297227414 0.4441664063 2
2 0.3483385254 0.3924140625 0.057549325 0.098875 0.3496645898 0.3451203125 2 0.377113188 0.3451203125 2 0.3222149533 0.3448859375 2 0.3487258567 0.4376101562 2 0.3758660436 0.4392648438 2 0.3203437175 0.4392648438 2
2 0.3789875389 0.3978125 0.0580166147 0.09840625 0.3796677051 0.3528234375 2 0.4076812046 0.3505203125 2 0.3527829699 0.3500507812 2 0.3793748702 0.4427953125 2 0.4070581516 0.4446648438 2 0.3506002077 0.4444304687 2
2 0.4094029076 0.3931171875 0.0552128764 0.098875 0.4098650052 0.346059375 2 0.4363790239 0.3465289062 2 0.38303946 0.345825 2 0.4092409138 0.4395 2 0.4373146417 0.439734375 2 0.3824164071 0.4395 2
2 0.4387175493 0.3988085937 0.0558359294 0.0982890625 0.4394974039 0.3519289063 2 0.4666344756 0.3521640625 2 0.4123603323 0.3516945312 2 0.4390934579 0.4437390625 2 0.4660114226 0.4456039063 2 0.4108006231 0.4449 2
2 0.4990706127 0.399921875 0.061443406 0.109671875 0.5020373832 0.3479390625 2 0.5297985462 0.3486429688 2 0.4724049844 0.3465304688 2 0.4979833853 0.451709375 2 0.5263676012 0.4528828125 2 0.4677268951 0.4510046875 2
2 0.5301090343 0.3974609375 0.0580166147 0.10896875 0.531046729 0.34535625 2 0.5584953271 0.3460609375 2 0.5042211838 0.3448867187 2 0.527615784 0.4491265625 2 0.5584953271 0.44983125 2 0.5007902388 0.4491265625 2
2 0.5597455867 0.4032148437 0.0592627207 0.1092109375 0.562238837 0.350990625 2 0.5890643821 0.3514601563 2 0.5351017653 0.3500515625 2 0.5597435099 0.4545265625 2 0.59 0.4557 2 0.5301111111 0.4535875 2
2 0.5898390447 0.40015625 0.0595742471 0.108734375 0.5918712357 0.3486429688 2 0.6190083074 0.3491125 2 0.5631744548 0.347234375 2 0.5903115265 0.451709375 2 0.6174485981 0.4526484375 2 0.5606791277 0.4507703125 2
2 0.6204880582 0.4050898438 0.0594184839 0.1087421875 0.6227518172 0.3533382812 2 0.6495773624 0.3538085938 2 0.5943665628 0.352634375 2 0.6205680166 0.4568742188 2 0.6492647975 0.457578125 2 0.5921838006 0.4566390625 2
2 0.6848234683 0.4040273437 0.0605088266 0.1122578125 0.6854475597 0.3509890625 2 0.7141443406 0.35169375 2 0.6545680166 0.3505195313 2 0.6848245067 0.4561679687 2 0.714768432 0.4571070312 2 0.655815161 0.4554640625 2
2 0.7164849429 0.3995703125 0.0601973001 0.110375 0.7166396677 0.3477023438 2 0.7434652129 0.348171875 2 0.6873198339 0.34629375 2 0.7175752856 0.4517070312 2 0.7456490135 0.4526460937 2 0.6873198339 0.451003125 2
2 0.7473676012 0.4058515625 0.0589511942 0.11003125 0.7465846314 0.3528671875 2 0.7740332295 0.3531023437 2 0.720694704 0.3526328125 2 0.7478317757 0.4575765625 2 0.7752814123 0.4587507813 2 0.7181993769 0.4571070312 2
2 0.7747352025 0.4039140625 0.0559916926 0.109203125 0.7746573209 0.3521632813 2 0.8008587747 0.3523976563 2 0.7468961578 0.35169375 2 0.7751121495 0.4538351562 2 0.8027300104 0.456403125 2 0.7475202492 0.45499375 2
2 0.8056178609 0.4102539063 0.0578608515 0.1092109375 0.8021069574 0.3577976562 2 0.8298681205 0.3585015625 2 0.7787123572 0.3570929688 2 0.8052263759 0.462271875 2 0.8308037383 0.4629765625 2 0.777152648 0.4618023437 2
2 0.5092107996 0.2892617188 0.0854620976 0.0622421875 0.5082762201 0.26121875 2 0.5497622015 0.2609835938 2 0.4677268951 0.2609835938 2 0.5095244029 0.3175648437 2 0.5510093458 0.3173296875 2 0.4664787124 0.31826875 2
2 0.553655244 0.29478125 0.0845275182 0.063421875 0.5535046729 0.2656796875 2 0.5956147456 0.2663835937 2 0.5138909657 0.264740625 2 0.5531931464 0.3229640625 2 0.5959262721 0.323903125 2 0.5117071651 0.3224945312 2
2 0.5988110073 0.28990625 0.0840602285 0.062828125 0.599357217 0.2623921875 2 0.6399075805 0.263096875 2 0.558807892 0.2609835938 2 0.5996697819 0.3185039063 2 0.6395950156 0.3194429688 2 0.5572481828 0.318034375 2
2 0.6424766355 0.2958945312 0.0834371755 0.0635390625 0.643026999 0.2680273437 2 0.6829522326 0.2692007813 2 0.6031007269 0.26661875 2 0.6427144341 0.3243726563 2 0.6832647975 0.32578125 2 0.6009169263 0.3241382812 2
2 0.309423676 0.2803515625 0.0920145379 0.068359375 0.3123894081 0.2509054687 2 0.3554350987 0.2525484375 2 0.269344756 0.2490273437 2 0.3083343718 0.31006875 2 0.3513800623 0.311946875 2 0.2637300104 0.3091296875 2
2 0.3580841121 0.2774804687 0.090145379 0.0675390625 0.3591775701 0.247853125 2 0.4022232606 0.249496875 2 0.3170685358 0.2462101563 2 0.3554350987 0.3070164062 2 0.3981682243 0.3086601562 2 0.3139491173 0.3058421875 2
2 0.4024610592 0.2838710938 0.0899896158 0.0655390625 0.4044060228 0.25513125 2 0.446827622 0.2560703125 2 0.3622969886 0.2534875 2 0.4031588785 0.313825 2 0.4452679128 0.314059375 2 0.3579304258 0.3133554688 2
