1 0.373703125 0.4811171875 0.296875 0.298171875 0.3697921875 0.3424484375 2 0.229003125 0.335790625 2 0.5143234375 0.3450515625 2 0.3776046875 0.609375 2 0 0 0 0 0 0
1 0.36784375 0.4934921875 0.26953125 0.286453125 0.3645828125 0.62109375 2 0.23828125 0.6197921875 2 0.4856765625 0.6197921875 2 0.3489578125 0.3502609375 2 0 0 0 0 0 0
1 0.5195234375 0.4791640625 0.278640625 0.283859375 0.5143234375 0.61328125 2 0.6484375 0.6145828125 2 0.38671875 0.61328125 2 0.521121875 0.3408171875 2 0 0 0 0 0 0
1 0.6809921875 0.4921796875 0.283859375 0.286453125 0.6796875 0.6236984375 2 0.80859375 0.6236984375 2 0.5455734375 0.6276046875 2 0.6861984375 0.35546875 2 0 0 0 0 0 0
1 0.67121875 0.4739609375 0.30078125 0.286453125 0.6705734375 0.3450515625 2 0.81640625 0.3385421875 2 0.5286453125 0.3463546875 2 0.66796875 0.6080734375 2 0 0 0 0 0 0
1 0.3678359375 0.8092421875 0.264328125 0.227859375 0.3671875 0.70703125 2 0.2421875 0.7044265625 2 0.4973953125 0.70703125 2 0.37890625 0.9166671875 2 0 0 0 0 0 0
1 0.6367265625 0.8157578125 0.260421875 0.233078125 0.6393234375 0.7083328125 2 0.5130203125 0.7083328125 2 0.7643234375 0.7057296875 2 0.6302078125 0.9270828125 2 0 0 0 0 0 0
1 0.6516875 0.829421875 0.25390625 0.234375 0.65356875 0.9436609375 2 0.7754453125 0.9436609375 2 0.527940625 0.9436609375 2 0.6531421875 0.71519375 2 0 0 0 0 0 0
1 0.3639375 0.8242109375 0.24609375 0.231765625 0.3658859375 0.9283859375 2 0.2439875 0.9371828125 2 0.4838765625 0.9371828125 2 0.3567703125 0.7096359375 2 0 0 0 0 0 0
1 0.5013046875 0.8229140625 0.231765625 0.223953125 0.503015625 0.9320734375 2 0.614265625 0.9320734375 2 0.3883375 0.9320734375 2 0.502625 0.7137609375 2 0 0 0 0 0 0
