1 0.272140625 0.4973984375 0.2578125 0.184890625 0.2708328125 0.4140625 2 0.1458328125 0.4127609375 2 0.3958328125 0.41796875 2 0.2513015625 0.5859375 2 0 0 0 0 0 0
1 0.2324140625 0.509109375 0.251296875 0.1953125 0.234375 0.5924484375 2 0.1119796875 0.58984375 2 0.3502609375 0.5924484375 2 0.2513015625 0.421875 2 0 0 0 0 0 0
1 0.3867109375 0.5097734375 0.255203125 0.194015625 0.3828125 0.58984375 2 0.5065109375 0.5950515625 2 0.265625 0.58984375 2 0.4036453125 0.4192703125 2 0 0 0 0 0 0
1 0.5358125 0.5227890625 0.26171875 0.196609375 0.53515625 0.6041671875 2 0.6549484375 0.6080734375 2 0.4114578125 0.6002609375 2 0.5638015625 0.4296875 2 0 0 0 0 0 0
1 0.5442734375 0.5065078125 0.260421875 0.190109375 0.5455734375 0.4192703125 2 0.66015625 0.4192703125 2 0.4173453125 0.4138546875 2 0.5169265625 0.59765625 2 0 0 0 0 0 0
1 0.2050859375 0.697921875 0.240890625 0.171875 0.2096359375 0.6197921875 2 0.087671875 0.6141453125 2 0.3203125 0.6263015625 2 0.1940109375 0.7760421875 2 0 0 0 0 0 0
1 0.177078125 0.713546875 0.2421875 0.1796875 0.1731765625 0.7838546875 2 0.0598953125 0.7825515625 2 0.2890625 0.79296875 2 0.1861984375 0.6276046875 2 0 0 0 0 0 0
1 0.3190078125 0.7135390625 0.229171875 0.161453125 0.3177078125 0.78125 2 0.42578125 0.7890625 2 0.20703125 0.77734375 2 0.33203125 0.6380203125 2 0 0 0 0 0 0
1 0.4726484375 0.7161484375 0.263015625 0.182296875 0.47265625 0.6341140625 2 0.6002609375 0.6419265625 2 0.3515625 0.6315109375 2 0.4427078125 0.7903640625 2 0 0 0 0 0 0
1 0.4602890625 0.72721875 0.243484375 0.18359375 0.4583328125 0.8020828125 2 0.5768234375 0.8072921875 2 0.34375 0.7955734375 2 0.48828125 0.640625 2 0 0 0 0 0 0
1 0.146484375 0.893875 0.23828125 0.16015625 0.1471359375 0.9609375 2 0.0390625 0.95703125 2 0.26171875 0.9661453125 2 0.1588546875 0.8190109375 2 0 0 0 0 0 0
1 0.17578125 0.8802109375 0.234375 0.153640625 0.1770828125 0.81640625 2 0.0638015625 0.8111984375 2 0.28515625 0.8190109375 2 0.1640625 0.9505203125 2 0 0 0 0 0 0
1 0.4238359375 0.893234375 0.248703125 0.15625 0.42578125 0.82421875 2 0.5403640625 0.8268234375 2 0.30859375 0.8216140625 2 0.40234375 0.9661453125 2 0 0 0 0 0 0
1 0.4212265625 0.909375 0.227859375 0.1625 0.421875 0.9752609375 2 0.5260421875 0.9817703125 2 0.3125 0.96875 2 0.4427078125 0.8294265625 2 0 0 0 0 0 0
1 0.2792890625 0.88996875 0.251296875 0.16796875 0.2825515625 0.9583328125 2 0.3932296875 0.9635421875 2 0.1614578125 0.9596359375 2 0.2994796875 0.8190109375 2 0 0 0 0 0 0
1 0.18425 0.2766953125 0.26171875 0.227859375 0.18359375 0.359375 2 0.0638015625 0.3385421875 2 0.2942703125 0.3802078125 2 0.2864578125 0.171875 2 0 0 0 0 0 0
1 0.4655 0.255203125 0.28515625 0.2265625 0.4700515625 0.1692703125 2 0.3265109375 0.1447828125 2 0.5924484375 0.1875 2 0.3671875 0.3606765625 2 0 0 0 0 0 0
1 0.4759140625 0.2903671875 0.272140625 0.216140625 0.4752609375 0.3854171875 2 0.6015625 0.38671875 2 0.3489578125 0.3828125 2 0.5091140625 0.1861984375 2 0 0 0 0 0 0
1 0.3372421875 0.2747421875 0.255203125 0.213546875 0.3333328125 0.3658859375 2 0.4616265625 0.37881875 2 0.21484375 0.3580734375 2 0.3958328125 0.1731765625 2 0 0 0 0 0 0
