1 0.1435546875 0.288796875 0.256609375 0.4200625 0.147359375 0.116025 2 0.0237125 0.142278125 2 0.268465625 0.0897703125 2 0.229509375 0.488659375 2 0 0 0 0 0 0
1 0.21553125 0.3379140625 0.24475 0.416671875 0.2184984375 0.505596875 2 0.0965453125 0.5352390625 2 0.3328296875 0.480190625 2 0.1329625 0.133809375 2 0 0 0 0 0 0
1 0.3459609375 0.2845546875 0.258296875 0.401421875 0.350615625 0.4547828125 2 0.4683328125 0.4302234375 2 0.23713125 0.4810375 2 0.271853125 0.0897703125 2 0 0 0 0 0 0
1 0.4899296875 0.2837109375 0.231203125 0.409890625 0.49966875 0.4471609375 2 0.3772421875 0.4834921875 2 0.60045 0.4175203125 2 0.4226015625 0.0813015625 2 0 0 0 0 0 0
1 0.3916953125 0.2443359375 0.222734375 0.390421875 0.402275 0.0677515625 2 0.493740625 0.0508140625 2 0.2837109375 0.0957 2 0.4810375 0.4378453125 2 0 0 0 0 0 0
1 0.2586484375 0.76296875 0.256609375 0.4200625 0.262453125 0.5902015625 2 0.143125 0.614 2 0.383559375 0.563946875 2 0.3412984375 0.9561453125 2 0 0 0 0 0 0
1 0.32428125 0.8009765625 0.2506875 0.398046875 0.3302046875 0.97798125 2 0.253221875 1 2 0.4386921875 0.9476765625 2 0.238825 0.609765625 2 0 0 0 0 0 0
1 0.4627421875 0.7494140625 0.258296875 0.401421875 0.4674015625 0.91964375 2 0.5851203125 0.895084375 2 0.3539171875 0.9458984375 2 0.388640625 0.55463125 2 0 0 0 0 0 0
1 0.6189921875 0.744765625 0.248984375 0.4124375 0.6198421875 0.906940625 2 0.511525 0.9375140625 2 0.732565625 0.885853125 2 0.5403203125 0.5411671875 2 0 0 0 0 0 0
1 0.51440625 0.70071875 0.24475 0.40396875 0.51398125 0.53091875 2 0.62924375 0.50475 2 0.395415625 0.558865625 2 0.5927421875 0.9010125 2 0 0 0 0 0 0
1 0.6392421875 0.41071875 0.193640625 0.33628125 0.6382015625 0.5528296875 2 0.7292984375 0.5283640625 2 0.5606375 0.572090625 2 0.563240625 0.2457015625 2 0 0 0 0 0 0
1 0.57053125 0.367765625 0.2071875 0.342 0.576775 0.23425 2 0.4737046875 0.2581953125 2 0.6735984375 0.2087421875 2 0.6465296875 0.5346109375 2 0 0 0 0 0 0
1 0.7485546875 0.365421875 0.196765625 0.3373125 0.750640625 0.4992125 2 0.6526546875 0.5298375 2 0.8433 0.4763078125 2 0.680365625 0.19833125 2 0 0 0 0 0 0
1 0.8682890625 0.3586640625 0.199890625 0.334203125 0.8672453125 0.48671875 2 0.770859375 0.5215484375 2 0.9562609375 0.462253125 2 0.8037375 0.190003125 2 0 0 0 0 0 0
1 0.783953125 0.3149375 0.18428125 0.33003125 0.7844765625 0.177509375 2 0.6939 0.206140625 2 0.873771875 0.1540796875 2 0.851628125 0.4757875 2 0 0 0 0 0 0
