1 0.5870618557 0.4128504673 0.3344845361 0.4058878505 0.5950747423 0.6077827103 2 0.4266907216 0.6098621495 2 0.7485695876 0.6067453271 2 0.5744561856 0.2140514019 2 0 0 0 0 0 0
1 0.5446778351 0.3931892523 0.3436340206 0.4021728972 0.5469639175 0.1984672897 2 0.7121623711 0.1971775701 2 0.3771829897 0.1971775701 2 0.5664381443 0.5922009346 2 0 0 0 0 0 0
1 0.1778350515 0.3929439252 0.3556701031 0.4047663551 0.1758298969 0.1974275701 2 0.3511881443 0.1956518692 2 0.0044819588 0.1956518692 2 0.1987396907 0.5942780374 2 0 0 0 0 0 0
1 0.3848840206 0.3980373832 0.353943299 0.4012149533 0.3854536082 0.591161215 2 0.5573943299 0.5935934579 2 0.2113402062 0.5880443925 2 0.3648350515 0.1974275701 2 0 0 0 0 0 0
1 0.185 0.4097196262 0.3459278351 0.4058878505 0.1838479381 0.6057056075 2 0.0163891753 0.6075514019 2 0.3556701031 0.6057056075 2 0.1575025773 0.2109345794 2 0 0 0 0 0 0
1 0.4221005155 0.8231308411 0.3115721649 0.2893925234 0.4221082474 0.9589228972 2 0.2674690722 0.9630771028 2 0.5710206186 0.9578831776 2 0.4014896907 0.6784275701 2 0 0 0 0 0 0
1 0.4295489691 0.8016238318 0.3127061856 0.2896495327 0.4301262887 0.6690771028 2 0.2766314433 0.6680373832 2 0.583621134 0.667 2 0.443871134 0.9423014019 2 0 0 0 0 0 0
1 0.6033891753 0.811682243 0.3064175258 0.2810747664 0.6030927835 0.943338785 2 0.4530360825 0.9464556075 2 0.7520051546 0.9443785047 2 0.5882010309 0.6721939252 2 0 0 0 0 0 0
1 0.7488402062 0.8039719626 0.2949484536 0.2828971963 0.7474226804 0.6690771028 2 0.6065283505 0.6680373832 2 0.8926159794 0.6660794393 2 0.7680412371 0.9423014019 2 0 0 0 0 0 0
1 0.7984020619 0.8225934579 0.2943814433 0.2904205607 0.7989690722 0.953728972 2 0.6580747423 0.9599602804 2 0.941007732 0.9506121495 2 0.7760592784 0.6805046729 2 0 0 0 0 0 0
