3 0.13203125 0.83046875 0.2640625 0.2796875 0.0872390625 0.94140625 2 0.2447921875 0.7395828125 2 0 0.8424484375 2 0 0 0 0 0 0 0 0 0
3 0.255203125 0.7597578125 0.359375 0.266921875 0.2721359375 0.6549484375 2 0.0911453125 0.8841140625 2 0.430365625 0.889415625 2 0 0 0 0 0 0 0 0 0
3 0.29296875 0.5162734375 0.359375 0.266921875 0.3098953125 0.4114578125 2 0.12890625 0.640625 2 0.4466140625 0.62109375 2 0 0 0 0 0 0 0 0 0
3 0.294265625 0.4068984375 0.359375 0.266921875 0.3111984375 0.3020828125 2 0.1302078125 0.53125 2 0.4479171875 0.51171875 2 0 0 0 0 0 0 0 0 0
3 0.294265625 0.3027265625 0.359375 0.266921875 0.3111984375 0.1979171875 2 0.1302078125 0.4270828125 2 0.4479171875 0.4075515625 2 0 0 0 0 0 0 0 0 0
3 0.2682265625 0.2239609375 0.385421875 0.322921875 0.28125 0.07421875 2 0.0950515625 0.3502609375 2 0.4388015625 0.26171875 2 0 0 0 0 0 0 0 0 0
3 0.2630234375 0.7031328125 0.385421875 0.322921875 0.2760421875 0.5533859375 2 0.1041671875 0.7604171875 2 0.4114578125 0.76953125 2 0 0 0 0 0 0 0 0 0
3 0.2591171875 0.8587265625 0.385421875 0.240890625 0.2721359375 0.765625 2 0.1002609375 0.97265625 2 0.42578125 0.98046875 2 0 0 0 0 0 0 0 0 0
3 0.55078125 0.109375 0.2984375 0.21875 0.55859375 0 2 0.43359375 0.1783859375 2 0.6809890625 0.1861984375 2 0 0 0 0 0 0 0 0 0
3 0.5774765625 0.2389296875 0.298171875 0.220046875 0.5846359375 0.12890625 2 0.4596359375 0.3072921875 2 0.70703125 0.3151046875 2 0 0 0 0 0 0 0 0 0
3 0.5970078125 0.3509140625 0.298171875 0.220046875 0.6041671875 0.2408859375 2 0.4791671875 0.4192703125 2 0.7161453125 0.4348953125 2 0 0 0 0 0 0 0 0 0
3 0.6113203125 0.4563828125 0.298171875 0.220046875 0.6184890625 0.3463546875 2 0.4934890625 0.5247390625 2 0.73046875 0.5403640625 2 0 0 0 0 0 0 0 0 0
3 0.6035078125 0.5501328125 0.298171875 0.220046875 0.6106765625 0.4401046875 2 0.4856765625 0.6184890625 2 0.72265625 0.6341140625 2 0 0 0 0 0 0 0 0 0
3 0.6126328125 0.6568984375 0.298171875 0.220046875 0.6197921875 0.546875 2 0.4947921875 0.7252609375 2 0.7317703125 0.7408859375 2 0 0 0 0 0 0 0 0 0
3 0.6061171875 0.7376328125 0.298171875 0.220046875 0.61328125 0.6276046875 2 0.48828125 0.8059890625 2 0.7252609375 0.8216140625 2 0 0 0 0 0 0 0 0 0
3 0.603515625 0.8144453125 0.26953125 0.227859375 0.6119796875 0.7291671875 2 0.4869796875 0.9075515625 2 0.71484375 0.9075515625 2 0 0 0 0 0 0 0 0 0
3 0.8391953125 0.2454453125 0.298171875 0.220046875 0.8463546875 0.1354171875 2 0.7369796875 0.2890625 2 0.9375 0.3138015625 2 0 0 0 0 0 0 0 0 0
3 0.8541640625 0.3443984375 0.236984375 0.220046875 0.86328125 0.234375 2 0.75390625 0.3880203125 2 0.9544265625 0.4127609375 2 0 0 0 0 0 0 0 0 0
3 0.8541640625 0.4342421875 0.236984375 0.220046875 0.86328125 0.32421875 2 0.75390625 0.4778640625 2 0.9544265625 0.5026046875 2 0 0 0 0 0 0 0 0 0
3 0.8554765625 0.4882890625 0.236984375 0.213546875 0.8645828125 0.40625 2 0.7630203125 0.5611984375 2 0.9557296875 0.5846359375 2 0 0 0 0 0 0 0 0 0
3 0.8554765625 0.5690078125 0.236984375 0.213546875 0.8645828125 0.4869796875 2 0.7630203125 0.6419265625 2 0.9557296875 0.6653640625 2 0 0 0 0 0 0 0 0 0
3 0.8528671875 0.6419296875 0.236984375 0.213546875 0.8619796875 0.5598953125 2 0.7604171875 0.71484375 2 0.953125 0.73828125 2 0 0 0 0 0 0 0 0 0
3 0.8476640625 0.7226484375 0.236984375 0.200515625 0.8567703125 0.6471359375 2 0.7578125 0.80859375 2 0.9453125 0.80859375 2 0 0 0 0 0 0 0 0 0
3 0.8528671875 0.7981796875 0.236984375 0.200515625 0.8619796875 0.72265625 2 0.7630203125 0.8841140625 2 0.9505203125 0.8841140625 2 0 0 0 0 0 0 0 0 0
3 0.6002578125 0.8932265625 0.236984375 0.213546875 0.609375 0.8111984375 2 0.4947921875 0.9869796875 2 0.7109375 0.98828125 2 0 0 0 0 0 0 0 0 0
3 0.8261640625 0.1347578125 0.298171875 0.220046875 0.8333328125 0.0247390625 2 0.75 0.1927078125 2 0.9375 0.1731765625 2 0 0 0 0 0 0 0 0 0
3 0.208984375 0.0540390625 0.34765625 0.108078125 0 0 0 0.0455734375 0.0651046875 2 0.3684890625 0.0807296875 2 0 0 0 0 0 0 0 0 0
3 0.1100234375 0.356125 0.204421875 0.19140625 0.0651046875 0.4401046875 2 0.0052078125 0.3697921875 2 0.2018234375 0.2799484375 2 0 0 0 0 0 0 0 0 0
3 0.1158828125 0.4348984375 0.231765625 0.208328125 0.0846359375 0.51171875 2 0.0026046875 0.4205734375 2 0.2213546875 0.3515625 2 0 0 0 0 0 0 0 0 0
3 0.1223984375 0.5156171875 0.244796875 0.192703125 0.09765625 0.59765625 2 0.0026046875 0.46875 2 0.21875 0.4453125 2 0 0 0 0 0 0 0 0 0
3 0.10546875 0.6203125 0.2109375 0.184375 0.0885421875 0.6770828125 2 0.0026046875 0.5677078125 2 0.1979171875 0.5559890625 1 0 0 0 0 0 0 0 0 0
3 0.0787734375 0.744796875 0.157546875 0.1796875 0.0546875 0.80078125 2 0.0026046875 0.7421875 2 0.140625 0.69140625 1 0 0 0 0 0 0 0 0 0
3 0.1282578125 0.8307265625 0.256515625 0.236984375 0.0768234375 0.9596359375 2 0.0026046875 0.8567703125 2 0.2369796875 0.7408859375 1 0 0 0 0 0 0 0 0 0
