1 0.403125 0.1296875 0.440625 0.259375 0.390625 0.2239578125 2 0.6171875 0.2526046875 2 0.1888015625 0.2018234375 2 0.3893234375 0.0013015625 2 0 0 0 0 0 0
1 0.3027421875 0.3268203125 0.389328125 0.221359375 0.2942703125 0.4231765625 2 0.1145828125 0.4166671875 2 0.4895828125 0.4283859375 2 0.2630203125 0.2200515625 2 0 0 0 0 0 0
1 0.59309375 0.377609375 0.44921875 0.265625 0.57421875 0.4661453125 2 0.8046875 0.5026046875 2 0.3723953125 0.4348953125 2 0.59375 0.2552078125 2 0 0 0 0 0 0
1 0.6907578125 0.62175 0.446609375 0.25390625 0.6731765625 0.6953125 2 0.9010421875 0.73828125 2 0.4700515625 0.6536453125 2 0.69330625 0.4979921875 2 0 0 0 0 0 0
1 0.2513046875 0.5214921875 0.348953125 0.194015625 0.2434890625 0.5859375 2 0.0872390625 0.5677078125 2 0.4205734375 0.6067703125 2 0.2213546875 0.4309890625 2 0 0 0 0 0 0
1 0.4472734375 0.5507734375 0.397140625 0.216140625 0.4388015625 0.6263015625 2 0.2630203125 0.6158859375 2 0.6302078125 0.6458328125 2 0.4166671875 0.4505203125 2 0 0 0 0 0 0
1 0.17253125 0.7031328125 0.31640625 0.190109375 0.171875 0.76171875 2 0.0247390625 0.7330734375 2 0.3216140625 0.7877609375 2 0.1471359375 0.61328125 2 0 0 0 0 0 0
1 0.3483046875 0.7454375 0.376296875 0.23046875 0.3359375 0.8059890625 2 0.1809890625 0.7786453125 2 0.5182296875 0.8424484375 2 0.3177078125 0.65234375 2 0 0 0 0 0 0
1 0.5397109375 0.782546875 0.384109375 0.2265625 0.5403640625 0.8411453125 2 0.3580734375 0.8203125 2 0.7278640625 0.88671875 2 0.5364578125 0.6809890625 2 0 0 0 0 0 0
1 0.7708359375 0.82878125 0.424484375 0.22265625 0.75 0.8880203125 2 0.9674484375 0.9309890625 2 0.5703125 0.859375 2 0.7669265625 0.7213546875 2 0 0 0 0 0 0
