0 0.7325 0.2360416667 0.061 0.0105625 0.7622314815 0.23089375 2 0.7027611111 0.23089375 2 0.7027611111 0.2411927083 2 0.7622314815 0.2411927083 2 0 0 0 0 0 0
0 0.7426666667 0.233671875 0.0634444444 0.0133854167 0.773587037 0.2402 2 0.7117388889 0.2402 2 0.773587037 0.2272416667 2 0.773587037 0.2271510417 2 0 0 0 0 0 0
0 0.7993425926 0.23459375 0.0629074074 0.0104166667 0.8299925926 0.22951875 2 0.7686722222 0.22951875 2 0.8299925926 0.2395979167 2 0.832412963 0.228203125 2 0 0 0 0 0 0
0 0.808287037 0.2299375 0.0612777778 0.0144583333 0.8381481481 0.236984375 2 0.7787259259 0.22545625 2 0.8381481481 0.2229895833 2 0.8381481481 0.2228927083 2 0 0 0 0 0 0
0 0.7301944444 0.25221875 0.0612777778 0.013625 0.7600574074 0.2455739583 2 0.7003240741 0.2455739583 2 0.7600574074 0.2587614583 2 0.7600574074 0.258853125 2 0 0 0 0 0 0
0 0.738462963 0.2496875 0.0631851852 0.0142916667 0.7692537037 0.2566614583 2 0.7087703704 0.24315625 2 0.7692537037 0.2428229167 2 0.7692537037 0.2427260417 2 0 0 0 0 0 0
0 0.7960833333 0.2510729167 0.0629074074 0.01225 0.8267388889 0.2450989583 2 0.7646259259 0.259025 2 0.8267388889 0.2569572917 2 0.8267388889 0.2570395833 2 0 0 0 0 0 0
0 0.8058425926 0.248703125 0.0629074074 0.0153645833 0.8365 0.2561895833 2 0.7754722222 0.2419354167 2 0.8365 0.2413177083 2 0.8365 0.2412135417 2 0 0 0 0 0 0
0 0.7211111111 0.2710520833 0.061 0.010125 0.7508425926 0.2661197917 2 0.6913722222 0.2661197917 2 0.7508425926 0.27591875 2 0.7505277778 0.2642135417 2 0 0 0 0 0 0
0 0.7330462963 0.2674635417 0.0620925926 0.0126145833 0.7633018519 0.2736114583 2 0.7027740741 0.2736114583 2 0.7633018519 0.2614052083 2 0.7633018519 0.2613208333 2 0 0 0 0 0 0
0 0.7874074074 0.269609375 0.0650740741 0.0118020833 0.8191203704 0.263853125 2 0.7556851852 0.263853125 2 0.8191203704 0.2752760417 2 0.8191203704 0.2753552083 2 0 0 0 0 0 0
0 0.7985277778 0.2663229167 0.0612777778 0.0139791667 0.828387037 0.2731375 2 0.7711333333 0.2605510417 2 0.828387037 0.2596010417 2 0.828387037 0.25950625 2 0 0 0 0 0 0
0 0.7133703704 0.286765625 0.0634444444 0.01409375 0.7443037037 0.279896875 2 0.6824555556 0.279896875 2 0.7443037037 0.2935416667 2 0.7443037037 0.2936364583 2 0 0 0 0 0 0
0 0.7215185185 0.284625 0.0634444444 0.0139791667 0.7524388889 0.2914395833 2 0.6905907407 0.2914395833 2 0.7524388889 0.2779104167 2 0.7524388889 0.2778166667 2 0 0 0 0 0 0
0 0.7773611111 0.286078125 0.0612777778 0.0118020833 0.807237037 0.280325 2 0.7475037037 0.280325 2 0.807237037 0.2917552083 2 0.8069259259 0.27855625 2 0 0 0 0 0 0
0 0.7853796296 0.2830989583 0.0593888889 0.0133645833 0.8143111111 0.2896166667 2 0.7564277778 0.2896166667 2 0.8143111111 0.276678125 2 0.8143111111 0.2765885417 2 0 0 0 0 0 0
0 0.577 0.237109375 0.0607407407 0.01453125 0.6065962963 0.2300291667 2 0.5473925926 0.2300291667 2 0.6065981481 0.2440958333 2 0.6065962963 0.24419375 2 0 0 0 0 0 0
0 0.5867592593 0.2355885417 0.0607407407 0.0123229167 0.6163592593 0.2415864583 2 0.5571537037 0.2415864583 2 0.6163592593 0.2296625 2 0.6163592593 0.2295791667 2 0 0 0 0 0 0
0 0.6420740741 0.2383333333 0.0607407407 0.0133125 0.6716722222 0.23184375 2 0.6124666667 0.23184375 2 0.6716722222 0.2447302083 2 0.6716722222 0.2448197917 2 0 0 0 0 0 0
0 0.6542777778 0.2361145833 0.0591111111 0.014 0.6830796296 0.2429385417 2 0.6254611111 0.2429385417 2 0.6830796296 0.2293895833 2 0.6830796296 0.2292947917 2 0 0 0 0 0 0
0 0.5737407407 0.2554166667 0.0574814815 0.0127083333 0.6017574074 0.2492229167 2 0.5457240741 0.2492229167 2 0.6017574074 0.2615260417 2 0.6017574074 0.2616114583 2 0 0 0 0 0 0
0 0.5883888889 0.2528177083 0.0607407407 0.0126145833 0.6179851852 0.2589697917 2 0.5587796296 0.2589697917 2 0.6179851852 0.2467572917 2 0.6179851852 0.246671875 2 0 0 0 0 0 0
0 0.6405833333 0.2549583333 0.0593888889 0.0154583333 0.6695203704 0.2474270833 2 0.611637037 0.2474270833 2 0.6695203704 0.2623885417 2 0.6695203704 0.2624927083 2 0 0 0 0 0 0
0 0.6496574074 0.2528958333 0.0563888889 0.013375 0.67715 0.2594177083 2 0.6221740741 0.2594177083 2 0.67715 0.2464666667 2 0.67715 0.2463770833 2 0 0 0 0 0 0
0 0.5647962963 0.271125 0.0591111111 0.0130208333 0.5936037037 0.264784375 2 0.5359833333 0.264784375 2 0.5936037037 0.2773885417 2 0.5936037037 0.2774760417 2 0 0 0 0 0 0
0 0.578212963 0.2689947917 0.0647962963 0.0113854167 0.6098 0.2745427083 2 0.5466296296 0.2745427083 2 0.6098 0.2635177083 2 0.6098 0.2634416667 2 0 0 0 0 0 0
0 0.6324537037 0.2731875 0.0593888889 0.0143958333 0.6613851852 0.2661739583 2 0.6035018519 0.2661739583 2 0.6613851852 0.2801083333 2 0.6613851852 0.28020625 2 0 0 0 0 0 0
0 0.6453148148 0.2699791667 0.0574814815 0.0139791667 0.6733388889 0.2767979167 2 0.6173055556 0.2767979167 2 0.6733388889 0.2632625 2 0.6733388889 0.26316875 2 0 0 0 0 0 0
0 0.5599074074 0.288140625 0.0591111111 0.0131770833 0.5887222222 0.281715625 2 0.5311037037 0.281715625 2 0.5887222222 0.294475 2 0.5887222222 0.2945635417 2 0 0 0 0 0 0
0 0.568462963 0.2854739583 0.0615555556 0.0113854167 0.5984518519 0.2910145833 2 0.5384555556 0.2910145833 2 0.5984518519 0.279996875 2 0.5984518519 0.2799197917 2 0 0 0 0 0 0
0 0.6225555556 0.2883697917 0.0607407407 0.0145520833 0.65215 0.281275 2 0.5929444444 0.281275 2 0.65215 0.2953645833 2 0.65215 0.2954625 2 0 0 0 0 0 0
0 0.6333981481 0.2870625 0.0596481481 0.01275 0.6624666667 0.2932854167 2 0.6043185185 0.2932854167 2 0.6624666667 0.2809385417 2 0.6624666667 0.280853125 2 0 0 0 0 0 0
0 0.1914444444 0.2616458333 0.031962963 0.0563541667 0.2070277778 0.2341822917 2 0.1758740741 0.2341822917 2 0.1758740741 0.2891135417 2 0.2070277778 0.2891135417 2 0 0 0 0 0 0
0 0.1951666667 0.2661041667 0.0269259259 0.0548125 0.1820425926 0.2928166667 2 0.2082962963 0.2928166667 2 0.2082962963 0.2393885417 2 0.1820425926 0.2393885417 2 0 0 0 0 0 0
0 0.2268240741 0.26425 0.0303518519 0.056125 0.2416185185 0.2368927083 2 0.2120333333 0.2368927083 2 0.2120333333 0.2916041667 2 0.2416203704 0.2916041667 2 0 0 0 0 0 0
0 0.2288333333 0.267984375 0.0235185185 0.0527395833 0.2173740741 0.2422770833 2 0.2402981481 0.2422770833 2 0.2402981481 0.2936833333 2 0.2173740741 0.2936833333 2 0 0 0 0 0 0
0 0.2631018519 0.2650416667 0.0317592593 0.055 0.2785851852 0.2382354167 2 0.2476277778 0.2382354167 2 0.2476277778 0.2918447917 2 0.2785851852 0.2918447917 2 0 0 0 0 0 0
0 0.2669166667 0.269 0.0233148148 0.0520625 0.2555611111 0.243625 2 0.2782888889 0.243625 2 0.2782888889 0.2943708333 2 0.2555611111 0.2943708333 2 0 0 0 0 0 0
0 0.2954722222 0.2649270833 0.0289444444 0.056125 0.3095740741 0.2375708333 2 0.2813611111 0.2375708333 2 0.2813611111 0.2922833333 2 0.3095740741 0.2922833333 2 0 0 0 0 0 0
0 0.2980833333 0.2691145833 0.0237222222 0.0536458333 0.2865203704 0.2429666667 2 0.3096407407 0.2429666667 2 0.3096407407 0.2952552083 2 0.2865203704 0.2952552083 2 0 0 0 0 0 0
0 0.3288240741 0.26634375 0.0257222222 0.0555625 0.3413722222 0.2392604167 2 0.3162944444 0.2392604167 2 0.3162944444 0.293421875 2 0.3413722222 0.293421875 2 0 0 0 0 0 0
0 0.3341481481 0.2723333333 0.0227037037 0.052625 0.3230888889 0.2466854167 2 0.3452296296 0.2466854167 2 0.3452296296 0.2979833333 2 0.3230888889 0.2979833333 2 0 0 0 0 0 0
0 0.3727592593 0.2454739583 0.0207037037 0.03621875 0.3828425926 0.2278229167 2 0.3626611111 0.2278229167 2 0.3626611111 0.263125 2 0.3828425926 0.2631260417 2 0 0 0 0 0 0
0 0.3755648148 0.2498802083 0.0219074074 0.0341770833 0.364887037 0.233225 2 0.3862444444 0.233225 2 0.3862444444 0.2665447917 2 0.364887037 0.2665447917 2 0 0 0 0 0 0
0 0.4009907407 0.2459895833 0.0229074074 0.0379166667 0.4121592593 0.2275052083 2 0.3898240741 0.2275052083 2 0.3898240741 0.2644614583 2 0.4121592593 0.2644614583 2 0 0 0 0 0 0
0 0.4050185185 0.2503333333 0.0197037037 0.0337291667 0.3954111111 0.233896875 2 0.414612963 0.233896875 2 0.414612963 0.2667760417 2 0.3954111111 0.2667760417 2 0 0 0 0 0 0
0 0.4290277778 0.2470625 0.0199074074 0.0353125 0.4387296296 0.229846875 2 0.4193314815 0.229846875 2 0.4193314815 0.2642677083 2 0.4387296296 0.2642677083 2 0 0 0 0 0 0
0 0.431537037 0.2522604167 0.0221111111 0.0321458333 0.4207666667 0.236590625 2 0.4423203704 0.236590625 2 0.4423203704 0.2679270833 2 0.4207666667 0.2679270833 2 0 0 0 0 0 0
0 0.4572777778 0.2463229167 0.0197037037 0.035875 0.4668722222 0.2288364583 2 0.4476703704 0.2288364583 2 0.4476703704 0.2638083333 2 0.4668722222 0.2638083333 2 0 0 0 0 0 0
0 0.4619814815 0.2499947917 0.0227037037 0.0330520833 0.4509240741 0.2338885417 2 0.4730648148 0.2338885417 2 0.4730648148 0.26610625 2 0.4509240741 0.26610625 2 0 0 0 0 0 0
0 0.37325 0.2834114583 0.0205 0.0313645833 0.3832462963 0.268125 2 0.3632611111 0.268125 2 0.3632611111 0.298703125 2 0.3832462963 0.298703125 2 0 0 0 0 0 0
0 0.3768611111 0.2860729167 0.0229074074 0.0332916667 0.3657037037 0.2698458333 2 0.3880407407 0.2698458333 2 0.3880407407 0.3022989583 2 0.3657037037 0.3022989583 2 0 0 0 0 0 0
0 0.4006851852 0.2839791667 0.0211111111 0.0311458333 0.4109759259 0.2688010417 2 0.3904037037 0.2688010417 2 0.3904037037 0.2991583333 2 0.4109759259 0.2991583333 2 0 0 0 0 0 0
0 0.4036111111 0.2870364583 0.0225185185 0.0318229167 0.3926333333 0.2715229167 2 0.4145759259 0.2715229167 2 0.4145759259 0.30254375 2 0.3926333333 0.30254375 2 0 0 0 0 0 0
0 0.4271296296 0.2838645833 0.0221111111 0.0309166667 0.4378981481 0.2687979167 2 0.4163444444 0.2687979167 2 0.4163444444 0.2989354167 2 0.4378981481 0.2989354167 2 0 0 0 0 0 0
0 0.4308425926 0.2874270833 0.0199074074 0.0346458333 0.4211407407 0.270540625 2 0.4405388889 0.270540625 2 0.4405388889 0.3043177083 2 0.4211407407 0.3043177083 2 0 0 0 0 0 0
0 0.4538425926 0.283703125 0.0200925926 0.0312604167 0.46365 0.2684625 2 0.4440574074 0.2684625 2 0.4440574074 0.29893125 2 0.46365 0.29893125 2 0 0 0 0 0 0
0 0.4578703704 0.2873177083 0.0225185185 0.0344270833 0.4469018519 0.2705375 2 0.4688462963 0.2705375 2 0.4688462963 0.30409375 2 0.4469018519 0.30409375 2 0 0 0 0 0 0
0 0.1812962963 0.339109375 0.0305555556 0.0498229167 0.1664092593 0.3148260417 2 0.1961907407 0.3148260417 2 0.1961907407 0.3633958333 2 0.1664092593 0.3633958333 2 0 0 0 0 0 0
0 0.1738703704 0.3430729167 0.0221111111 0.0523125 0.1846388889 0.3175708333 2 0.163087037 0.3175708333 2 0.163087037 0.3685677083 2 0.1846407407 0.3685677083 2 0 0 0 0 0 0
0 0.2146574074 0.3400104167 0.0289444444 0.0475625 0.2005592593 0.3168322917 2 0.2287722222 0.3168322917 2 0.2287722222 0.3631979167 2 0.2005592593 0.3631989583 2 0 0 0 0 0 0
0 0.2061296296 0.3422239583 0.0211111111 0.0494895833 0.2164092593 0.3181 2 0.1981833333 0.3176489583 2 0.1965759259 0.3678697917 2 0.2170777778 0.3680958333 2 0 0 0 0 0 0
0 0.2431111111 0.338546875 0.0239259259 0.05140625 0.23145 0.3134895833 2 0.2547648148 0.3134895833 2 0.2547648148 0.3636020833 2 0.23145 0.3636020833 2 0 0 0 0 0 0
0 0.2410925926 0.343296875 0.0202962963 0.05140625 0.2509925926 0.3182375 2 0.2312037037 0.3182375 2 0.2312037037 0.368353125 2 0.2509925926 0.368353125 2 0 0 0 0 0 0
0 0.2767685185 0.33809375 0.0229074074 0.0505 0.2656074074 0.313478125 2 0.2879425926 0.313478125 2 0.2879425926 0.362709375 2 0.2656074074 0.362709375 2 0 0 0 0 0 0
0 0.2743703704 0.3425104167 0.0253333333 0.0511875 0.2867055556 0.31755625 2 0.2620185185 0.31755625 2 0.2620185185 0.3674510417 2 0.2867055556 0.3674510417 2 0 0 0 0 0 0
0 0.3089351852 0.3384375 0.0237222222 0.0511875 0.2973740741 0.3134864583 2 0.3204944444 0.3134864583 2 0.3204944444 0.3633791667 2 0.2973740741 0.3633791667 2 0 0 0 0 0 0
0 0.3054259259 0.3423958333 0.0235185185 0.0509583333 0.3168796296 0.3175541667 2 0.2939555556 0.3175541667 2 0.2939555556 0.367228125 2 0.3168796296 0.367228125 2 0 0 0 0 0 0
0 0.3730462963 0.340015625 0.0257222222 0.05028125 0.360512963 0.3155104167 2 0.3855925926 0.3155104167 2 0.3855925926 0.364521875 2 0.360512963 0.364521875 2 0 0 0 0 0 0
0 0.3699351852 0.3438645833 0.0247222222 0.0498333333 0.381987037 0.319575 2 0.357887037 0.319575 2 0.357887037 0.368146875 2 0.381987037 0.368146875 2 0 0 0 0 0 0
0 0.4034074074 0.3397864583 0.0253333333 0.0498229167 0.3910592593 0.3155041667 2 0.4157462963 0.3155041667 2 0.4157462963 0.364075 2 0.3910592593 0.364075 2 0 0 0 0 0 0
0 0.3999907407 0.3434635417 0.0233148148 0.04971875 0.41135 0.319234375 2 0.3886222222 0.319234375 2 0.3886222222 0.3676958333 2 0.41135 0.3676958333 2 0 0 0 0 0 0
0 0.4330462963 0.3395 0.027537037 0.0512916667 0.4196296296 0.3145052083 2 0.4464722222 0.3145052083 2 0.4464722222 0.3645083333 2 0.4196296296 0.3645083333 2 0 0 0 0 0 0
0 0.4305462963 0.3443125 0.026537037 0.0507291667 0.4434703704 0.3195864583 2 0.4176074074 0.3195864583 2 0.4176074074 0.369040625 2 0.4434703704 0.369040625 2 0 0 0 0 0 0
0 0.4654074074 0.3399010417 0.0231111111 0.05140625 0.4541462963 0.3148458333 2 0.4766777778 0.3148458333 2 0.4766777778 0.364959375 2 0.4541462963 0.364959375 2 0 0 0 0 0 0
0 0.4611851852 0.3443645833 0.0239259259 0.0501666667 0.4728481481 0.3199177083 2 0.4495333333 0.3199177083 2 0.4495333333 0.3688208333 2 0.4728481481 0.3688208333 2 0 0 0 0 0 0
0 0.4978703704 0.3401302083 0.0245185185 0.0505104167 0.4859203704 0.3155125 2 0.5098240741 0.3155125 2 0.5098240741 0.3647447917 2 0.4859203704 0.3647447917 2 0 0 0 0 0 0
0 0.4918425926 0.34375 0.0213148148 0.0509583333 0.5022277778 0.3189104167 2 0.4814592593 0.3189104167 2 0.4814592593 0.3685854167 2 0.5022277778 0.3685854167 2 0 0 0 0 0 0
0 0.5618981481 0.33628125 0.0279444444 0.0523125 0.5482740741 0.3107875 2 0.5755074074 0.3107875 2 0.5755074074 0.36178125 2 0.5482740741 0.36178125 2 0 0 0 0 0 0
0 0.5573518519 0.33990625 0.0220740741 0.0527708333 0.5681092593 0.314184375 2 0.5465907407 0.314184375 2 0.5465907407 0.3656208333 2 0.5681092593 0.365621875 2 0 0 0 0 0 0
0 0.5955185185 0.3354427083 0.0245185185 0.05265625 0.5835703704 0.3097739583 2 0.6074740741 0.3097739583 2 0.6074740741 0.3610979167 2 0.5835703704 0.3610979167 2 0 0 0 0 0 0
0 0.5908888889 0.340015625 0.0217037037 0.0516354167 0.6014796296 0.3148489583 2 0.5803185185 0.3148489583 2 0.5803185185 0.3651833333 2 0.6014796296 0.3651833333 2 0 0 0 0 0 0
0 0.6262685185 0.334703125 0.0257222222 0.0518645833 0.6137351852 0.309425 2 0.6388148148 0.309425 2 0.6388148148 0.3599770833 2 0.6137351852 0.3599770833 2 0 0 0 0 0 0
0 0.6223518519 0.3393385417 0.0207037037 0.0529895833 0.6324462963 0.313509375 2 0.6122648148 0.313509375 2 0.6122648148 0.365165625 2 0.6324462963 0.365165625 2 0 0 0 0 0 0
0 0.659537037 0.3340260417 0.0255185185 0.05321875 0.6470981481 0.3080854167 2 0.6719814815 0.3080854167 2 0.6719814815 0.3599604167 2 0.6470981481 0.3599604167 2 0 0 0 0 0 0
0 0.6553240741 0.338828125 0.0215 0.05265625 0.6658018519 0.313165625 2 0.644837037 0.313165625 2 0.644837037 0.3644916667 2 0.6658018519 0.3644916667 2 0 0 0 0 0 0
0 0.6933055556 0.3348125 0.0279444444 0.0520833333 0.6796907407 0.3094270833 2 0.7069240741 0.3094270833 2 0.7069240741 0.3602010417 2 0.6796907407 0.3602010417 2 0 0 0 0 0 0
0 0.6869722222 0.3387760417 0.0209074074 0.05321875 0.6971648148 0.3128333333 2 0.676787037 0.3128333333 2 0.676787037 0.3647104167 2 0.6971648148 0.3647104167 2 0 0 0 0 0 0
0 0.7457037037 0.3349791667 0.0249259259 0.0558125 0.7578518519 0.3077791667 2 0.7335555556 0.3077791667 2 0.7335555556 0.3621822917 2 0.7578518519 0.3621822917 2 0 0 0 0 0 0
0 0.7525462963 0.3395104167 0.0289444444 0.0499375 0.7384314815 0.3151666667 2 0.7666444444 0.3151666667 2 0.7666444444 0.363840625 2 0.7384296296 0.363840625 2 0 0 0 0 0 0
0 0.7810833333 0.3333958333 0.0233148148 0.054 0.7924425926 0.3070770833 2 0.7697148148 0.3070770833 2 0.7697148148 0.3597166667 2 0.7924425926 0.3597166667 2 0 0 0 0 0 0
0 0.7864166667 0.3382083333 0.0251296296 0.0520833333 0.7741592593 0.3128197917 2 0.7986518519 0.3128197917 2 0.7986518519 0.3635864583 2 0.7741592593 0.3635864583 2 0 0 0 0 0 0
0 0.8151574074 0.3335729167 0.027537037 0.0536666667 0.8285703704 0.3074125 2 0.8017277778 0.3074125 2 0.8017277778 0.3597208333 2 0.8285703704 0.3597208333 2 0 0 0 0 0 0
0 0.8180648148 0.3380364583 0.0257222222 0.05378125 0.8055240741 0.3118229167 2 0.8306018519 0.3118229167 2 0.8306018519 0.3642447917 2 0.8055240741 0.36424375 2 0 0 0 0 0 0
0 0.8488055556 0.3331197917 0.028537037 0.0527604167 0.8627277778 0.3074010417 2 0.8349037037 0.3074010417 2 0.8349037037 0.358828125 2 0.8627277778 0.358828125 2 0 0 0 0 0 0
0 0.8522407407 0.33690625 0.0273333333 0.052875 0.8389092593 0.3111333333 2 0.8655555556 0.3111333333 2 0.8655555556 0.362671875 2 0.8389092593 0.362671875 2 0 0 0 0 0 0
0 0.8826944444 0.33328125 0.0251296296 0.0537708333 0.8949296296 0.307075 2 0.8704388889 0.307075 2 0.8704388889 0.35949375 2 0.8949296296 0.35949375 2 0 0 0 0 0 0
0 0.8876111111 0.3376354167 0.0241111111 0.0550208333 0.8758518519 0.3108208333 2 0.8993648148 0.3108208333 2 0.8993648148 0.3644552083 2 0.8758518519 0.3644552083 2 0 0 0 0 0 0
0 0.7397777778 0.40715625 0.0283333333 0.0516041667 0.7259611111 0.3820072917 2 0.753587037 0.3820072917 2 0.7521351852 0.432284375 2 0.7259814815 0.4323114583 2 0 0 0 0 0 0
0 0.7366574074 0.41128125 0.0213148148 0.0523958333 0.7470425926 0.3857479167 2 0.7262740741 0.3857479167 2 0.722387037 0.4368083333 2 0.7470425926 0.4368260417 2 0 0 0 0 0 0
0 0.7673055556 0.4111197917 0.0219074074 0.0527395833 0.7779888889 0.3854135417 2 0.7566333333 0.3854135417 2 0.7566333333 0.436821875 2 0.7758537037 0.436809375 2 0 0 0 0 0 0
0 0.77525 0.4078385417 0.0229074074 0.0556770833 0.7640814815 0.3807010417 2 0.7864185185 0.3807010417 2 0.7842944444 0.4336416667 2 0.7641962963 0.4336416667 2 0 0 0 0 0 0
0 0.804787037 0.408171875 0.0257222222 0.05228125 0.7922574074 0.38269375 2 0.817337037 0.38269375 2 0.817337037 0.4336614583 2 0.7922574074 0.4336614583 2 0 0 0 0 0 0
0 0.8008703704 0.41078125 0.0207037037 0.0520625 0.8109685185 0.3854041667 2 0.790787037 0.3854041667 2 0.790787037 0.436153125 2 0.8109685185 0.436153125 2 0 0 0 0 0 0
0 0.8416759259 0.407609375 0.0279444444 0.05115625 0.828062963 0.3826802083 2 0.8552981481 0.3826802083 2 0.8552981481 0.4325447917 2 0.828062963 0.4325447917 2 0 0 0 0 0 0
0 0.8348518519 0.4116822917 0.0259259259 0.0525104167 0.8474833333 0.3860885417 2 0.8222092593 0.3860885417 2 0.8222092593 0.437278125 2 0.8474833333 0.437278125 2 0 0 0 0 0 0
0 0.8764444444 0.4069322917 0.0283333333 0.0498020833 0.8626407407 0.3826625 2 0.8902666667 0.3826625 2 0.8902666667 0.4312041667 2 0.8626388889 0.4312041667 2 0 0 0 0 0 0
0 0.8747407407 0.4117447917 0.0297407407 0.0519479167 0.8892425926 0.3864208333 2 0.8602462963 0.3864208333 2 0.8602462963 0.437059375 2 0.8892425926 0.437059375 2 0 0 0 0 0 0
0 0.6699259259 0.40665625 0.0277407407 0.052625 0.6834462963 0.3810020833 2 0.6564074074 0.3810020833 2 0.6564074074 0.4323 2 0.6834462963 0.4323 2 0 0 0 0 0 0
0 0.6731388889 0.4109427083 0.0237222222 0.05171875 0.6615833333 0.3857395833 2 0.6847037037 0.3857395833 2 0.6847037037 0.4361572917 2 0.6615833333 0.4361572917 2 0 0 0 0 0 0
0 0.6363703704 0.4067708333 0.0281481481 0.0528541667 0.6500759259 0.3810052083 2 0.6226444444 0.3810052083 2 0.6226444444 0.4325229167 2 0.6500759259 0.4325239583 2 0 0 0 0 0 0
0 0.6410925926 0.41140625 0.0263333333 0.0512708333 0.62825 0.3864125 2 0.6539166667 0.3864125 2 0.6539166667 0.4363885417 2 0.62825 0.4363885417 2 0 0 0 0 0 0
0 0.6033888889 0.4077239583 0.0273333333 0.0513854167 0.6167203704 0.3826822917 2 0.5900740741 0.3826822917 2 0.5900740741 0.4327677083 2 0.6167203704 0.4327677083 2 0 0 0 0 0 0
0 0.6068240741 0.41196875 0.0237222222 0.0523958333 0.5952537037 0.3864260417 2 0.6183740741 0.3864260417 2 0.6183740741 0.43750625 2 0.5952537037 0.43750625 2 0 0 0 0 0 0
0 0.5722407407 0.4079479167 0.0277407407 0.0504791667 0.5857611111 0.38335 2 0.5587222222 0.38335 2 0.5587222222 0.432553125 2 0.5857611111 0.432553125 2 0 0 0 0 0 0
0 0.5746666667 0.4116822917 0.0253333333 0.05115625 0.5623111111 0.38675 2 0.5869981481 0.38675 2 0.5869981481 0.4366166667 2 0.5623111111 0.4366166667 2 0 0 0 0 0 0
0 0.5392777778 0.4089114583 0.0269259259 0.0490104167 0.5524055556 0.3850270833 2 0.5261518519 0.3850270833 2 0.5261518519 0.4327979167 2 0.5524055556 0.4327979167 2 0 0 0 0 0 0
0 0.5418981481 0.412984375 0.0233148148 0.05171875 0.5305277778 0.387775 2 0.5532555556 0.387775 2 0.5532555556 0.43819375 2 0.5305277778 0.4381927083 2 0 0 0 0 0 0
0 0.4656111111 0.4088541667 0.0239259259 0.0529583333 0.4539555556 0.3830416667 2 0.4772703704 0.3830416667 2 0.4772703704 0.4346697917 2 0.4539555556 0.4346697917 2 0 0 0 0 0 0
0 0.4637962963 0.4128697917 0.0255185185 0.0521770833 0.4762444444 0.3874416667 2 0.4513611111 0.3874416667 2 0.4513611111 0.4382989583 2 0.4762444444 0.4382989583 2 0 0 0 0 0 0
0 0.4350648148 0.40953125 0.0247222222 0.0516041667 0.4230111111 0.38438125 2 0.4471111111 0.38438125 2 0.4471111111 0.4346864583 2 0.4230111111 0.4346864583 2 0 0 0 0 0 0
0 0.4327407407 0.4128177083 0.0273333333 0.0513854167 0.4460722222 0.3877708333 2 0.4194259259 0.3877708333 2 0.4194259259 0.43785625 2 0.4460722222 0.43785625 2 0 0 0 0 0 0
0 0.4042037037 0.409140625 0.0273333333 0.0514895833 0.3908851852 0.384040625 2 0.4175314815 0.384040625 2 0.4175314815 0.4342354167 2 0.3908833333 0.4342354167 2 0 0 0 0 0 0
0 0.4025925926 0.4134947917 0.0297407407 0.0513854167 0.4170981481 0.3884489583 2 0.3881 0.3884489583 2 0.3881 0.4385354167 2 0.4170981481 0.4385354167 2 0 0 0 0 0 0
0 0.3724537037 0.409421875 0.0257222222 0.0527395833 0.3599111111 0.3837177083 2 0.3849888889 0.3837177083 2 0.3849888889 0.435125 2 0.3599092593 0.435125 2 0 0 0 0 0 0
0 0.3688333333 0.4134322917 0.0249259259 0.0519479167 0.3809796296 0.3881166667 2 0.3566833333 0.3881166667 2 0.3566833333 0.4387541667 2 0.3809796296 0.4387541667 2 0 0 0 0 0 0
0 0.3417962963 0.40896875 0.0231111111 0.0504791667 0.3305314815 0.3843666667 2 0.353062963 0.3843666667 2 0.353062963 0.4335697917 2 0.3305314815 0.4335697917 2 0 0 0 0 0 0
0 0.3376759259 0.412703125 0.0205 0.05115625 0.3476703704 0.3877677083 2 0.3276851852 0.3877677083 2 0.3276851852 0.4376333333 2 0.3476703704 0.4376333333 2 0 0 0 0 0 0
0 0.1469351852 0.407953125 0.0233148148 0.0538645833 0.1355666667 0.381696875 2 0.1582944444 0.381696875 2 0.1582944444 0.4342052083 2 0.1355666667 0.4342052083 2 0 0 0 0 0 0
0 0.1449259259 0.4113385417 0.0281481481 0.0525104167 0.1586351852 0.3857489583 2 0.1312037037 0.3857489583 2 0.1312037037 0.4369375 2 0.1586351852 0.4369375 2 0 0 0 0 0 0
0 0.1794907407 0.407390625 0.0233148148 0.05409375 0.1681277778 0.3810208333 2 0.1908555556 0.3810208333 2 0.1908555556 0.43375 2 0.1681277778 0.43375 2 0 0 0 0 0 0
0 0.1784814815 0.4119635417 0.0301481481 0.0530729167 0.1931814815 0.3860958333 2 0.1637907407 0.3860958333 2 0.1637907407 0.4378354167 2 0.1931814815 0.4378354167 2 0 0 0 0 0 0
0 0.2114537037 0.4081770833 0.0317592593 0.0516041667 0.1959722222 0.383025 2 0.2269296296 0.383025 2 0.2269296296 0.4333291667 2 0.1959722222 0.4333291667 2 0 0 0 0 0 0
0 0.2098333333 0.4126458333 0.0301481481 0.0544375 0.224537037 0.3861125 2 0.1951481481 0.3861125 2 0.1951481481 0.439175 2 0.224537037 0.439175 2 0 0 0 0 0 0
0 0.2441111111 0.4075520833 0.0255185185 0.0510416667 0.2316703704 0.382678125 2 0.2565537037 0.382678125 2 0.2565537037 0.43243125 2 0.2316703704 0.43243125 2 0 0 0 0 0 0
0 0.2418981481 0.412359375 0.0279444444 0.0545520833 0.2555185185 0.385775 2 0.2282851852 0.385775 2 0.2282851852 0.4389479167 2 0.2555185185 0.4389479167 2 0 0 0 0 0 0
0 0.273462963 0.4080677083 0.0259259259 0.0527395833 0.2860962963 0.3823604167 2 0.2608203704 0.3823604167 2 0.2608203704 0.4337677083 2 0.2860962963 0.4337677083 2 0 0 0 0 0 0
0 0.276462963 0.4112864583 0.0283333333 0.05171875 0.2626592593 0.3860791667 2 0.290287037 0.3860791667 2 0.290287037 0.4364947917 2 0.2626592593 0.4364947917 2 0 0 0 0 0 0
0 0.1672314815 0.4765885417 0.0261296296 0.05140625 0.1544944444 0.4515375 2 0.1799666667 0.4515375 2 0.1799666667 0.5016510417 2 0.1544944444 0.5016510417 2 0 0 0 0 0 0
0 0.163712963 0.481515625 0.0331666667 0.04971875 0.1798777778 0.4572822917 2 0.1475481481 0.4572822917 2 0.1475481481 0.50574375 2 0.1798777778 0.50574375 2 0 0 0 0 0 0
0 0.1979814815 0.4766458333 0.0297407407 0.0467708333 0.1834851852 0.453853125 2 0.2124814815 0.453853125 2 0.2124814815 0.499446875 2 0.1834851852 0.499446875 2 0 0 0 0 0 0
0 0.1971759259 0.481 0.0289444444 0.0507291667 0.211287037 0.4562770833 2 0.1830722222 0.4562770833 2 0.1830722222 0.50573125 2 0.211287037 0.50573125 2 0 0 0 0 0 0
0 0.2315555556 0.4777239583 0.0277407407 0.0468854167 0.2180314815 0.454871875 2 0.2450685185 0.454871875 2 0.2450685185 0.5005760417 2 0.2180314815 0.5005760417 2 0 0 0 0 0 0
0 0.2277407407 0.4815104167 0.0249259259 0.047 0.2398796296 0.4586052083 2 0.2155833333 0.4586052083 2 0.2155833333 0.5044208333 2 0.2398796296 0.5044208333 2 0 0 0 0 0 0
0 0.2596851852 0.4780677083 0.0245185185 0.0489270833 0.2477388889 0.4542197917 2 0.2716407407 0.4542197917 2 0.2716407407 0.5019083333 2 0.2477388889 0.5019083333 2 0 0 0 0 0 0
0 0.2586851852 0.4812239583 0.0241111111 0.04846875 0.2704407407 0.4576052083 2 0.2469296296 0.4576052083 2 0.2469296296 0.5048552083 2 0.2704407407 0.5048552083 2 0 0 0 0 0 0
0 0.2929537037 0.4785677083 0.0219074074 0.0506145833 0.2822759259 0.4539020833 2 0.3036333333 0.4539020833 2 0.3036333333 0.50324375 2 0.2822759259 0.50324375 2 0 0 0 0 0 0
0 0.288037037 0.4820208333 0.0225185185 0.0514166667 0.2990018519 0.4569645833 2 0.2770592593 0.4569645833 2 0.2770592593 0.5070802083 2 0.2990037037 0.5070802083 2 0 0 0 0 0 0
0 0.3424907407 0.47953125 0.0229074074 0.0477916667 0.3313333333 0.456240625 2 0.3536685185 0.456240625 2 0.3536685185 0.5028270833 2 0.3313333333 0.5028270833 2 0 0 0 0 0 0
0 0.3386851852 0.4823020833 0.0273333333 0.0485833333 0.3520055556 0.458625 2 0.3253592593 0.458625 2 0.3253592593 0.505984375 2 0.3520055556 0.505984375 2 0 0 0 0 0 0
0 0.3757685185 0.477890625 0.0251296296 0.04790625 0.3635203704 0.4545458333 2 0.3880111111 0.4545458333 2 0.3880111111 0.5012427083 2 0.3635203704 0.5012427083 2 0 0 0 0 0 0
0 0.3702314815 0.4817916667 0.0229074074 0.0509583333 0.3814074074 0.4569583333 2 0.3590703704 0.4569583333 2 0.3590703704 0.5066333333 2 0.3814074074 0.5066333333 2 0 0 0 0 0 0
0 0.4078333333 0.4770989583 0.0273333333 0.04903125 0.3945018519 0.453203125 2 0.4211481481 0.453203125 2 0.4211481481 0.5010020833 2 0.3945018519 0.5010020833 2 0 0 0 0 0 0
0 0.4043055556 0.4823541667 0.0271296296 0.0507291667 0.4175333333 0.457634375 2 0.3910833333 0.457634375 2 0.3910833333 0.5070885417 2 0.4175333333 0.5070885417 2 0 0 0 0 0 0
0 0.440787037 0.479421875 0.026537037 0.0516354167 0.4278574074 0.4542541667 2 0.4537203704 0.4542541667 2 0.4537203704 0.5045885417 2 0.4278574074 0.5045885417 2 0 0 0 0 0 0
0 0.4377777778 0.4828177083 0.0253333333 0.05028125 0.4501185185 0.4583072917 2 0.4254314815 0.4583072917 2 0.4254314815 0.5073208333 2 0.4501185185 0.5073197917 2 0 0 0 0 0 0
0 0.471537037 0.4798125 0.0277407407 0.0531041667 0.4580222222 0.4539333333 2 0.4850611111 0.4539333333 2 0.4850611111 0.5057010417 2 0.4580222222 0.5057010417 2 0 0 0 0 0 0
0 0.4687222222 0.4826458333 0.0245185185 0.0519791667 0.4806796296 0.4573104167 2 0.4567759259 0.4573104167 2 0.4567759259 0.507978125 2 0.4806796296 0.507978125 2 0 0 0 0 0 0
0 0.5159537037 0.4788020833 0.0257222222 0.0531041667 0.5034222222 0.452915625 2 0.5285018519 0.452915625 2 0.5285018519 0.504684375 2 0.5034222222 0.504684375 2 0 0 0 0 0 0
0 0.5113333333 0.4834322917 0.0301481481 0.0528854167 0.5260351852 0.4576614583 2 0.4966444444 0.4576614583 2 0.4966444444 0.5092114583 2 0.5260351852 0.5092114583 2 0 0 0 0 0 0
0 0.5487222222 0.4791927083 0.0253333333 0.0518645833 0.5363814815 0.4539177083 2 0.5610685185 0.4539177083 2 0.5610685185 0.5044739583 2 0.5363814815 0.5044739583 2 0 0 0 0 0 0
0 0.546 0.483265625 0.0283333333 0.0505104167 0.5598240741 0.4586489583 2 0.5321981481 0.4586489583 2 0.5321981481 0.507884375 2 0.5598240741 0.507884375 2 0 0 0 0 0 0
0 0.5827037037 0.4782864583 0.0249259259 0.05140625 0.5705462963 0.4532333333 2 0.5948425926 0.4532333333 2 0.5948425926 0.5033489583 2 0.5705462963 0.5033489583 2 0 0 0 0 0 0
0 0.5790740741 0.48225 0.032962963 0.0538958333 0.5951425926 0.455978125 2 0.5630092593 0.455978125 2 0.5630092593 0.5085208333 2 0.5951425926 0.5085208333 2 0 0 0 0 0 0
0 0.6148425926 0.478125 0.0257222222 0.05175 0.6023148148 0.4528979167 2 0.6273925926 0.4528979167 2 0.6273925926 0.5033447917 2 0.6023148148 0.5033447917 2 0 0 0 0 0 0
0 0.6117314815 0.4821875 0.0247222222 0.0531041667 0.6237888889 0.4563072917 2 0.5996888889 0.4563072917 2 0.5996888889 0.508078125 2 0.6237888889 0.508078125 2 0 0 0 0 0 0
0 0.6514259259 0.476875 0.0297407407 0.0533333333 0.636937037 0.4508833333 2 0.6659351852 0.4508833333 2 0.6659351852 0.502871875 2 0.636937037 0.502871875 2 0 0 0 0 0 0
0 0.6435925926 0.4814583333 0.0269259259 0.0523125 0.6567240741 0.4559583333 2 0.6304685185 0.4559583333 2 0.6304685185 0.50695625 2 0.6567240741 0.50695625 2 0 0 0 0 0 0
0 0.7242037037 0.4775 0.0253333333 0.0525416667 0.7365407407 0.451890625 2 0.7118537037 0.451890625 2 0.7118537037 0.5031083333 2 0.7365407407 0.5031083333 2 0 0 0 0 0 0
0 0.7316296296 0.4823645833 0.0273333333 0.054125 0.7183111111 0.45598125 2 0.7449574074 0.45598125 2 0.7449574074 0.50874375 2 0.7183111111 0.50874375 2 0 0 0 0 0 0
0 0.7585648148 0.4778385417 0.026537037 0.0545729167 0.7714981481 0.4512385417 2 0.7456351852 0.4512385417 2 0.7456351852 0.5044395833 2 0.7714981481 0.5044395833 2 0 0 0 0 0 0
0 0.7631944444 0.4834947917 0.0293518519 0.0523229167 0.748887037 0.45799375 2 0.7774944444 0.45799375 2 0.7774944444 0.5089927083 2 0.748887037 0.5089927083 2 0 0 0 0 0 0
0 0.7937407407 0.4777291667 0.0269259259 0.0543541667 0.8068703704 0.4512354167 2 0.7806148148 0.4512354167 2 0.7806148148 0.5042166667 2 0.8068703704 0.5042166667 2 0 0 0 0 0 0
0 0.7987777778 0.4819114583 0.0281481481 0.05321875 0.7850518519 0.4559697917 2 0.8124833333 0.4559697917 2 0.8124833333 0.50785 2 0.7850518519 0.50785 2 0 0 0 0 0 0
0 0.8275 0.4781770833 0.0269259259 0.0538958333 0.840637037 0.4519083333 2 0.8143833333 0.4519083333 2 0.8143833333 0.5044479167 2 0.840637037 0.5044479167 2 0 0 0 0 0 0
0 0.8310277778 0.4820260417 0.0251296296 0.05209375 0.8187814815 0.4566333333 2 0.8432722222 0.4566333333 2 0.8432722222 0.5074125 2 0.8187814815 0.5074114583 2 0 0 0 0 0 0
0 0.8626851852 0.4771614583 0.0273333333 0.05321875 0.8760074074 0.4512208333 2 0.8493611111 0.4512208333 2 0.8493611111 0.5031 2 0.8760074074 0.5031 2 0 0 0 0 0 0
0 0.8685092593 0.4823020833 0.028537037 0.0519791667 0.8546018519 0.456971875 2 0.8824240741 0.456971875 2 0.8824240741 0.5076395833 2 0.8546018519 0.5076395833 2 0 0 0 0 0 0
