2 0.1142682927 0.240495098 0.0570731707 0.0372647059 0.117 0.2243431373 2 0.1407926829 0.2247117647 2 0.0892787456 0.2240970588 2 0.1150365854 0.2567764706 2 0.1397020906 0.257022549 2 0.0908066202 0.2564078431 2
2 0.1121689895 0.2744166667 0.0572299652 0.033754902 0.1130714286 0.2591107843 2 0.1394825784 0.2596029412 2 0.087533101 0.2586196078 2 0.111543554 0.2894568627 2 0.1379547038 0.2898254902 2 0.0840400697 0.2894568627 2
2 0.1118466899 0.3087892157 0.0565853659 0.0352843137 0.1135069686 0.2932598039 2 0.1383919861 0.2938735294 2 0.085130662 0.292645098 2 0.111543554 0.3243421569 2 0.1386097561 0.3245872549 2 0.0853501742 0.3240960784 2
2 0.1486324042 0.2362254902 0.0584494774 0.0351960784 0.1501794425 0.2210254902 2 0.1244216028 0.2207803922 2 0.1763728223 0.2212715686 2 0.149087108 0.2513715686 2 0.1202735192 0.2510029412 2 0.1763728223 0.2519852941 2
2 0.1469250871 0.2698235294 0.0602961672 0.0345882353 0.1460313589 0.2550568627 2 0.1191829268 0.2545656863 2 0.1750627178 0.2555480392 2 0.1455940767 0.2851568627 2 0.1185278746 0.2845421569 2 0.1706968641 0.2858931373 2
2 0.1420557491 0.3030196078 0.0605923345 0.0355294118 0.1431933798 0.2871196078 2 0.1174372822 0.2862598039 2 0.1709146341 0.2877333333 2 0.1418832753 0.3188156863 2 0.1145993031 0.3179558824 2 0.1693867596 0.3197990196 2
2 0.173554007 0.3102696078 0.0541811847 0.0338137255 0.1759355401 0.2948588235 2 0.1499599303 0.2947362745 2 0.199510453 0.2949823529 2 0.1741898955 0.3248362745 2 0.1479965157 0.3245901961 2 0.1964547038 0.3248362745 2
2 0.1778571429 0.2767058824 0.0597212544 0.0336078431 0.1772456446 0.2613196078 2 0.1503972125 0.2610745098 2 0.2067125436 0.2615656863 2 0.1761533101 0.2916647059 2 0.1506149826 0.2912960784 2 0.2030017422 0.2917882353 2
2 0.1787979094 0.2420833333 0.0567944251 0.0345392157 0.1800836237 0.226677451 2 0.1530156794 0.2264313725 2 0.2045296167 0.2268 2 0.1781184669 0.2582509804 2 0.1525801394 0.2577598039 2 0.205184669 0.2584970588 2
2 0.3043466899 0.2433627451 0.0526655052 0.0354117647 0.3067630662 0.2279666667 2 0.3303501742 0.2283303922 2 0.2792979094 0.2277852941 2 0.3054703833 0.2590647059 2 0.3297038328 0.2592460784 2 0.2789756098 0.2592460784 2
2 0.3030749129 0.2782352941 0.0553135889 0.0340392157 0.3024285714 0.262677451 2 0.276304878 0.2625627451 2 0.3299494774 0.262677451 2 0.3027073171 0.293795098 2 0.2771637631 0.2937078431 2 0.3300418118 0.293795098 2
2 0.3037108014 0.3119264706 0.0557839721 0.0346764706 0.3043675958 0.296072549 2 0.3307108014 0.2959558824 2 0.2766184669 0.296072549 2 0.304087108 0.3277784314 2 0.3308972125 0.3278362745 2 0.2765243902 0.3277784314 2
2 0.3351045296 0.307122549 0.0540418118 0.0336960784 0.3379860627 0.292195098 2 0.3089407666 0.2916058824 2 0.3613432056 0.2917186275 2 0.3369773519 0.322645098 2 0.3087595819 0.3225813725 2 0.3614337979 0.3225245098 2
2 0.3349303136 0.272254902 0.0583972125 0.0338431373 0.3342404181 0.2567794118 2 0.3066585366 0.2566656863 2 0.3632961672 0.2567794118 2 0.3345348432 0.287722549 2 0.3064634146 0.2877794118 2 0.3633937282 0.287722549 2
2 0.3354965157 0.2380588235 0.0588675958 0.0349019608 0.3348066202 0.2221058824 2 0.3070017422 0.2219882353 2 0.3640958188 0.2221058824 2 0.3351027875 0.2540127451 2 0.306804878 0.2540705882 2 0.364195122 0.2540127451 2
2 0.3659756098 0.2440931373 0.0559930314 0.0360686275 0.3653188153 0.2276019608 2 0.3388797909 0.2274803922 2 0.3931707317 0.2276019608 2 0.3656010453 0.2605813725 2 0.3386916376 0.2606421569 2 0.3932648084 0.2605813725 2
2 0.367325784 0.2787941176 0.0532926829 0.0328627451 0.366695122 0.2637715686 2 0.3415243902 0.2636617647 2 0.3932090592 0.2637715686 2 0.3669634146 0.2938166667 2 0.3413449477 0.293872549 2 0.3932979094 0.2938166667 2
2 0.3676916376 0.3126078431 0.0574041812 0.0329411765 0.3670156794 0.2975490196 2 0.3399094077 0.2974382353 2 0.3955696864 0.2975490196 2 0.367304878 0.3276676471 2 0.3389930314 0.327377451 2 0.3956672474 0.3276676471 2
2 0.4804268293 0.2415588235 0.0601567944 0.0350980392 0.4797229965 0.2255176471 2 0.451315331 0.2254 2 0.5096480836 0.2255176471 2 0.4800261324 0.257604902 2 0.4511132404 0.2576637255 2 0.5097491289 0.257604902 2
2 0.4768641115 0.2769411765 0.0583972125 0.0350588235 0.4761811847 0.2609166667 2 0.4485993031 0.2607980392 2 0.5052369338 0.2609166667 2 0.4764756098 0.2929735294 2 0.4484041812 0.2930333333 2 0.5053344948 0.2929735294 2
2 0.4757317073 0.3116666667 0.057456446 0.0337058824 0.4750505226 0.2962578431 2 0.447912892 0.296145098 2 0.5036376307 0.2962578431 2 0.4753397213 0.3270754902 2 0.4477195122 0.3271323529 2 0.5037334495 0.3270754902 2
2 0.5111759582 0.2371568627 0.0591463415 0.0344509804 0.5104825784 0.2214058824 2 0.4825505226 0.2212901961 2 0.5399059233 0.2214058824 2 0.5107804878 0.252904902 2 0.4823519164 0.2529627451 2 0.5400052265 0.252904902 2
2 0.5110801394 0.2717254902 0.0569337979 0.0341568627 0.5104076655 0.2561117647 2 0.4835226481 0.2559970588 2 0.5387264808 0.2561117647 2 0.510695122 0.2873392157 2 0.4833327526 0.2873960784 2 0.5388222997 0.2873392157 2
2 0.5096428571 0.3066960784 0.0574041812 0.0341960784 0.508956446 0.2910598039 2 0.4818501742 0.290945098 2 0.537510453 0.2910598039 2 0.5092456446 0.3223264706 2 0.4816585366 0.3223833333 2 0.5376080139 0.3223264706 2
2 0.543466899 0.2426960784 0.0558536585 0.0350980392 0.5428135889 0.2266529412 2 0.5164372822 0.2265343137 2 0.5705993031 0.2266529412 2 0.5430958188 0.2587401961 2 0.5162491289 0.2587990196 2 0.5706933798 0.2587401961 2
2 0.5431010453 0.2779068627 0.0557839721 0.0342647059 0.5424442509 0.2622441176 2 0.5161010453 0.2621284314 2 0.5701968641 0.2622441176 2 0.5427264808 0.2935754902 2 0.515912892 0.2936333333 2 0.5702891986 0.2935754902 2
2 0.5395034843 0.3120441176 0.0573344948 0.0344607843 0.5388310105 0.2962901961 2 0.5117560976 0.2961745098 2 0.5673519164 0.2962901961 2 0.5391202091 0.3278 2 0.5115644599 0.3278578431 2 0.5674477352 0.3278 2
2 0.5904878049 0.1895784314 0.0698954704 0.0418627451 0.5896585366 0.1704392157 2 0.5566498258 0.1702980392 2 0.6244320557 0.1704392157 2 0.5900121951 0.2087088235 2 0.5564146341 0.2087794118 2 0.6245505226 0.2087088235 2
2 0.5914198606 0.231004902 0.0704355401 0.0425784314 0.5905940767 0.2115431373 2 0.5573292683 0.2114 2 0.6256341463 0.2115431373 2 0.5909494774 0.2504754902 1 0.5570940767 0.2505470588 1 0.6257526132 0.2504754902 1
2 0.6281533101 0.1841078431 0.0719860627 0.0418235294 0.6273031359 0.1649911765 2 0.5933101045 0.16485 2 0.6631132404 0.1649911765 2 0.6276672474 0.2032254902 2 0.5930679443 0.2032960784 2 0.6632351916 0.2032254902 2
2 0.6276480836 0.2265637255 0.0729965157 0.0427745098 0.6287891986 0.2070980392 2 0.5923188153 0.2068686275 2 0.6630993031 0.2070127451 2 0.6271567944 0.2461176471 1 0.5920731707 0.2461892157 1 0.6632212544 0.2461176471 1
2 0.6670905923 0.1893088235 0.0698954704 0.0431470588 0.6662752613 0.1695862745 2 0.6332648084 0.1694411765 2 0.7010487805 0.1695862745 2 0.6666271777 0.2090323529 2 0.6330296167 0.209104902 2 0.7011655052 0.2090323529 2
2 0.6682665505 0.230377451 0.0704355401 0.0425784314 0.6674407666 0.2109137255 2 0.6341777003 0.2107705882 2 0.7024808362 0.2109137255 2 0.6677961672 0.2498460784 1 0.6339407666 0.2499176471 1 0.7025993031 0.2498460784 1
2 0.6087020906 0.2449117647 0.0592857143 0.0340784314 0.6106428571 0.2299833333 2 0.5837595819 0.2292264706 2 0.6378606272 0.2305509804 2 0.6082961672 0.2604862745 2 0.5800644599 0.2602441176 2 0.6355087108 0.260622549 2
2 0.6048606272 0.2794607843 0.0596864111 0.0341960784 0.6059372822 0.2647833333 2 0.5790557491 0.2636480392 2 0.6318118467 0.2655401961 2 0.6025783972 0.2946656863 2 0.575695122 0.2937196078 2 0.6304686411 0.295422549 2
2 0.6010365854 0.3136568627 0.060087108 0.0354117647 0.602912892 0.2976921569 2 0.5767038328 0.2973137255 2 0.6297961672 0.2982588235 2 0.599554007 0.3290872549 2 0.5719982578 0.3281421569 2 0.626771777 0.3300333333 2
2 0.641228223 0.2411813725 0.0571254355 0.0343431373 0.6435731707 0.225822549 2 0.6135714286 0.2253696078 2 0.6689703833 0.2254852941 2 0.6408379791 0.2568813725 2 0.6129947735 0.2564617647 2 0.6664233449 0.2572176471 2
2 0.637630662 0.2750735294 0.0586759582 0.0354019608 0.6392055749 0.2592980392 2 0.6126585366 0.2589205882 2 0.6667595819 0.2596764706 2 0.6365174216 0.2908833333 2 0.6089616725 0.290504902 2 0.6640714286 0.2912617647 2
2 0.6332578397 0.3092401961 0.0593379791 0.034754902 0.6348362369 0.2939009804 2 0.6076184669 0.293522549 2 0.6607108014 0.2939009804 2 0.6328205575 0.3243509804 2 0.6049303136 0.3237833333 2 0.662184669 0.3251303922 2
2 0.6629006969 0.3157254902 0.0581358885 0.0350196078 0.6640714286 0.3001421569 2 0.6378606272 0.2995745098 2 0.69028223 0.3007098039 2 0.6623919861 0.3313480392 2 0.6341655052 0.3305921569 2 0.6912334495 0.3317392157 2
2 0.667674216 0.2810686275 0.0582752613 0.0351372549 0.6694477352 0.2659137255 2 0.6402142857 0.2655352941 2 0.6956585366 0.2659137255 2 0.6672770035 0.297127451 2 0.6392682927 0.2971862745 2 0.6936428571 0.2971205882 2
2 0.67228223 0.2469117647 0.0587456446 0.0353529412 0.6734808362 0.2324372549 2 0.6455905923 0.2313029412 2 0.7000261324 0.2328156863 2 0.6718763066 0.2630745098 2 0.6439094077 0.2623205882 2 0.6966672474 0.2636441176 2
2 0.7345383275 0.2456470588 0.0608188153 0.032372549 0.7360505226 0.231 2 0.7050993031 0.2307382353 2 0.7640836237 0.2308470588 2 0.734130662 0.2604411765 2 0.7048937282 0.2604960784 2 0.7612526132 0.2606941176 2
2 0.7319163763 0.2793823529 0.0596167247 0.0344901961 0.7333623693 0.2642872549 2 0.7030627178 0.2634990196 2 0.7592369338 0.264854902 2 0.7300017422 0.2951156863 2 0.7027839721 0.2945480392 2 0.7609738676 0.29515 2
2 0.729825784 0.3147647059 0.0621602787 0.0367254902 0.730674216 0.2988980392 2 0.7044634146 0.2985196078 2 0.7592369338 0.2990872549 2 0.7293292683 0.3302941176 2 0.7007665505 0.3299156863 2 0.7565487805 0.3308607843 2
2 0.7673954704 0.2396470588 0.0579965157 0.0349019608 0.7667212544 0.2236941176 2 0.7393292683 0.2235764706 2 0.7955766551 0.2236941176 2 0.7670139373 0.255604902 2 0.7391341463 0.2556627451 2 0.795674216 0.255604902 2
2 0.7642421603 0.2748627451 0.061097561 0.0340784314 0.7635261324 0.2592852941 2 0.734674216 0.2591705882 2 0.7939198606 0.2592852941 2 0.7638344948 0.2904401961 2 0.7344686411 0.2904970588 2 0.7940226481 0.2904401961 2
2 0.7606794425 0.3088872549 0.0593379791 0.0345 0.7599843206 0.2931147059 2 0.7319581882 0.2929990196 2 0.7895087108 0.2931147059 2 0.7602839721 0.324654902 2 0.7317578397 0.3247127451 2 0.7896080139 0.324654902 2
2 0.7924390244 0.314995098 0.0603484321 0.0340098039 0.791728223 0.2994480392 2 0.7632247387 0.2993333333 2 0.8217526132 0.2994480392 2 0.7920313589 0.3305382353 2 0.7630226481 0.3305960784 2 0.8218554007 0.3305382353 2
2 0.7965069686 0.2801911765 0.0570557491 0.034754902 0.7958327526 0.2643068627 2 0.7688850174 0.2641901961 2 0.8242195122 0.2643068627 2 0.7961202091 0.2960843137 2 0.7686933798 0.2961431373 2 0.824315331 0.2960843137 2
2 0.7977874564 0.2460392157 0.0569337979 0.0349803922 0.7971114983 0.2300509804 2 0.7702264808 0.2299333333 2 0.8254320557 0.2300509804 2 0.7973972125 0.2620313725 2 0.7700348432 0.2620901961 2 0.8255278746 0.2620313725 2
2 0.8617595819 0.2455833333 0.0604181185 0.0340686275 0.8610505226 0.2300127451 2 0.8325156794 0.2298980392 2 0.8911097561 0.2300127451 2 0.8613554007 0.2611637255 2 0.8323135889 0.2612205882 2 0.8912108014 0.2611637255 2
2 0.857456446 0.2802401961 0.0585365854 0.0343823529 0.856771777 0.2645176471 2 0.8291254355 0.2644019608 2 0.8858937282 0.2645176471 2 0.8570662021 0.29595 2 0.8289285714 0.2960078431 2 0.8859930314 0.29595 2
2 0.8538240418 0.3153284314 0.0553135889 0.0337745098 0.8531811847 0.2998921569 2 0.8270574913 0.2997784314 2 0.8806986063 0.2998921569 2 0.8534599303 0.3307754902 2 0.8268728223 0.3308323529 2 0.8807909408 0.3307754902 2
2 0.8928135889 0.2402696078 0.0579965157 0.0329705882 0.8921289199 0.2252 2 0.8647369338 0.2250892157 2 0.9209843206 0.2252 2 0.8924216028 0.2553470588 2 0.8645418118 0.2554029412 2 0.9210818815 0.2553470588 2
2 0.8910191638 0.274245098 0.0551045296 0.0346470588 0.8903815331 0.2584019608 2 0.8643536585 0.2582852941 2 0.9177996516 0.2584019608 2 0.8906602787 0.2900754902 2 0.8641689895 0.2901343137 2 0.9178919861 0.2900754902 2
2 0.8851567944 0.3099656863 0.0547735192 0.0339313725 0.8845052265 0.2944519608 2 0.8586358885 0.2943382353 2 0.9117560976 0.2944519608 2 0.88478223 0.3254735294 2 0.8584529617 0.3255303922 2 0.9118484321 0.3254735294 2
2 0.9234494774 0.2462647059 0.0547735192 0.0349803922 0.9228135889 0.2302784314 2 0.8969442509 0.2301607843 2 0.9500627178 0.2302784314 2 0.9230888502 0.2622588235 2 0.8967595819 0.2623176471 2 0.9501550523 0.2622588235 2
2 0.9227787456 0.2808431373 0.0561149826 0.0346862745 0.9221254355 0.2649843137 2 0.8956219512 0.2648676471 2 0.9500452962 0.2649843137 2 0.9224076655 0.2966931373 2 0.8954337979 0.2967519608 2 0.9501393728 0.2966931373 2
2 0.9199912892 0.3156323529 0.0552439024 0.0339313725 0.9193466899 0.3001254902 2 0.8932560976 0.3000107843 2 0.9468310105 0.3001254902 2 0.9196254355 0.3311470588 2 0.8930696864 0.331204902 2 0.9478188153 0.331277451 1
2 0.917587108 0.374254902 0.0544425087 0.0354313725 0.9216080139 0.3588686275 2 0.9437857143 0.3596254902 1 0.8911376307 0.358054902 2 0.9169041812 0.3891303922 2 0.9417700348 0.3900754902 1 0.889684669 0.387995098 2
2 0.9119425087 0.4080784314 0.0563240418 0.0354705882 0.9155592334 0.3931019608 2 0.9387456446 0.392345098 2 0.8869965157 0.3925343137 2 0.9121986063 0.4229843137 2 0.9367299652 0.4235519608 2 0.8843083624 0.4224166667 2
2 0.9083362369 0.4409558824 0.0561149826 0.0317745098 0.9098466899 0.4267666667 2 0.9354982578 0.4263215686 2 0.8822926829 0.4267666667 2 0.9078310105 0.4541911765 2 0.9320243902 0.4547578431 2 0.8809477352 0.453245098 2
2 0.8894599303 0.3680294118 0.0606968641 0.0338823529 0.8903571429 0.3528166667 2 0.8634738676 0.35225 2 0.9165679443 0.3530058824 2 0.8869965157 0.3832666667 2 0.8597787456 0.3825107843 2 0.9115278746 0.383645098 2
2 0.8829965157 0.4011666667 0.0558536585 0.0334313725 0.8843083624 0.3861039216 2 0.8574268293 0.3855362745 2 0.9101271777 0.3858803922 2 0.8822926829 0.4157970588 2 0.8550731707 0.4150411765 2 0.9102212544 0.416445098 2
2 0.878902439 0.4331568627 0.0583972125 0.0329803922 0.8806114983 0.4180627451 2 0.854402439 0.4176843137 2 0.9072682927 0.4180833333 2 0.8785069686 0.4482343137 2 0.850369338 0.4475666667 2 0.9011097561 0.4487019608 2
2 0.8572560976 0.3725490196 0.0581358885 0.0320196078 0.8591062718 0.3579186275 2 0.8335679443 0.3579186275 2 0.8854965157 0.3579088235 2 0.8568675958 0.3871862745 2 0.8308797909 0.3872343137 2 0.8855940767 0.3871862745 2
2 0.85228223 0.404504902 0.0575958188 0.0324019608 0.8540662021 0.39045 2 0.8244059233 0.3895852941 2 0.8799407666 0.3906382353 2 0.8518989547 0.4193215686 2 0.8242125436 0.4193764706 2 0.8775888502 0.4193862745 2
2 0.8487195122 0.4379264706 0.0598780488 0.0325196078 0.8486898955 0.4233578431 2 0.8221428571 0.4227911765 2 0.8779233449 0.4237362745 2 0.8466724739 0.4530519608 2 0.8195365854 0.4528470588 2 0.8728832753 0.4530519608 2
2 0.8286062718 0.3672009804 0.0606271777 0.0340294118 0.830543554 0.3526235294 2 0.8036602787 0.351677451 2 0.8570905923 0.3533803922 2 0.8268466899 0.382127451 2 0.8006358885 0.3815607843 2 0.850369338 0.382695098 2
2 0.8231533101 0.3998529412 0.057804878 0.032627451 0.8241585366 0.3849647059 2 0.7982839721 0.3847754902 2 0.8512264808 0.3849382353 2 0.8211341463 0.4148470588 2 0.7949233449 0.4144696078 2 0.8470087108 0.4150362745 2
2 0.8182752613 0.4327598039 0.0594773519 0.0326372549 0.8175801394 0.4178421569 2 0.7918989547 0.4176843137 2 0.8471707317 0.4178421569 2 0.8178797909 0.4476813725 2 0.7892891986 0.4477362745 2 0.8436480836 0.4477558824 2
2 0.7562804878 0.4318578431 0.0544425087 0.0321862745 0.7579599303 0.4173058824 2 0.7320853659 0.4171166667 2 0.7827229965 0.4171421569 2 0.7559146341 0.4465656863 2 0.7297473868 0.4466196078 2 0.782815331 0.4465656863 2
2 0.7583972125 0.3988872549 0.0566550523 0.0334215686 0.7577317073 0.3836107843 2 0.7309738676 0.3834980392 2 0.7859181185 0.3836107843 2 0.7580174216 0.4141715686 2 0.7307839721 0.414227451 2 0.7838344948 0.4142803922 2
2 0.7599738676 0.3658137255 0.0551045296 0.032627451 0.7593292683 0.3509 2 0.7333013937 0.3507901961 2 0.7867456446 0.3509 2 0.7596062718 0.3807294118 2 0.7331167247 0.3807843137 2 0.7868397213 0.3807294118 2
2 0.7291027875 0.3702254902 0.057195122 0.0332745098 0.7284233449 0.3550117647 2 0.701412892 0.3549 2 0.7568763066 0.3550117647 2 0.7287108014 0.3854303922 2 0.7012195122 0.3854862745 2 0.7569721254 0.3854303922 2
2 0.7278310105 0.4034264706 0.0573344948 0.0334215686 0.7271445993 0.3881490196 2 0.7000696864 0.3880372549 2 0.7556655052 0.3881490196 2 0.7274337979 0.4187107843 2 0.6998780488 0.4187666667 2 0.755761324 0.4187107843 2
2 0.7257055749 0.436504902 0.0591463415 0.0342254902 0.7250069686 0.4208598039 2 0.6970749129 0.420745098 2 0.7544303136 0.4208598039 2 0.725304878 0.4521519608 2 0.6968763066 0.4522098039 2 0.7545296167 0.4521519608 2
2 0.7002961672 0.3651127451 0.0567247387 0.0344019608 0.699630662 0.3493872549 2 0.6728414634 0.3492715686 2 0.7278501742 0.3493872549 2 0.6999163763 0.3808421569 2 0.6726515679 0.3809 2 0.727945993 0.3808421569 2
2 0.698858885 0.3978480392 0.057195122 0.0324803922 0.6981794425 0.3830029412 2 0.6711689895 0.3828941176 2 0.7266341463 0.3830029412 2 0.6984686411 0.4126990196 2 0.6709773519 0.4127529412 2 0.7267299652 0.4126990196 2
2 0.6951132404 0.4313627451 0.0598083624 0.0339215686 0.696466899 0.4159823529 2 0.6692491289 0.4156039216 2 0.7241759582 0.415854902 2 0.6937787456 0.4464323529 2 0.6662247387 0.4456754902 2 0.7183083624 0.447377451 2
2 0.6695470383 0.3684656863 0.0577351916 0.0333823529 0.6688710801 0.3532019608 2 0.6416080139 0.3530892157 2 0.6975923345 0.3532019608 2 0.6691637631 0.3837235294 2 0.641412892 0.3837794118 2 0.6976898955 0.3837235294 2
2 0.6679442509 0.4020490196 0.0585365854 0.0342941176 0.6672491289 0.3863715686 2 0.6396045296 0.3862558824 2 0.6963710801 0.3863715686 2 0.6672317073 0.4173058824 2 0.6393414634 0.4167382353 2 0.6934425087 0.4176843137 2
2 0.6648519164 0.435254902 0.0590766551 0.0344509804 0.6662247387 0.4199539216 2 0.6398780488 0.4196519608 2 0.6926358885 0.4204088235 2 0.6642073171 0.4494578431 2 0.6353083624 0.4487019608 2 0.6907543554 0.4505931373 2
2 0.6082491289 0.3690294118 0.0561149826 0.0349803922 0.607597561 0.3530431373 2 0.5810940767 0.3529254902 2 0.6355156794 0.3530431373 2 0.6078797909 0.385022549 2 0.5809059233 0.3850813725 2 0.6356114983 0.385022549 2
2 0.6077526132 0.4025294118 0.0531010453 0.0334313725 0.6071289199 0.3872421569 2 0.582054007 0.3871294118 2 0.633543554 0.3872421569 2 0.6073972125 0.4178078431 2 0.5818763066 0.4178637255 2 0.6336324042 0.4178078431 2
2 0.6052003484 0.4367794118 0.0574041812 0.0334019608 0.6045243902 0.4215058824 2 0.5774181185 0.4213931373 2 0.6330783972 0.4215058824 2 0.6048135889 0.4520421569 2 0.5772264808 0.4520980392 2 0.6312752613 0.4517715686 2
2 0.5771777003 0.3629460784 0.057804878 0.0350490196 0.5764947735 0.3469196078 2 0.5491986063 0.3468009804 2 0.6052491289 0.3469196078 2 0.5767857143 0.3789666667 2 0.5490034843 0.3790254902 2 0.6053466899 0.3789666667 2
2 0.5749303136 0.3979460784 0.0566550523 0.0342647059 0.5742578397 0.3822852941 2 0.5475 0.3821696078 2 0.6024425087 0.3822852941 2 0.5745418118 0.4136117647 2 0.5473101045 0.4136686275 2 0.6025383275 0.4136117647 2
2 0.5758275261 0.4313431373 0.0524216028 0.0325294118 0.5752142857 0.4164764706 2 0.550456446 0.4163666667 2 0.6012944251 0.4164764706 2 0.5754790941 0.4462166667 2 0.5502804878 0.4462705882 2 0.6013815331 0.4462166667 2
2 0.5460191638 0.3685539216 0.0579965157 0.0340294118 0.5453414634 0.3530019608 2 0.5179512195 0.3528882353 2 0.5741968641 0.3530019608 2 0.5456341463 0.3841166667 2 0.5177560976 0.3841745098 2 0.5742944251 0.3841166667 2
2 0.5454616725 0.4023676471 0.0535017422 0.0341078431 0.5448240418 0.3867794118 2 0.5195592334 0.3866647059 2 0.5714390244 0.3867794118 2 0.5450940767 0.4179676471 2 0.5193797909 0.4180254902 2 0.5715278746 0.4179676471 2
2 0.5454790941 0.4357352941 0.0542334495 0.0335882353 0.5448484321 0.4203794118 2 0.5192351916 0.4202666667 2 0.5718310105 0.4203794118 2 0.5451219512 0.4510882353 2 0.5190522648 0.451145098 2 0.5719233449 0.4510882353 2
2 0.4857752613 0.3675539216 0.0551045296 0.0356568627 0.4851254355 0.3512568627 2 0.4590993031 0.3511372549 2 0.5125418118 0.3512568627 2 0.4854041812 0.3838578431 2 0.458912892 0.3839186275 2 0.5126358885 0.3838578431 2
2 0.4859059233 0.4011078431 0.0540418118 0.0328627451 0.4852735192 0.3860833333 2 0.4597543554 0.385972549 2 0.5121550523 0.3860833333 2 0.4855452962 0.4161303922 2 0.4595731707 0.4161852941 2 0.5122456446 0.4161303922 2
2 0.4856358885 0.4353872549 0.056184669 0.0342647059 0.4849790941 0.419727451 2 0.4584442509 0.4196127451 2 0.5129303136 0.419727451 2 0.485261324 0.4510588235 2 0.4582560976 0.4511166667 2 0.5130243902 0.4510588235 2
2 0.4540505226 0.361622549 0.0588675958 0.0346764706 0.4533606272 0.3457686275 2 0.4255557491 0.3456519608 2 0.4826480836 0.3457686275 2 0.4536567944 0.3774696078 2 0.425358885 0.3775284314 2 0.4827473868 0.3774696078 2
2 0.4538501742 0.3958872549 0.058466899 0.0342254902 0.4531637631 0.3802411765 2 0.4255487805 0.3801264706 2 0.4822508711 0.3802411765 2 0.4534581882 0.4115323529 2 0.4253536585 0.4115901961 2 0.4823501742 0.4115323529 2
2 0.4540156794 0.429627451 0.0581358885 0.0340784314 0.4533344948 0.4140460784 2 0.4258797909 0.4139313725 2 0.4822560976 0.4140460784 2 0.4536271777 0.4452039216 2 0.425684669 0.4452617647 2 0.4823536585 0.4452039216 2
2 0.4225609756 0.3669901961 0.0565156794 0.0349803922 0.4219006969 0.3510009804 2 0.3952073171 0.3508833333 2 0.4500209059 0.3510009804 2 0.4221864111 0.3829803922 2 0.3950174216 0.3830392157 2 0.4501149826 0.3829803922 2
2 0.4219947735 0.4012058824 0.0560452962 0.0335098039 0.4213344948 0.3858833333 2 0.3948641115 0.3857705882 2 0.4492195122 0.3858833333 2 0.4216184669 0.4165186275 2 0.3946759582 0.4165754902 2 0.4493135889 0.4165186275 2
2 0.4224390244 0.435622549 0.0575958188 0.0342647059 0.4217543554 0.419954902 2 0.3945522648 0.4198392157 2 0.4504076655 0.419954902 2 0.422043554 0.4512862745 2 0.394358885 0.4513441176 2 0.4505052265 0.4512862745 2
2 0.3047560976 0.3620490196 0.0558536585 0.0337254902 0.3040958188 0.3466352941 2 0.2777195122 0.346522549 2 0.3318797909 0.3466352941 2 0.3043763066 0.3774735294 2 0.2775313589 0.3775303922 2 0.3319738676 0.3774735294 2
2 0.3041463415 0.395127451 0.0546341463 0.032254902 0.3035052265 0.3803843137 2 0.2777003484 0.3802754902 2 0.3306881533 0.3803843137 2 0.3037804878 0.409877451 2 0.2775156794 0.4099323529 2 0.3307787456 0.409877451 2
2 0.3008536585 0.4277745098 0.057456446 0.0335490196 0.3001777003 0.4124352941 2 0.2730400697 0.412322549 2 0.3287648084 0.4124352941 2 0.3004686411 0.4431098039 2 0.2728466899 0.4431656863 2 0.3288623693 0.4431098039 2
2 0.2718815331 0.3654803922 0.0546341463 0.0333137255 0.2712456446 0.3502480392 2 0.2454407666 0.3501362745 2 0.2984285714 0.3502480392 2 0.2715209059 0.3807068627 2 0.2452578397 0.3807627451 2 0.2985209059 0.3807068627 2
2 0.2711585366 0.3990245098 0.0545121951 0.0327941176 0.2705069686 0.3840372549 2 0.2447665505 0.383927451 2 0.2976236934 0.3840372549 2 0.27078223 0.4140156863 2 0.2445836237 0.4140715686 2 0.2977160279 0.4140156863 2
2 0.2680836237 0.4322352941 0.0557839721 0.0329411765 0.2674355401 0.4171745098 2 0.2410905923 0.4170637255 2 0.2951864111 0.4171745098 2 0.2677160279 0.4472960784 2 0.240902439 0.4473519608 2 0.2952804878 0.4472960784 2
2 0.2440418118 0.3607843137 0.0587456446 0.034372549 0.2433397213 0.3450745098 2 0.2155993031 0.3449588235 2 0.2701062718 0.3450647059 2 0.2422160279 0.3758931373 2 0.2156689895 0.3753254902 2 0.2680905923 0.3762715686 2
2 0.2397560976 0.3934656863 0.0575958188 0.0348333333 0.241543554 0.3772166667 2 0.2160052265 0.377027451 2 0.2677404181 0.3775441176 2 0.2402003484 0.4084235294 2 0.2129808362 0.4078558824 2 0.2640574913 0.4089911765 2
2 0.2374825784 0.425877451 0.0516898955 0.0343039216 0.2398641115 0.4108823529 2 0.2124616725 0.4100833333 2 0.2623780488 0.4112607843 2 0.2385191638 0.4409539216 2 0.2119738676 0.4405754902 2 0.2626689895 0.4415637255 2
2 0.2102003484 0.3637745098 0.0562543554 0.0344509804 0.2119738676 0.3484696078 2 0.1850905923 0.3480911765 2 0.2371759582 0.3482803922 2 0.209956446 0.3787303922 2 0.1830749129 0.3785411765 2 0.2348240418 0.3791078431 2
2 0.2093466899 0.3974362745 0.0579268293 0.0336960784 0.2109651568 0.3821343137 2 0.1837473868 0.3817558824 2 0.2374912892 0.3820343137 2 0.2096202091 0.4120166667 2 0.1807229965 0.4110715686 2 0.2375888502 0.4128421569 2
2 0.2082839721 0.4295147059 0.0544425087 0.0338529412 0.2096202091 0.4142862745 2 0.2341515679 0.4146647059 2 0.1818362369 0.4140362745 2 0.2082770035 0.4445470588 2 0.2348083624 0.445045098 2 0.1817299652 0.4437911765 2
2 0.1467857143 0.3646862745 0.0564634146 0.0349019608 0.1484634146 0.3486588235 2 0.119456446 0.3486107843 2 0.1742038328 0.3487284314 2 0.1481271777 0.3808107843 2 0.1192665505 0.3806970588 2 0.1742996516 0.3806382353 2
2 0.1455662021 0.3983480392 0.0580662021 0.0341470588 0.1448902439 0.3827343137 2 0.117466899 0.3826196078 2 0.1737787456 0.3827343137 2 0.1451829268 0.4139578431 2 0.117271777 0.4140147059 2 0.1738763066 0.4139578431 2
2 0.1482926829 0.4321421569 0.057456446 0.032754902 0.1476184669 0.4171666667 2 0.1204808362 0.4170568627 2 0.1762055749 0.4171666667 2 0.1479076655 0.4471156863 2 0.1202874564 0.4471705882 2 0.1763031359 0.4471156863 2
2 0.1113937282 0.3591078431 0.0602787456 0.0328235294 0.1106898955 0.3441 2 0.0822195122 0.3439901961 2 0.1406811847 0.3441 2 0.1109930314 0.3741078431 2 0.0820156794 0.3741637255 2 0.14078223 0.3741078431 2
2 0.1108885017 0.3928039216 0.0612891986 0.0335098039 0.1101724739 0.3774872549 2 0.0812264808 0.3773745098 2 0.1406655052 0.3774872549 2 0.1104825784 0.408122549 2 0.0810209059 0.4081784314 2 0.1407700348 0.408122549 2
2 0.1109930314 0.4258970588 0.0594773519 0.0338921569 0.1102961672 0.4104078431 2 0.0822055749 0.4102931373 2 0.1398850174 0.4104078431 2 0.1105958188 0.4413931373 2 0.0820052265 0.44145 2 0.1399860627 0.4413931373 2
2 0.0779006969 0.3629803922 0.0571254355 0.0337647059 0.0772247387 0.347545098 2 0.0502456446 0.3474313725 2 0.1056445993 0.347545098 2 0.0775121951 0.3784176471 2 0.050054007 0.3784745098 2 0.1057404181 0.3784176471 2
2 0.0724825784 0.3979852941 0.0550348432 0.035245098 0.0718379791 0.3818735294 2 0.0458432056 0.381754902 2 0.0992212544 0.3818735294 2 0.0721167247 0.4141 2 0.0456585366 0.4141588235 2 0.0993135889 0.4141 2
2 0.0794686411 0.4309705882 0.0542334495 0.0335882353 0.0788379791 0.4156137255 2 0.0532229965 0.4155009804 2 0.1058188153 0.4156137255 2 0.0791114983 0.4463235294 2 0.0530418118 0.4463794118 2 0.1059111498 0.4463235294 2
2 0.3990940767 0.1776372549 0.0880836237 0.0281764706 0.4001324042 0.1647519608 2 0.441728223 0.1646578431 2 0.356315331 0.1647519608 2 0.3996881533 0.1905107843 2 0.4420243902 0.1905578431 2 0.3561672474 0.1905107843 2
2 0.4103571429 0.1934019608 0.0869163763 0.0293529412 0.4113902439 0.1799872549 2 0.4527334495 0.2077078431 2 0.3681445993 0.1799872549 2 0.4109512195 0.2068196078 2 0.3682735192 0.2048372549 2 0.368 0.1801431373 2
2 0.3924825784 0.2069705882 0.0919686411 0.0309215686 0.4346341463 0.2085411765 2 0.4321655052 0.2218137255 2 0.4371010453 0.1957303922 2 0.3520958188 0.2062254902 2 0.3485296167 0.2193441176 2 0.3551114983 0.1926441176 2
2 0.4159843206 0.220995098 0.0899477352 0.027872549 0.4582160279 0.2236656863 2 0.4587648084 0.2347784314 1 0.4587648084 0.2102382353 2 0.3732090592 0.2207333333 2 0.3729355401 0.2323088235 1 0.3743066202 0.2077686275 2
2 0.4919686411 0.1802696078 0.0981184669 0.0312254902 0.5360923345 0.1830754902 1 0.5369146341 0.1938784314 1 0.536641115 0.1705735294 1 0.4464250871 0.1790627451 2 0.4447787456 0.1920264706 2 0.4472473868 0.1657892157 2
2 0.49978223 0.1958382353 0.0907142857 0.0312647059 0.542674216 0.1980460784 1 0.5429477352 0.2096215686 1 0.542674216 0.1846186275 1 0.4565714286 0.1941872549 2 0.4562961672 0.2083862745 2 0.4571184669 0.181377451 2
2 0.4833536585 0.2097401961 0.0907142857 0.0312647059 0.526238676 0.2119431373 1 0.5265139373 0.2235186275 1 0.526238676 0.1985156863 1 0.4401358885 0.2080852941 2 0.4398623693 0.2222843137 2 0.440684669 0.1952745098 2
2 0.4022560976 0.2367303922 0.0907142857 0.0312647059 0.4451358885 0.2389362745 2 0.4454111498 0.2505117647 2 0.4451358885 0.2255088235 2 0.359033101 0.235077451 1 0.3587595819 0.2492764706 1 0.3595818815 0.2222676471 1
2 0.4922560976 0.2404068627 0.0913066202 0.0312647059 0.5347804878 0.2412637255 1 0.5357020906 0.2541833333 1 0.5354268293 0.2291803922 1 0.4492508711 0.2401019608 1 0.4486602787 0.2512235294 1 0.4498728223 0.2259392157 1
