1 0.2744594595 0.2532324841 0.3635907336 0.3863375796 0.2722007722 0.433888535 2 0.0997413127 0.4392006369 2 0.4472316602 0.4296401274 2 0.2773474903 0.0611146497 2 0 0 0 0 0 0
1 0.3046911197 0.2312898089 0.3622779923 0.3818789809 0.3030888031 0.0483694268 2 0.1280579151 0.0473089172 2 0.4845559846 0.0473089172 2 0.2966525097 0.4190191083 2 0 0 0 0 0 0
1 0.4835907336 0.2293152866 0.3571428571 0.3767834395 0.4794092664 0.4073375796 2 0.3043745174 0.4105254777 2 0.6595868726 0.4041528662 2 0.4897027027 0.0473089172 2 0 0 0 0 0 0
1 0.6837258687 0.2296656051 0.3558687259 0.3871656051 0.6827528958 0.049433121 2 0.5102972973 0.0504936306 2 0.8590733591 0.0451847134 2 0.6685984556 0.4158343949 2 0 0 0 0 0 0
1 0.6953088803 0.2481847134 0.3558687259 0.3868789809 0.6943359073 0.4296401274 2 0.5257413127 0.4328280255 2 0.8693706564 0.4232675159 2 0.7097799228 0.0579299363 2 0 0 0 0 0 0
1 0.3584362934 0.7840764331 0.3577992278 0.3861783439 0.3558571429 0.968022293 2 0.1782509653 0.9690828025 2 0.5308880309 0.9669585987 2 0.3725868726 0.5888757962 2 0 0 0 0 0 0
1 0.4015250965 0.7592356688 0.3796525097 0.3836305732 0.3957528958 0.5782547771 2 0.2168610039 0.583566879 2 0.5849420849 0.5740063694 2 0.3777335907 0.9499681529 2 0 0 0 0 0 0
1 0.5836486486 0.7764012739 0.3603474903 0.3750318471 0.5797953668 0.9531528662 2 0.408015444 0.9591783439 2 0.7586872587 0.9510286624 2 0.5913783784 0.591 2 0 0 0 0 0 0
1 0.7934362934 0.7576433121 0.3629343629 0.3868152866 0.7844285714 0.5782547771 2 0.6132548263 0.5856910828 2 0.9697567568 0.5729458599 2 0.7728455598 0.9499681529 2 0 0 0 0 0 0
1 0.7972972973 0.7740127389 0.3629343629 0.3766242038 0.7934362934 0.9499681529 2 0.6204054054 0.957566879 1 0.9761891892 0.9425318471 2 0.8037335907 0.583566879 2 0 0 0 0 0 0
