1 0.801140625 0.328828125 0.3693125 0.35653125 0.96306875 0.3238640625 2 0.9730109375 0.1605109375 2 0.955965625 0.5 2 0.6264203125 0.3139203125 2 0 0 0 0 0 0
1 0.764203125 0.54615625 0.3693125 0.35653125 0.9261359375 0.54119375 2 0.9360796875 0.377840625 2 0.919034375 0.7173296875 2 0.5894890625 0.53125 2 0 0 0 0 0 0
1 0.7755625 0.77059375 0.3693125 0.35653125 0.9375 0.765625 2 0.94744375 0.6022734375 2 0.9303984375 0.9417609375 2 0.600853125 0.7485796875 2 0 0 0 0 0 0
1 0.7556875 0.7350859375 0.375 0.376421875 0.5923296875 0.7201703125 2 0.59943125 0.553978125 2 0.5795453125 0.8991484375 2 0.9133515625 0.737215625 2 0 0 0 0 0 0
1 0.774140625 0.345890625 0.375 0.3963125 0.6107953125 0.340909375 2 0.61505625 0.164771875 2 0.606534375 0.5113640625 2 0.93181875 0.352271875 2 0 0 0 0 0 0
1 0.261359375 0.326 0.4630625 0.3963125 0.0539765625 0.321021875 2 0.0610796875 0.1420453125 2 0.0426140625 0.492896875 2 0.47443125 0.330965625 2 0 0 0 0 0 0
1 0.238640625 0.716625 0.4630625 0.3963125 0.03125 0.711646875 2 0.0383515625 0.5326703125 2 0.0198859375 0.8835234375 2 0.4517046875 0.721590625 2 0 0 0 0 0 0
1 0.286921875 0.3046875 0.4630625 0.3963125 0.492896875 0.30255625 2 0.4985796875 0.127840625 2 0.484375 0.47869375 2 0.0767046875 0.29119375 2 0 0 0 0 0 0
1 0.258515625 0.5234375 0.4630625 0.3963125 0.4644890625 0.52130625 2 0.4701703125 0.346590625 2 0.455965625 0.69744375 2 0.0482953125 0.50994375 2 0 0 0 0 0 0
1 0.261359375 0.747875 0.4630625 0.3963125 0.4673296875 0.7457390625 2 0.4730109375 0.5710234375 2 0.45880625 0.921875 2 0.0511359375 0.734375 2 0 0 0 0 0 0
