2 0.4391157407 0.1885308642 0.21425 0.0982222222 0.5425796296 0.1917209877 2 0.542212963 0.2342234568 1 0.5425796296 0.1482419753 2 0.337487037 0.1863481481 2 0.3349231481 0.2347123457 2 0.3396842593 0.1414037037 2
2 0.4675231481 0.1641234568 0.21425 0.0957777778 0.556862963 0.1677839506 2 0.5572287037 0.2097975309 2 0.5579611111 0.1252814815 2 0.3658935185 0.163162963 2 0.3638555556 0.2014925926 1 0.3680916667 0.1182185185 2
2 0.6268148148 0.2393209877 0.223037037 0.1119259259 0.7346703704 0.2449716049 2 0.735037037 0.2913814815 2 0.733937963 0.1941641975 2 0.520787963 0.2352 2 0.5193231481 0.2904037037 2 0.5215203704 0.1863481481 2
2 0.633587963 0.3337037037 0.1992314815 0.0843703704 0.6359351852 0.2951395062 2 0.7295425926 0.3744308642 2 0.7306416667 0.2977320988 2 0.5391 0.3260666667 2 0.5380018519 0.3685691358 2 0.5394666667 0.2938234568 2
2 0.6435694444 0.3766790123 0.202712963 0.100962963 0.7419953704 0.3783074074 2 0.7419953704 0.4198320988 2 0.7419953704 0.3358049383 2 0.5471574074 0.3719567901 2 0.546425 0.4198320988 2 0.5471574074 0.3304320988 2
2 0.655837963 0.4341851852 0.194287037 0.0943950617 0.7493194444 0.4344876543 2 0.7493194444 0.4774777778 2 0.7489537037 0.3954061728 2 0.5632712963 0.4310679012 2 0.5629055556 0.4755246914 2 0.5625388889 0.3900320988 2
2 0.643662037 0.474462963 0.1996018519 0.0899876543 0.7394314815 0.4818432099 2 0.7401638889 0.517017284 2 0.7390648148 0.4373876543 2 0.550087037 0.4764691358 2 0.5497212963 0.5116432099 2 0.5504537037 0.4300592593 2
2 0.6597777778 0.5236728395 0.2083888889 0.0961111111 0.7614055556 0.5253222222 2 0.762137963 0.5678246914 2 0.7617722222 0.4784234568 2 0.5607083333 0.5179938272 2 0.5603416667 0.5639160494 2 0.5607083333 0.4779345679 2
2 0.6420092593 0.5655617284 0.2050925926 0.1051728395 0.7416287037 0.5761296296 2 0.7416287037 0.6166765432 2 0.7419953704 0.5302074074 2 0.5438611111 0.5663580247 2 0.5431287037 0.6113037037 2 0.5431287037 0.5179938272 2
2 0.6491759259 0.665 0.2050925926 0.099308642 0.735037037 0.6737716049 2 0.7357685185 0.7123641975 2 0.735037037 0.630291358 2 0.5510259259 0.662862963 2 0.550087037 0.7040592593 2 0.5519185185 0.6210098765 2
2 0.6574444444 0.6178765432 0.2050925926 0.099308642 0.7433 0.6266493827 2 0.7440333333 0.6652419753 2 0.7433 0.5831703704 2 0.5592898148 0.6157407407 2 0.5583509259 0.656937037 2 0.5601824074 0.5738876543 2
2 0.3061527778 0.3652407407 0.1661574074 0.0819135802 0.384162963 0.3685481481 2 0.384162963 0.4045012346 2 0.3854305556 0.3347098765 2 0.2294194444 0.3609345679 2 0.2281509259 0.3939271605 2 0.2300537037 0.3262506173 2
2 0.3142083333 0.3379074074 0.1661574074 0.0819135802 0.3922166667 0.3412135802 1 0.3922166667 0.3771666667 1 0.3934851852 0.3073753086 1 0.2374740741 0.3336 2 0.2362055556 0.366591358 1 0.2381083333 0.2989148148 2
2 0.2884027778 0.4045679012 0.1610833333 0.0819259259 0.3664055556 0.408308642 2 0.365137037 0.4413012346 2 0.3679907407 0.3740469136 2 0.2119787037 0.3998481481 2 0.2100768519 0.4341098765 2 0.2135648148 0.3655876543 2
2 0.304537037 0.4444814815 0.1645740741 0.0819259259 0.3828944444 0.4484641975 2 0.3816259259 0.4823024691 2 0.3844796296 0.4133567901 2 0.226375 0.4397679012 2 0.2244731481 0.4740283951 2 0.2279611111 0.4055061728 2
2 0.290587963 0.4812839506 0.1639351852 0.0819259259 0.3689416667 0.4860814815 2 0.3670388889 0.5199197531 2 0.3711611111 0.4505506173 2 0.2127398148 0.4765666667 2 0.210837963 0.5108283951 2 0.2143259259 0.4423049383 2
2 0.2723194444 0.5563148148 0.1791574074 0.087 0.3584777778 0.5596802469 2 0.3575268519 0.5977481481 2 0.3597462963 0.5237259259 2 0.1897824074 0.5516432099 2 0.187562963 0.5909802469 2 0.1916212963 0.5147925926 2
2 0.278787037 0.599191358 0.1804259259 0.087 0.3655805556 0.6025592593 2 0.3646296296 0.6406271605 2 0.3668490741 0.5666061728 2 0.1926361111 0.5947864198 2 0.1900990741 0.6345469136 2 0.1942212963 0.5567185185 2
2 0.254625 0.6418888889 0.1791574074 0.0872592593 0.3394518519 0.6444864198 2 0.3375490741 0.6834012346 2 0.3419888889 0.6064185185 2 0.168537037 0.6372962963 2 0.1675851852 0.6766333333 2 0.1691712963 0.5996506173 2
2 0.4075972222 0.5637716049 0.0625648148 0.2306790123 0.4087898148 0.4544419753 2 0.4362444444 0.4547938272 2 0.3792222222 0.4537382716 2 0.4069416667 0.6748814815 2 0.4373 0.6752345679 2 0.3773740741 0.6748814815 2
2 0.4400694444 0.5724814815 0.0604537037 0.2301481481 0.4433722222 0.463245679 2 0.4692435185 0.4628938272 2 0.4135416667 0.4625419753 2 0.4396759259 0.6822765432 2 0.4697712963 0.6826296296 2 0.4111648148 0.6826296296 2
