0 0.1396029412 0.5502787456 0.0334215686 0.1192334495 0.1272617647 0.6044250871 2 0.1537431373 0.603510453 2 0.1514294118 0.4966062718 2 0.124177451 0.4984337979 2 0 0 0 0 0 0
0 0.1349754902 0.5356620209 0.0308529412 0.1192334495 0.1460303922 0.589804878 2 0.1239196078 0.5911759582 2 0.1218627451 0.4819860627 2 0.149372549 0.4810731707 2 0 0 0 0 0 0
0 0.1377990196 0.4369860627 0.0334215686 0.1192334495 0.1254627451 0.4911236934 2 0.1519431373 0.4902090592 2 0.1496294118 0.383304878 2 0.122377451 0.3851324042 2 0 0 0 0 0 0
0 0.1339460784 0.4209930314 0.0308529412 0.1146689895 0.1460303922 0.4719355401 2 0.122377451 0.4728501742 2 0.1208343137 0.3695993031 2 0.1483441176 0.368684669 2 0 0 0 0 0 0
0 0.1658284314 0.4196167247 0.0308529412 0.1146689895 0.1779098039 0.4705644599 2 0.1542568627 0.4714790941 2 0.1527147059 0.368228223 2 0.1802235294 0.367315331 2 0 0 0 0 0 0
0 0.1714852941 0.4351567944 0.0334215686 0.1192334495 0.1591421569 0.4892961672 2 0.185622549 0.4883832753 2 0.1833088235 0.3814773519 2 0.1560568627 0.383304878 2 0 0 0 0 0 0
0 0.1687892157 0.5330139373 0.0308529412 0.1192334495 0.1798411765 0.5871585366 2 0.1577313725 0.5885296167 2 0.1556745098 0.4793397213 2 0.1831833333 0.4784250871 2 0 0 0 0 0 0
0 0.1746127451 0.5479094077 0.0334215686 0.1192334495 0.1622696078 0.6020522648 2 0.1887509804 0.6011376307 2 0.1864372549 0.4942334495 2 0.1591852941 0.4960592334 2 0 0 0 0 0 0
0 0.2049362745 0.5480139373 0.0334215686 0.1192334495 0.1925931373 0.6021585366 2 0.2190745098 0.6012439024 2 0.2167598039 0.4943397213 2 0.1895078431 0.4961672474 2 0 0 0 0 0 0
0 0.2003088235 0.5333972125 0.0308529412 0.1192334495 0.2113607843 0.5875383275 2 0.1892509804 0.5889094077 2 0.1871941176 0.4797195122 2 0.2147039216 0.4788066202 2 0 0 0 0 0 0
0 0.2031323529 0.4347212544 0.0334215686 0.1192334495 0.1907931373 0.4888571429 2 0.2172745098 0.4879442509 2 0.2149607843 0.3810383275 2 0.1877088235 0.3828658537 2 0 0 0 0 0 0
0 0.1992794118 0.418728223 0.0308529412 0.1146689895 0.2113607843 0.4696689895 2 0.1877088235 0.4705836237 2 0.1861656863 0.3673327526 2 0.2136754902 0.3664198606 2 0 0 0 0 0 0
0 0.2311617647 0.4173519164 0.0308529412 0.1146689895 0.2432411765 0.4682979094 2 0.2195882353 0.4692125436 2 0.2180460784 0.3659616725 2 0.245554902 0.3650487805 2 0 0 0 0 0 0
0 0.2368088235 0.4328919861 0.0334215686 0.1192334495 0.2244735294 0.4870296167 2 0.2509539216 0.4861167247 2 0.2486401961 0.3792108014 2 0.2213882353 0.3810383275 2 0 0 0 0 0 0
0 0.2339656863 0.5320905923 0.0308529412 0.1192334495 0.245022549 0.586228223 2 0.2229117647 0.587597561 2 0.2208558824 0.4784076655 2 0.2483647059 0.4774947735 2 0 0 0 0 0 0
0 0.2399460784 0.5456445993 0.0334215686 0.1192334495 0.2276009804 0.5997857143 2 0.2540813725 0.5988710801 2 0.2517676471 0.491966899 2 0.2245156863 0.4937944251 2 0 0 0 0 0 0
0 0.2735637255 0.4333972125 0.0308529412 0.1146689895 0.2856480392 0.4843379791 2 0.2619960784 0.4852526132 2 0.2604529412 0.3820017422 2 0.2860784314 0.3820557491 2 0 0 0 0 0 0
0 0.2758186275 0.542630662 0.0308529412 0.1146689895 0.2879029412 0.5935714286 2 0.2642509804 0.5944860627 2 0.2627078431 0.4912351916 2 0.2883333333 0.4912891986 2 0 0 0 0 0 0
0 0.2765147059 0.4177351916 0.0334215686 0.1192334495 0.2641784314 0.4718728223 2 0.2906598039 0.4709599303 2 0.2883460784 0.364054007 2 0.2610941176 0.3658815331 2 0 0 0 0 0 0
0 0.2769068627 0.5288850174 0.0314607843 0.1147038328 0.2655519608 0.5807578397 2 0.2920323529 0.5798449477 2 0.2899019608 0.4770034843 2 0.2629411765 0.4764808362 2 0 0 0 0 0 0
0 0.3079852941 0.4163414634 0.032245098 0.1192334495 0.2962382353 0.4704790941 2 0.3227186275 0.4695662021 2 0.320404902 0.3626602787 2 0.2931529412 0.3644878049 2 0 0 0 0 0 0
0 0.3055735294 0.4307839721 0.0278137255 0.1146689895 0.3187254902 0.4818815331 2 0.2955254902 0.4826393728 2 0.2939823529 0.3793885017 2 0.3176470588 0.3792682927 2 0 0 0 0 0 0
0 0.3091617647 0.5256620209 0.032245098 0.1096515679 0.2991176471 0.5771777003 2 0.3228431373 0.5766550523 2 0.3215813725 0.476771777 2 0.2978431373 0.4773519164 2 0 0 0 0 0 0
0 0.3391323529 0.4149303136 0.032245098 0.1192334495 0.3273843137 0.4690662021 2 0.3538647059 0.4681533101 2 0.3515509804 0.3612473868 2 0.3242990196 0.3630749129 2 0 0 0 0 0 0
0 0.3066519608 0.5403658537 0.0278137255 0.1146689895 0.3198039216 0.5914634146 2 0.2966039216 0.5922212544 2 0.2950607843 0.4889703833 2 0.3187254902 0.4888501742 2 0 0 0 0 0 0
0 0.3354166667 0.4313240418 0.0278137255 0.1146689895 0.3485647059 0.4824181185 2 0.3253647059 0.483174216 2 0.3238215686 0.3799250871 2 0.3474862745 0.379804878 2 0 0 0 0 0 0
0 0.3350147059 0.5417770035 0.0278137255 0.1146689895 0.3481666667 0.5928763066 2 0.3249666667 0.5936341463 2 0.3234245098 0.4903832753 2 0.3470882353 0.4902630662 2 0 0 0 0 0 0
0 0.3403284314 0.5279790941 0.032245098 0.1192334495 0.3288264706 0.5763170732 2 0.3545382353 0.5746689895 2 0.3527441176 0.4742979094 2 0.3254921569 0.4761254355 2 0 0 0 0 0 0
0 0.3694852941 0.4146864111 0.032245098 0.1192334495 0.3577352941 0.4688310105 2 0.3842156863 0.4679163763 2 0.3819019608 0.3610121951 2 0.3548029412 0.3615226481 2 0 0 0 0 0 0
0 0.3708088235 0.5277351916 0.032245098 0.1192334495 0.3593098039 0.5760818815 2 0.3850215686 0.5744337979 2 0.383227451 0.4740609756 2 0.3579843137 0.4755139373 2 0 0 0 0 0 0
0 0.3669558824 0.5410801394 0.0278137255 0.1146689895 0.3801088235 0.5921707317 2 0.3569078431 0.5929268293 2 0.3553656863 0.4896777003 2 0.3790303922 0.4895557491 2 0 0 0 0 0 0
0 0.3665637255 0.4289721254 0.0278137255 0.1146689895 0.3797107843 0.4800627178 2 0.3565107843 0.4808188153 2 0.3549676471 0.3775696864 2 0.3786323529 0.3774494774 2 0 0 0 0 0 0
0 0.4442892157 0.4207839721 0.0269509804 0.1192334495 0.4337254902 0.4742160279 2 0.456372549 0.4740139373 2 0.4540588235 0.3671097561 2 0.4325490196 0.3667247387 2 0 0 0 0 0 0
0 0.4440931373 0.5352439024 0.0269509804 0.1192334495 0.4335294118 0.5886759582 2 0.4561764706 0.5884738676 2 0.4549019608 0.4818815331 2 0.4323529412 0.481184669 2 0 0 0 0 0 0
0 0.4411715686 0.5467421603 0.0278137255 0.1134494774 0.4543245098 0.5984407666 2 0.4298039216 0.5986062718 2 0.4295813725 0.4959494774 2 0.4532460784 0.4958292683 2 0 0 0 0 0 0
0 0.4409754902 0.4341114983 0.0278137255 0.1171080139 0.4538235294 0.4871080139 2 0.4296078431 0.4881533101 2 0.4293852941 0.381489547 2 0.45305 0.3813675958 2 0 0 0 0 0 0
0 0.4712696078 0.5472648084 0.0278137255 0.1134494774 0.484422549 0.5989634146 2 0.4599019608 0.5991289199 2 0.4596794118 0.4964721254 2 0.4833441176 0.4963519164 2 0 0 0 0 0 0
0 0.4710735294 0.4336759582 0.0278137255 0.1134494774 0.4843137255 0.4881533101 2 0.4597058824 0.4883275261 2 0.4594833333 0.3828832753 2 0.4831480392 0.3827630662 2 0 0 0 0 0 0
0 0.4752696078 0.4220034843 0.0269509804 0.1192334495 0.4647058824 0.4754355401 2 0.4873529412 0.4752334495 2 0.4850392157 0.3683292683 2 0.4635294118 0.3679442509 2 0 0 0 0 0 0
0 0.4740931373 0.5343728223 0.0269509804 0.1192334495 0.4635294118 0.587804878 2 0.4861764706 0.5876027875 2 0.4859803922 0.481010453 2 0.4623529412 0.4803135889 2 0 0 0 0 0 0
0 0.5010735294 0.4333275261 0.0278137255 0.1134494774 0.5115686275 0.4867595819 2 0.4897058824 0.4879790941 2 0.4894833333 0.3825348432 2 0.5112745098 0.3827526132 2 0 0 0 0 0 0
0 0.5010735294 0.545 0.0278137255 0.1134494774 0.5115686275 0.5984320557 2 0.4897058824 0.5996515679 2 0.4894833333 0.4942073171 2 0.5112745098 0.4944250871 2 0 0 0 0 0 0
0 0.5033088235 0.4211324042 0.0269509804 0.1192334495 0.492745098 0.4745644599 2 0.5153921569 0.4743623693 2 0.5130784314 0.3674581882 2 0.4915686275 0.3670731707 2 0 0 0 0 0 0
0 0.5037009804 0.5331533101 0.0269509804 0.1192334495 0.4931372549 0.5865853659 2 0.5157843137 0.5863832753 2 0.515 0.4794425087 2 0.4919607843 0.4790940767 2 0 0 0 0 0 0
0 0.53125 0.4225261324 0.0269509804 0.1192334495 0.5206862745 0.4759581882 2 0.5433333333 0.4757560976 2 0.5429411765 0.368815331 2 0.5208823529 0.368641115 2 0 0 0 0 0 0
0 0.529504902 0.4333275261 0.0278137255 0.1134494774 0.54 0.4867595819 2 0.5181372549 0.4879790941 2 0.5179147059 0.3825348432 2 0.5397058824 0.3827526132 2 0 0 0 0 0 0
0 0.529995098 0.5469163763 0.0278137255 0.1134494774 0.5404901961 0.6003484321 2 0.518627451 0.6015679443 2 0.518404902 0.4961236934 2 0.5401960784 0.4963414634 2 0 0 0 0 0 0
0 0.5323284314 0.5354181185 0.0269509804 0.1192334495 0.5217647059 0.5888501742 2 0.5444117647 0.5886480836 2 0.5440196078 0.4817073171 2 0.5219607843 0.481533101 2 0 0 0 0 0 0
0 0.5590147059 0.5458710801 0.0278137255 0.1134494774 0.5695098039 0.5993031359 2 0.5476470588 0.6005226481 2 0.5474245098 0.4950783972 2 0.5692156863 0.4952961672 2 0 0 0 0 0 0
0 0.5611519608 0.5350696864 0.0269509804 0.1192334495 0.5505882353 0.5885017422 2 0.5732352941 0.5882996516 2 0.5728431373 0.481358885 2 0.5507843137 0.481184669 2 0 0 0 0 0 0
0 0.5589166667 0.432630662 0.0278137255 0.1134494774 0.5694117647 0.4860627178 2 0.5475490196 0.48728223 2 0.5473264706 0.3818379791 2 0.5691176471 0.3820557491 2 0 0 0 0 0 0
0 0.5603676471 0.4225261324 0.0269509804 0.1192334495 0.5498039216 0.4759581882 2 0.5724509804 0.4757560976 2 0.5720588235 0.368815331 2 0.55 0.368641115 2 0 0 0 0 0 0
0 0.5892107843 0.4176480836 0.0278137255 0.1134494774 0.5997058824 0.4710801394 2 0.5778431373 0.4722996516 2 0.5776205882 0.3668554007 2 0.5994117647 0.3670731707 2 0 0 0 0 0 0
0 0.589995098 0.5319337979 0.0278137255 0.1134494774 0.6004901961 0.5853658537 2 0.578627451 0.5865853659 2 0.578404902 0.481141115 2 0.6001960784 0.481358885 2 0 0 0 0 0 0
0 0.5929166667 0.5467421603 0.0269509804 0.1192334495 0.5823529412 0.600174216 2 0.605 0.5999721254 2 0.6046078431 0.4930313589 2 0.5825490196 0.4928571429 2 0 0 0 0 0 0
0 0.5913480392 0.432804878 0.0269509804 0.1192334495 0.5807843137 0.4862369338 2 0.6034313725 0.4860348432 2 0.6030392157 0.3790940767 2 0.5809803922 0.3789198606 2 0 0 0 0 0 0
0 0.6175441176 0.413641115 0.0278137255 0.1134494774 0.6280392157 0.4670731707 2 0.6061764706 0.4682926829 2 0.6059539216 0.3628484321 2 0.627745098 0.3630662021 2 0 0 0 0 0 0
0 0.6201715686 0.4305400697 0.0269509804 0.1192334495 0.6096078431 0.4839721254 2 0.632254902 0.4837700348 2 0.6318627451 0.3768292683 2 0.6098039216 0.3766550523 2 0 0 0 0 0 0
0 0.618622549 0.5289721254 0.0278137255 0.1134494774 0.6291176471 0.5824041812 2 0.607254902 0.5836236934 2 0.6070323529 0.4781794425 2 0.6288235294 0.4783972125 2 0 0 0 0 0 0
0 0.6215441176 0.544825784 0.0269509804 0.1192334495 0.6109803922 0.5982578397 2 0.633627451 0.5980557491 2 0.6332352941 0.4911149826 2 0.6111764706 0.4909407666 2 0 0 0 0 0 0
0 0.6483284314 0.5298432056 0.0278137255 0.1134494774 0.6588235294 0.5832752613 2 0.6369607843 0.5844947735 2 0.6367382353 0.4790505226 2 0.6585294118 0.4792682927 2 0 0 0 0 0 0
0 0.6500735294 0.5441289199 0.0269509804 0.1192334495 0.6395098039 0.5975609756 2 0.6621568627 0.597358885 2 0.6617647059 0.4904181185 2 0.6397058824 0.4902439024 2 0 0 0 0 0 0
0 0.6467794118 0.4160801394 0.0278137255 0.1134494774 0.6572715686 0.4695121951 2 0.6354078431 0.4707317073 2 0.6351852941 0.3652874564 2 0.656977451 0.3655052265 2 0 0 0 0 0 0
0 0.648995098 0.4312369338 0.0269509804 0.1192334495 0.6384313725 0.4846689895 2 0.6610784314 0.484466899 2 0.6606862745 0.3775261324 2 0.638627451 0.3773519164 2 0 0 0 0 0 0
0 0.6750735294 0.4162543554 0.0278137255 0.1134494774 0.6855666667 0.4696916376 2 0.6637029412 0.4709111498 2 0.6634803922 0.3654651568 2 0.685272549 0.365684669 2 0 0 0 0 0 0
0 0.6767892157 0.4305226481 0.0269509804 0.1192334495 0.6662235294 0.4839529617 2 0.6888705882 0.4837508711 2 0.6884784314 0.3768101045 2 0.6664196078 0.3766358885 2 0 0 0 0 0 0
0 0.6756813725 0.5284494774 0.0278137255 0.1134494774 0.6861705882 0.5818832753 2 0.6643078431 0.5831027875 2 0.6640852941 0.4776585366 2 0.6858764706 0.4778763066 2 0 0 0 0 0 0
0 0.6776617647 0.5428745645 0.0269509804 0.1192334495 0.6671 0.5963083624 2 0.6897480392 0.5961062718 2 0.689354902 0.4891655052 2 0.6672960784 0.4889912892 2 0 0 0 0 0 0
0 0.7039754902 0.4166027875 0.0278137255 0.1134494774 0.7144656863 0.4700487805 2 0.6926029412 0.4712682927 2 0.6923803922 0.3658240418 2 0.7141715686 0.3660418118 2 0 0 0 0 0 0
0 0.707504902 0.4298083624 0.0269509804 0.1192334495 0.6969352941 0.4832369338 2 0.7195823529 0.4830365854 2 0.7191901961 0.3760940767 2 0.6971313725 0.3759198606 2 0 0 0 0 0 0
0 0.7077696078 0.5439547038 0.0269509804 0.1192334495 0.6972078431 0.5973815331 2 0.7198558824 0.5971811847 2 0.7194627451 0.490238676 2 0.6974039216 0.4900644599 2 0 0 0 0 0 0
0 0.7055833333 0.5287979094 0.0278137255 0.1134494774 0.716077451 0.5822421603 2 0.6942137255 0.5834599303 2 0.6939911765 0.4780156794 2 0.7157833333 0.4782351916 2 0 0 0 0 0 0
0 0.7443480392 0.4189198606 0.0278137255 0.1134494774 0.7548382353 0.4723536585 2 0.7329745098 0.4735714286 2 0.7327519608 0.3681271777 2 0.7545441176 0.3683466899 2 0 0 0 0 0 0
0 0.7473186275 0.4354006969 0.0269509804 0.1192334495 0.7367509804 0.4888310105 2 0.7593990196 0.488630662 2 0.7590068627 0.3816881533 2 0.7369480392 0.3815139373 2 0 0 0 0 0 0
0 0.7752696078 0.4182578397 0.0278137255 0.1134494774 0.7857656863 0.471695122 2 0.7639019608 0.4729146341 2 0.7636794118 0.3674686411 2 0.7854715686 0.3676881533 2 0 0 0 0 0 0
0 0.7754656863 0.4324390244 0.0269509804 0.1192334495 0.7649009804 0.485869338 2 0.7875480392 0.4856689895 2 0.7871558824 0.3787264808 2 0.7650970588 0.3785522648 2 0 0 0 0 0 0
0 0.8054558824 0.4189198606 0.0278137255 0.1134494774 0.8159519608 0.4723536585 2 0.7940882353 0.4735714286 2 0.7938656863 0.3681271777 2 0.8156578431 0.3683466899 2 0 0 0 0 0 0
0 0.8354558824 0.4179268293 0.0278137255 0.1134494774 0.8459529412 0.4713658537 2 0.8240901961 0.4725853659 2 0.8238676471 0.3671393728 2 0.8456588235 0.367358885 2 0 0 0 0 0 0
0 0.807877451 0.4317770035 0.0269509804 0.1192334495 0.7973098039 0.4852125436 2 0.8199568627 0.485010453 2 0.8195647059 0.3780696864 2 0.7975058824 0.3778954704 2 0 0 0 0 0 0
0 0.837504902 0.4324390244 0.0269509804 0.1192334495 0.8269401961 0.485869338 2 0.8495882353 0.4856689895 2 0.849195098 0.3787264808 2 0.8271362745 0.3785522648 2 0 0 0 0 0 0
0 0.8649068627 0.416271777 0.0278137255 0.1134494774 0.8753990196 0.4697195122 2 0.8535352941 0.4709390244 2 0.8533127451 0.3654947735 2 0.875104902 0.3657125436 2 0 0 0 0 0 0
0 0.8676911765 0.4291463415 0.0269509804 0.1192334495 0.8571264706 0.4825783972 2 0.8797745098 0.4823780488 2 0.8793823529 0.3754355401 2 0.8573235294 0.375261324 2 0 0 0 0 0 0
0 0.7430441176 0.5337630662 0.0278137255 0.1134494774 0.7535411765 0.5872055749 2 0.7316784314 0.5884233449 2 0.7314558824 0.4829790941 2 0.7532470588 0.4831986063 2 0 0 0 0 0 0
0 0.7723088235 0.5334320557 0.0278137255 0.1134494774 0.7828019608 0.5868763066 2 0.7609392157 0.5880958188 2 0.7607166667 0.4826498258 2 0.7825078431 0.482869338 2 0 0 0 0 0 0
0 0.802122549 0.5334320557 0.0278137255 0.1134494774 0.8126176471 0.5868763066 2 0.790754902 0.5880958188 2 0.7905323529 0.4826498258 2 0.8123245098 0.482869338 2 0 0 0 0 0 0
0 0.8328676471 0.5344250871 0.0278137255 0.1134494774 0.8433598039 0.5878623693 2 0.8214970588 0.5890818815 2 0.8212745098 0.4836376307 2 0.8430656863 0.4838554007 2 0 0 0 0 0 0
0 0.8625 0.5314634146 0.0292941176 0.1200348432 0.873 0.5867648084 2 0.8504068627 0.5870940767 2 0.8516460784 0.4773850174 2 0.8734382353 0.4776027875 2 0 0 0 0 0 0
0 0.863622549 0.5459756098 0.0269509804 0.1192334495 0.8530529412 0.5994059233 2 0.8757 0.5992038328 2 0.8753078431 0.4922630662 2 0.8532490196 0.4920888502 2 0 0 0 0 0 0
0 0.8336127451 0.5482752613 0.0269509804 0.1192334495 0.8230519608 0.6017090592 2 0.8456990196 0.6015069686 2 0.8453058824 0.4945662021 2 0.8232470588 0.4943919861 2 0 0 0 0 0 0
0 0.8036127451 0.5486062718 0.0269509804 0.1192334495 0.79305 0.6020383275 2 0.8156980392 0.6018362369 2 0.815304902 0.4948954704 2 0.7932460784 0.4947212544 2 0 0 0 0 0 0
0 0.7734264706 0.550261324 0.0269509804 0.1192334495 0.7628637255 0.6036829268 2 0.7855107843 0.6034825784 2 0.7851186275 0.4965400697 2 0.7630598039 0.4963658537 2 0 0 0 0 0 0
0 0.7439852941 0.5486062718 0.0269509804 0.1192334495 0.7334176471 0.6020383275 2 0.7560656863 0.6018362369 2 0.755672549 0.4948954704 2 0.7336137255 0.4947212544 2 0 0 0 0 0 0
0 0.3481519608 0.1886585366 0.0216568627 0.0824738676 0.3394117647 0.2257839721 2 0.3571568627 0.2264808362 2 0.3564460784 0.1502195122 2 0.3411764706 0.150174216 2 0 0 0 0 0 0
0 0.3470735294 0.2001567944 0.0216568627 0.0824738676 0.3558078431 0.23728223 2 0.3380627451 0.2379790941 2 0.3387735294 0.16171777 2 0.3541411765 0.1608013937 2 0 0 0 0 0 0
0 0.3699166667 0.1884843206 0.0216568627 0.0824738676 0.3611764706 0.2256097561 2 0.3789215686 0.2263066202 2 0.3782107843 0.1500452962 2 0.3629411765 0.15 2 0 0 0 0 0 0
0 0.3680539216 0.1996341463 0.0216568627 0.0824738676 0.3767882353 0.2367595819 2 0.3590431373 0.237456446 2 0.3597539216 0.161195122 2 0.3751215686 0.1602787456 2 0 0 0 0 0 0
0 0.3473676471 0.2836062718 0.0216568627 0.0824738676 0.3561019608 0.3207317073 2 0.3383568627 0.3214285714 2 0.3390676471 0.2451672474 2 0.3544352941 0.2442508711 2 0 0 0 0 0 0
0 0.3695245098 0.2710627178 0.0216568627 0.0824738676 0.3607843137 0.3081881533 2 0.3785294118 0.3088850174 2 0.3778186275 0.2326236934 2 0.3625490196 0.2325783972 2 0 0 0 0 0 0
0 0.3669754902 0.2837804878 0.0216568627 0.0824738676 0.3757098039 0.3209059233 2 0.3579647059 0.3216027875 2 0.3586754902 0.2453414634 2 0.3740431373 0.2444250871 2 0 0 0 0 0 0
0 0.38825 0.284825784 0.0216568627 0.0824738676 0.3969843137 0.3219512195 2 0.3792392157 0.3226480836 2 0.37995 0.2463867596 2 0.3953176471 0.2454703833 2 0 0 0 0 0 0
0 0.3893284314 0.2032926829 0.0216568627 0.0824738676 0.3964705882 0.2405923345 2 0.3803176471 0.2411149826 2 0.3810284314 0.1648536585 2 0.3963960784 0.1639372822 2 0 0 0 0 0 0
0 0.3901127451 0.2755923345 0.0216568627 0.0824738676 0.381372549 0.31271777 2 0.3991176471 0.3134146341 2 0.3984068627 0.2371533101 2 0.3831372549 0.2371080139 2 0 0 0 0 0 0
0 0.3910931373 0.1926655052 0.0216568627 0.0824738676 0.3823529412 0.2297909408 2 0.4000980392 0.2304878049 2 0.3993872549 0.1542264808 2 0.3841176471 0.1541811847 2 0 0 0 0 0 0
0 0.4121715686 0.1928397213 0.0216568627 0.0824738676 0.4034313725 0.2299651568 2 0.4211764706 0.2306620209 2 0.4204656863 0.1544006969 2 0.4051960784 0.1543554007 2 0 0 0 0 0 0
0 0.4321715686 0.1917944251 0.0216568627 0.0824738676 0.4234313725 0.2289198606 2 0.4411764706 0.2296167247 2 0.4404656863 0.1533554007 2 0.4251960784 0.1533101045 2 0 0 0 0 0 0
0 0.410995098 0.203641115 0.0216568627 0.0824738676 0.4179411765 0.2409407666 2 0.4019843137 0.2414634146 2 0.402695098 0.1652020906 2 0.4180627451 0.1642857143 2 0 0 0 0 0 0
0 0.4095245098 0.2839547038 0.0216568627 0.0824738676 0.4174509804 0.3214285714 2 0.4005137255 0.3217770035 2 0.4012245098 0.2455156794 2 0.4166666667 0.2456445993 2 0 0 0 0 0 0
0 0.4101127451 0.2745470383 0.0216568627 0.0824738676 0.401372549 0.3116724739 2 0.4191176471 0.312369338 2 0.4184068627 0.2361080139 2 0.4031372549 0.2360627178 2 0 0 0 0 0 0
0 0.4295245098 0.284825784 0.0216568627 0.0824738676 0.4374509804 0.3222996516 2 0.4205137255 0.3226480836 2 0.4212245098 0.2463867596 2 0.4366666667 0.2465156794 2 0 0 0 0 0 0
0 0.4310833333 0.2742857143 0.0216568627 0.0824738676 0.423522549 0.3119355401 2 0.4400921569 0.3121097561 2 0.4393803922 0.2358484321 2 0.4241107843 0.2358031359 2 0 0 0 0 0 0
0 0.4307990196 0.2018989547 0.0216568627 0.0824738676 0.4387254902 0.2393728223 2 0.4217882353 0.2397212544 2 0.4224990196 0.1634599303 2 0.4379411765 0.1635888502 2 0 0 0 0 0 0
0 0.4501617647 0.2584930314 0.0216568627 0.1283101045 0.4580960784 0.3188937282 2 0.4411588235 0.3192421603 2 0.4415088235 0.1968170732 2 0.4597941176 0.1976027875 2 0 0 0 0 0 0
0 0.4529656863 0.2514198606 0.0216568627 0.1283101045 0.4450392157 0.3118170732 2 0.4619764706 0.3121655052 2 0.4616264706 0.1897421603 2 0.4433401961 0.1905278746 2 0 0 0 0 0 0
0 0.4724362745 0.2611236934 0.0216568627 0.1283101045 0.4803627451 0.3215139373 2 0.4634254902 0.3218623693 2 0.4637754902 0.1994372822 2 0.4820617647 0.2002229965 2 0 0 0 0 0 0
0 0.4753872549 0.2514198606 0.0216568627 0.1283101045 0.4674539216 0.3118170732 2 0.4843911765 0.3121655052 2 0.4854529412 0.1902439024 2 0.4671676471 0.1902439024 2 0 0 0 0 0 0
0 0.4969166667 0.2624303136 0.0216568627 0.1283101045 0.5048421569 0.3228240418 2 0.487904902 0.3231724739 2 0.488254902 0.2007473868 2 0.5065401961 0.201533101 2 0 0 0 0 0 0
0 0.5000098039 0.2529790941 0.0243921569 0.132195122 0.4903803922 0.3136289199 2 0.5085098039 0.3138222997 2 0.5114470588 0.1898571429 2 0.4931607843 0.1898571429 2 0 0 0 0 0 0
0 0.5200637255 0.2608797909 0.0216568627 0.1283101045 0.5279960784 0.321271777 2 0.5110588235 0.3216202091 2 0.5114088235 0.199195122 2 0.5296941176 0.1999808362 2 0 0 0 0 0 0
0 0.5231666667 0.2525783972 0.0243921569 0.132195122 0.5135333333 0.3132404181 2 0.5316637255 0.3134355401 2 0.5346 0.1894686411 2 0.5163147059 0.1894686411 2 0 0 0 0 0 0
0 0.5458382353 0.262238676 0.0216568627 0.1283101045 0.5537705882 0.3226289199 2 0.5368333333 0.3229773519 2 0.5371843137 0.200554007 2 0.5554696078 0.2013397213 2 0 0 0 0 0 0
0 0.5490490196 0.2527874564 0.0243921569 0.132195122 0.5394176471 0.3134355401 2 0.5575480392 0.3136289199 2 0.5584215686 0.1890313589 2 0.5421990196 0.1896620209 2 0 0 0 0 0 0
0 0.5490490196 0.2527874564 0.0243921569 0.132195122 0.5394176471 0.3134355401 2 0.5575480392 0.3136289199 2 0.5584215686 0.1890313589 2 0.5421990196 0.1896620209 2 0 0 0 0 0 0
0 0.5681715686 0.1915592334 0.0216568627 0.0839198606 0.5767352941 0.2272700348 2 0.5601588235 0.2278832753 2 0.5595166667 0.1520714286 2 0.5778019608 0.1528571429 2 0 0 0 0 0 0
0 0.5692107843 0.27521777 0.0216568627 0.0839198606 0.5777715686 0.3109355401 2 0.561195098 0.3115487805 2 0.5605529412 0.235738676 2 0.5770803922 0.2360662021 2 0 0 0 0 0 0
0 0.5705931373 0.2042421603 0.0216568627 0.0839198606 0.5620303922 0.2399529617 2 0.5786068627 0.2405662021 2 0.5792490196 0.1647543554 2 0.5609637255 0.1655400697 2 0 0 0 0 0 0
0 0.5720833333 0.2852526132 0.0216568627 0.0839198606 0.563527451 0.3209599303 2 0.5801039216 0.3215731707 2 0.5807460784 0.245761324 2 0.5624607843 0.2465470383 2 0 0 0 0 0 0
0 0.5897009804 0.1909494774 0.0216568627 0.0839198606 0.5982617647 0.2266550523 2 0.5816852941 0.2272700348 2 0.5810431373 0.1514581882 2 0.5993294118 0.1522439024 2 0 0 0 0 0 0
0 0.5918872549 0.2719425087 0.0216568627 0.0839198606 0.6004490196 0.3076620209 2 0.583872549 0.3082770035 2 0.5832303922 0.2324651568 2 0.6015166667 0.2332508711 2 0 0 0 0 0 0
0 0.5951127451 0.2844337979 0.0216568627 0.0839198606 0.58655 0.320141115 2 0.603127451 0.3207543554 2 0.6037696078 0.2449425087 2 0.5854833333 0.2457299652 2 0 0 0 0 0 0
0 0.5944166667 0.2023954704 0.0216568627 0.0839198606 0.5858598039 0.2381114983 2 0.6024362745 0.2387247387 2 0.6030784314 0.162912892 2 0.5847931373 0.1637003484 2 0 0 0 0 0 0
0 0.6142205882 0.1899041812 0.0216568627 0.0839198606 0.6227843137 0.2256184669 2 0.6062078431 0.2262317073 2 0.6055656863 0.1504198606 2 0.6238509804 0.1512073171 2 0 0 0 0 0 0
0 0.6175833333 0.2010191638 0.0216568627 0.0839198606 0.6090196078 0.236728223 2 0.6255960784 0.2373414634 2 0.6262382353 0.1615296167 2 0.6079529412 0.1623170732 2 0 0 0 0 0 0
0 0.6144656863 0.2722909408 0.0216568627 0.0839198606 0.6230254902 0.3080087108 2 0.6064490196 0.3086219512 2 0.6058068627 0.2328101045 2 0.6240921569 0.233597561 2 0 0 0 0 0 0
0 0.6182696078 0.2826916376 0.0216568627 0.0839198606 0.6097098039 0.3184111498 2 0.6262872549 0.3190261324 2 0.6269284314 0.2432142857 2 0.6086431373 0.244 2 0 0 0 0 0 0
0 0.6373872549 0.1899041812 0.0216568627 0.0839198606 0.6459441176 0.2256184669 2 0.6293676471 0.2262317073 2 0.6287254902 0.1504198606 2 0.6470107843 0.1512073171 2 0 0 0 0 0 0
0 0.6414264706 0.2003919861 0.0216568627 0.0839198606 0.6328696078 0.2361027875 2 0.6494460784 0.2367160279 2 0.6500882353 0.1609041812 2 0.6318029412 0.1616898955 2 0 0 0 0 0 0
0 0.6368480392 0.2722909408 0.0216568627 0.0839198606 0.6454068627 0.3080087108 2 0.6288294118 0.3086219512 2 0.6281872549 0.2328101045 2 0.6464735294 0.233597561 2 0 0 0 0 0 0
0 0.6406519608 0.2823606272 0.0216568627 0.0839198606 0.6320911765 0.3180662021 2 0.6486676471 0.3186794425 2 0.6493098039 0.2428675958 2 0.6310245098 0.2436550523 2 0 0 0 0 0 0
0 0.6607401961 0.1940505226 0.0216568627 0.0839198606 0.6692980392 0.2297682927 2 0.6527215686 0.2303815331 2 0.6520794118 0.1545714286 2 0.6703647059 0.1553571429 2 0 0 0 0 0 0
0 0.661122549 0.2725522648 0.0216568627 0.0839198606 0.6696872549 0.3082735192 2 0.6531107843 0.3088885017 2 0.6524686275 0.2330766551 2 0.6707539216 0.2338623693 2 0 0 0 0 0 0
0 0.6651715686 0.2045383275 0.0216568627 0.0839198606 0.6566127451 0.2402526132 2 0.6731901961 0.2408658537 2 0.6738323529 0.165054007 2 0.6555470588 0.1658397213 2 0 0 0 0 0 0
0 0.6651715686 0.2823606272 0.0216568627 0.0839198606 0.6566127451 0.3180662021 2 0.6731901961 0.3186794425 2 0.6738323529 0.2428675958 2 0.6555470588 0.2436550523 2 0 0 0 0 0 0
0 0.6838872549 0.1934756098 0.0216568627 0.0839198606 0.6924441176 0.229184669 2 0.6758676471 0.2297979094 2 0.6752254902 0.1539878049 2 0.6935107843 0.1547735192 2 0 0 0 0 0 0
0 0.6834558824 0.2713850174 0.0216568627 0.0839198606 0.6920127451 0.3071062718 2 0.6754362745 0.3077212544 2 0.6747941176 0.2319094077 2 0.6930794118 0.232695122 2 0 0 0 0 0 0
0 0.6868382353 0.2817682927 0.0216568627 0.0839198606 0.6782813725 0.3174825784 2 0.6948588235 0.3180958188 2 0.6955009804 0.2422839721 2 0.6772147059 0.2430714286 2 0 0 0 0 0 0
0 0.6873382353 0.2033013937 0.0216568627 0.0839198606 0.6787745098 0.2390139373 2 0.6953509804 0.2396271777 2 0.6959931373 0.1638170732 2 0.6777078431 0.1646027875 2 0 0 0 0 0 0
0 0.7063676471 0.1931794425 0.0216568627 0.0839198606 0.7149333333 0.2288937282 2 0.6983568627 0.2295069686 2 0.6977147059 0.153695122 2 0.716 0.1544808362 2 0 0 0 0 0 0
0 0.7063676471 0.2719425087 0.0216568627 0.0839198606 0.7149333333 0.3076533101 2 0.6983568627 0.3082665505 2 0.6977147059 0.232456446 2 0.716 0.2332421603 2 0 0 0 0 0 0
0 0.7098284314 0.2041724739 0.0216568627 0.0839198606 0.7012637255 0.2398885017 2 0.7178401961 0.2405034843 2 0.7184823529 0.1646916376 2 0.7001970588 0.1654773519 2 0 0 0 0 0 0
0 0.709495098 0.2833797909 0.0216568627 0.0818815331 0.7009352941 0.3180662021 2 0.7175117647 0.3186794425 2 0.7185058824 0.24678223 2 0.7006127451 0.246489547 2 0 0 0 0 0 0
0 0.7291911765 0.1923083624 0.0216568627 0.0839198606 0.7377509804 0.2280174216 2 0.7211745098 0.2286324042 2 0.7205323529 0.1528205575 2 0.7388176471 0.1536062718 2 0 0 0 0 0 0
0 0.7290245098 0.2716463415 0.0216568627 0.0839198606 0.7375872549 0.3073606272 2 0.7210098039 0.3079756098 2 0.7203676471 0.2321637631 2 0.7386539216 0.2329494774 2 0 0 0 0 0 0
0 0.731495098 0.2022909408 0.0216568627 0.083641115 0.7232666667 0.2389059233 2 0.7400098039 0.239489547 2 0.7405029412 0.1648118467 2 0.7234303922 0.1648135889 2 0 0 0 0 0 0
0 0.7311617647 0.2807578397 0.0216568627 0.083641115 0.7229382353 0.3173745645 2 0.7396823529 0.317956446 2 0.7401745098 0.2432804878 2 0.7231019608 0.2432804878 2 0 0 0 0 0 0
