3 0.6191328125 0.6529921875 0.329421875 0.506515625 0.4817703125 0.66015625 2 0.6549484375 0.4166671875 2 0.765625 0.8880203125 2 0 0 0 0 0 0 0 0 0
3 0.5566328125 0.6503984375 0.329421875 0.506515625 0.4192703125 0.6575515625 2 0.5703125 0.4075515625 2 0.703125 0.8854171875 2 0 0 0 0 0 0 0 0 0
3 0.4824140625 0.6113359375 0.329421875 0.506515625 0.3450515625 0.6184890625 2 0.484375 0.3684890625 2 0.62890625 0.8463546875 2 0 0 0 0 0 0 0 0 0
3 0.4081953125 0.5605546875 0.329421875 0.506515625 0.2708328125 0.5677078125 2 0.3893234375 0.3177078125 2 0.5546875 0.7955734375 2 0 0 0 0 0 0 0 0 0
3 0.4081953125 0.5605546875 0.329421875 0.506515625 0.2708328125 0.5677078125 2 0.3893234375 0.3177078125 2 0.5546875 0.7955734375 2 0 0 0 0 0 0 0 0 0
3 0.3287734375 0.5371171875 0.305984375 0.514328125 0.2005203125 0.5703125 2 0.2981765625 0.3059890625 2 0.4635421875 0.76953125 2 0 0 0 0 0 0 0 0 0
3 0.2532578125 0.4733046875 0.305984375 0.514328125 0.125 0.5065109375 2 0.2044265625 0.2447921875 2 0.3880203125 0.7057296875 1 0 0 0 0 0 0 0 0 0
3 0.1751328125 0.4654921875 0.305984375 0.514328125 0.046875 0.4986984375 2 0.1184890625 0.2369796875 2 0.3098953125 0.6979171875 2 0 0 0 0 0 0 0 0 0
3 0.1295546875 0.4440078125 0.259109375 0.502609375 0 0 0 0.0442703125 0.2122390625 2 0.2408859375 0.6705734375 2 0 0 0 0 0 0 0 0 0
3 0.103515625 0.4218828125 0.20703125 0.502609375 0 0 0 0 0 0 0.1888015625 0.6484375 2 0 0 0 0 0 0 0 0 0
