1 0.1763984375 0.8815625 0.227390625 0.1513125 0.17723125 0.81844375 2 0.065565625 0.8078109375 2 0.2867484375 0.8209515625 2 0.1646921875 0.949696875 2 0 0 0 0 0 0
1 0.1471328125 0.8941015625 0.224046875 0.152984375 0.1463 0.9614 2 0.0409640625 0.956384375 2 0.2566515625 0.966415625 2 0.15633125 0.8192796875 2 0 0 0 0 0 0
1 0.283828125 0.8932578125 0.219875 0.163015625 0.2792234375 0.963071875 2 0.390984375 0.972721875 2 0.1805765625 0.9572203125 2 0.2984515625 0.8142640625 2 0 0 0 0 0 0
1 0.4271953125 0.896609375 0.234078125 0.1513125 0.423015625 0.8234609375 2 0.5412859375 0.822859375 2 0.31310625 0.822859375 2 0.4029515625 0.966415625 2 0 0 0 0 0 0
1 0.419671875 0.914171875 0.23240625 0.158 0.4238515625 0.9714328125 2 0.5250078125 0.9814640625 2 0.3076484375 0.970596875 2 0.44224375 0.837671875 2 0 0 0 0 0 0
1 0.463984375 0.7281640625 0.249125 0.173890625 0.4589640625 0.8008875 2 0.5854046875 0.8129078125 2 0.3461046875 0.7933640625 2 0.4873875 0.6453921875 2 0 0 0 0 0 0
1 0.4744296875 0.71228125 0.251640625 0.168875 0.472340625 0.634525 2 0.351784375 0.6299640625 2 0.5969046875 0.6403765625 2 0.44224375 0.795871875 2 0 0 0 0 0 0
1 0.463984375 0.7281640625 0.249125 0.173890625 0.4589640625 0.8008875 2 0.5854046875 0.8129078125 2 0.3461046875 0.7933640625 2 0.4873875 0.6453921875 2 0 0 0 0 0 0
1 0.3185078125 0.70934375 0.237421875 0.171375 0.3193515625 0.7816609375 2 0.433884375 0.7875125 2 0.2064921875 0.7758078125 2 0.3352359375 0.6261640625 2 0 0 0 0 0 0
1 0.1763984375 0.7110234375 0.240765625 0.166359375 0.1789046875 0.785840625 2 0.061028125 0.7816609375 2 0.2817328125 0.7916921875 2 0.186428125 0.6295078125 2 0 0 0 0 0 0
1 0.2081640625 0.70140625 0.240765625 0.168875 0.206384375 0.619096875 2 0.090815625 0.619096875 2 0.3201875 0.625328125 2 0.1939515625 0.7741359375 2 0 0 0 0 0 0
1 0.534203125 0.52040625 0.25915625 0.18809375 0.530025 0.604428125 2 0.6596046875 0.607771875 2 0.4113125 0.601084375 2 0.5634640625 0.4280328125 2 0 0 0 0 0 0
1 0.3891640625 0.5061953125 0.244953125 0.186421875 0.3828875 0.590215625 2 0.270028125 0.5893796875 2 0.503271875 0.594396875 2 0.4029515625 0.418 2 0 0 0 0 0 0
1 0.23575 0.50996875 0.249125 0.17890625 0.234915625 0.592725 2 0.1153671875 0.5893796875 2 0.3571765625 0.5971578125 2 0.249128125 0.423015625 2 0 0 0 0 0 0
1 0.2716953125 0.4982578125 0.250796875 0.180578125 0.270028125 0.4154921875 2 0.1529875 0.4138203125 2 0.392084375 0.4188359375 2 0.2533078125 0.5852 2 0 0 0 0 0 0
1 0.5450703125 0.505359375 0.257484375 0.18809375 0.5434 0.4188359375 2 0.419671875 0.4171640625 2 0.6679640625 0.418 2 0.5149765625 0.594396875 2 0 0 0 0 0 0
1 0.4681640625 0.254984375 0.270859375 0.222375 0.4715046875 0.1713796875 2 0.3369078125 0.151315625 2 0.5985765625 0.189771875 2 0.364496875 0.3619875 2 0 0 0 0 0 0
1 0.478609375 0.28925 0.2666875 0.20565625 0.4731765625 0.385396875 2 0.34526875 0.381215625 2 0.608590625 0.3894921875 2 0.5116328125 0.1889359375 2 0 0 0 0 0 0
1 0.338171875 0.274625 0.26 0.2131875 0.3335640625 0.3670046875 2 0.2181953125 0.3594796875 2 0.4623078125 0.3762 2 0.3979359375 0.175559375 2 0 0 0 0 0 0
1 0.1830859375 0.2763046875 0.250796875 0.224890625 0.1839203125 0.3594796875 2 0.0618640625 0.339415625 2 0.3043046875 0.381215625 2 0.2884203125 0.1697078125 2 0 0 0 0 0 0
