0 0.4553703704 0.40109375 0.0359259259 0.0519791667 0.4618518519 0.3763541667 2 0.4398148148 0.376875 2 0.4461111111 0.4228125 2 0.4690740741 0.4230208333 2 0 0 0 0 0 0
0 0.4264444444 0.4015833333 0.0359259259 0.0519791667 0.4329351852 0.3768427083 2 0.4108981481 0.3773635417 2 0.4171944444 0.4233010417 2 0.4401574074 0.423509375 2 0 0 0 0 0 0
0 0.4000185185 0.402125 0.0359259259 0.0519791667 0.4064925926 0.3773822917 2 0.3844555556 0.377903125 2 0.3888518519 0.4240239583 2 0.413712963 0.4240489583 2 0 0 0 0 0 0
0 0.4568981481 0.4032291667 0.0367592593 0.0497916667 0.4414814815 0.38 2 0.4688888889 0.3807291667 2 0.4724074074 0.4260416667 2 0.4494444444 0.42625 2 0 0 0 0 0 0
0 0.4263425926 0.4050416667 0.0409444444 0.0519791667 0.4142240741 0.3807229167 2 0.4376685185 0.3805375 2 0.44515 0.4267645833 2 0.4186037037 0.4273239583 2 0 0 0 0 0 0
0 0.4023148148 0.4042291667 0.0334074074 0.049625 0.3873851852 0.3811270833 2 0.4094962963 0.3811927083 2 0.4165074074 0.4270885417 2 0.3911574074 0.426853125 2 0 0 0 0 0 0
0 0.2218333333 0.4064270833 0.0359259259 0.0467916667 0.2283148148 0.3842833333 2 0.2062777778 0.3848041667 2 0.2099296296 0.4282666667 2 0.2354907407 0.42803125 2 0 0 0 0 0 0
0 0.1940277778 0.4066354167 0.034462963 0.0475 0.2012407407 0.3841395833 2 0.1792037037 0.3846604167 2 0.1843703704 0.4282666667 2 0.2057407407 0.4281489583 2 0 0 0 0 0 0
0 0.5159444444 0.2726041667 0.0331481481 0.0519791667 0.5238092593 0.2478666667 2 0.5017722222 0.2483875 2 0.5050037037 0.2953729167 2 0.527962963 0.2953125 2 0 0 0 0 0 0
0 0.7265 0.2676041667 0.0318518519 0.0528125 0.7370537037 0.24245 2 0.7150166667 0.2429708333 2 0.7135185185 0.2916666667 2 0.7387037037 0.291875 2 0 0 0 0 0 0
0 0.6348518519 0.2693125 0.0359259259 0.0533333333 0.6451851852 0.2447916667 2 0.6212962963 0.245 2 0.6220833333 0.29326875 2 0.6485648148 0.2934770833 2 0 0 0 0 0 0
0 0.7551851852 0.26625 0.0335185185 0.054375 0.7673074074 0.2403177083 2 0.7452703704 0.2408385417 2 0.7422222222 0.2908333333 2 0.7637037037 0.2904166667 2 0 0 0 0 0 0
0 0.3748703704 0.40553125 0.0334074074 0.049625 0.3599407407 0.3824229167 2 0.38205 0.3824885417 2 0.389062963 0.428384375 2 0.3637111111 0.4281489583 2 0 0 0 0 0 0
0 0.3725555556 0.4027083333 0.0359259259 0.0519791667 0.3790462963 0.377971875 2 0.3570092593 0.3784927083 2 0.3614074074 0.4246135417 2 0.3862685185 0.4246385417 2 0 0 0 0 0 0
0 0.3453333333 0.4048229167 0.0334074074 0.049625 0.3303981481 0.381715625 2 0.3525092593 0.3817822917 2 0.3595203704 0.4276770833 2 0.3341703704 0.4274416667 2 0 0 0 0 0 0
0 0.3432407407 0.4033020833 0.0359259259 0.0519791667 0.3497148148 0.3785614583 2 0.3276777778 0.3790822917 2 0.3320759259 0.425203125 2 0.356937037 0.425228125 2 0 0 0 0 0 0
0 0.1951111111 0.4101822917 0.0334074074 0.0466770833 0.1801796296 0.3885510417 2 0.2022888889 0.3886166667 2 0.2076259259 0.43133125 2 0.185837037 0.431684375 2 0 0 0 0 0 0
0 0.2244444444 0.408890625 0.0334074074 0.0466770833 0.2095111111 0.3872552083 2 0.2316203704 0.3873208333 2 0.2369574074 0.430034375 2 0.2151685185 0.4303885417 2 0 0 0 0 0 0
0 0.2486481481 0.4060729167 0.0317407407 0.0467916667 0.2572277778 0.3839302083 2 0.2351907407 0.3844510417 2 0.2388425926 0.4279135417 2 0.2600037037 0.427559375 2 0 0 0 0 0 0
0 0.2535740741 0.408765625 0.0334074074 0.0466770833 0.2386333333 0.3871375 2 0.2607425926 0.387203125 2 0.2660796296 0.4299166667 2 0.2442907407 0.4302708333 2 0 0 0 0 0 0
0 0.2752592593 0.40478125 0.0359259259 0.0498541667 0.2817388889 0.3811020833 2 0.2597018519 0.3816229167 2 0.2633555556 0.4266166667 2 0.2905925926 0.4261458333 2 0 0 0 0 0 0
0 0.2789259259 0.4065364583 0.0334074074 0.0466770833 0.2639833333 0.3848979167 2 0.2860944444 0.3849635417 2 0.2914296296 0.4276770833 2 0.2696407407 0.42803125 2 0 0 0 0 0 0
0 0.3025 0.4040729167 0.0359259259 0.0498541667 0.3089759259 0.3803947917 2 0.2869388889 0.380915625 2 0.2922685185 0.42638125 2 0.3142666667 0.425909375 2 0 0 0 0 0 0
0 0.3053148148 0.4054739583 0.0334074074 0.0466770833 0.2903814815 0.3838375 2 0.3124925926 0.383903125 2 0.3161518519 0.426853125 2 0.2960388889 0.4269708333 2 0 0 0 0 0 0
0 0.5725925926 0.3981770833 0.0359259259 0.0519791667 0.5824074074 0.3735416667 2 0.56 0.3739583333 2 0.5633333333 0.4198958333 2 0.5862962963 0.4201041667 2 0 0 0 0 0 0
0 0.5760648148 0.3995833333 0.0343518519 0.0497916667 0.5618518519 0.3763541667 2 0.5861111111 0.3767708333 2 0.5898148148 0.4230208333 2 0.5655555556 0.4230208333 2 0 0 0 0 0 0
0 0.6046296296 0.3953125 0.0322222222 0.0491666667 0.6125925926 0.3720833333 2 0.5901851852 0.3725 2 0.5935185185 0.4184375 2 0.6164814815 0.4186458333 2 0 0 0 0 0 0
0 0.6063425926 0.3986458333 0.0323148148 0.0497916667 0.5933333333 0.3754166667 2 0.6153703704 0.3758333333 2 0.6190740741 0.4220833333 2 0.5948148148 0.4220833333 2 0 0 0 0 0 0
0 0.204712963 0.3435 0.034462963 0.0475 0.2119314815 0.321003125 2 0.1898944444 0.3215239583 2 0.1950592593 0.36513125 2 0.2164296296 0.3650125 2 0 0 0 0 0 0
0 0.2071296296 0.345734375 0.0334074074 0.0483020833 0.1922055556 0.3232854167 2 0.2143148148 0.3233520833 2 0.2198074074 0.3672916667 2 0.1977592593 0.3677927083 2 0 0 0 0 0 0
0 0.2305462963 0.342625 0.034462963 0.0475 0.2377648148 0.3201270833 2 0.2157277778 0.3206479167 2 0.2208925926 0.3642541667 2 0.242262963 0.3641364583 2 0 0 0 0 0 0
0 0.2336111111 0.3450052083 0.0334074074 0.0483020833 0.218687037 0.32255625 2 0.2407962963 0.322621875 2 0.2462888889 0.3665625 2 0.2242407407 0.3670635417 2 0 0 0 0 0 0
0 0.2618425926 0.3408541667 0.034462963 0.0475 0.2690611111 0.31835625 2 0.2470240741 0.3188770833 2 0.2496296296 0.3628125 2 0.2735592593 0.362365625 2 0 0 0 0 0 0
0 0.265462963 0.344328125 0.0334074074 0.05028125 0.2505388889 0.3208895833 2 0.2726481481 0.32095625 2 0.277037037 0.3667708333 2 0.2540740741 0.3676041667 2 0 0 0 0 0 0
0 0.291287037 0.3397083333 0.034462963 0.0475 0.2985055556 0.3172104167 2 0.2764685185 0.31773125 2 0.2790740741 0.3616666667 2 0.3030037037 0.3612197917 2 0 0 0 0 0 0
0 0.2936111111 0.3432864583 0.0334074074 0.05028125 0.278687037 0.3198479167 2 0.3007962963 0.3199145833 2 0.3051851852 0.3657291667 2 0.2822222222 0.3665625 2 0 0 0 0 0 0
0 0.3188796296 0.3380416667 0.034462963 0.0475 0.3260981481 0.31554375 2 0.3040611111 0.3160645833 2 0.3066666667 0.36 2 0.3305962963 0.359553125 2 0 0 0 0 0 0
0 0.3208333333 0.3405260417 0.0334074074 0.0489270833 0.3059092593 0.3177645833 2 0.3280185185 0.31783125 2 0.3324074074 0.3636458333 2 0.3094444444 0.3636458333 2 0 0 0 0 0 0
0 0.3861018519 0.33871875 0.034462963 0.0490625 0.3933203704 0.3154395833 2 0.3712833333 0.3159604167 2 0.3740740741 0.36125 2 0.3977777778 0.3611458333 2 0 0 0 0 0 0
0 0.3887962963 0.3421927083 0.0334074074 0.0489270833 0.3738722222 0.31943125 2 0.3959814815 0.319496875 2 0.4003703704 0.3653125 2 0.3774074074 0.3653125 2 0 0 0 0 0 0
0 0.41425 0.3375729167 0.034462963 0.0490625 0.4214685185 0.31429375 2 0.3994314815 0.3148145833 2 0.4022222222 0.3601041667 2 0.4259259259 0.36 2 0 0 0 0 0 0
0 0.4165740741 0.3412552083 0.0334074074 0.0489270833 0.40165 0.31849375 2 0.4237592593 0.318559375 2 0.4281481481 0.364375 2 0.4051851852 0.364375 2 0 0 0 0 0 0
0 0.4433240741 0.3379895833 0.034462963 0.0490625 0.4505425926 0.3147104167 2 0.4285055556 0.31523125 2 0.4312962963 0.3605208333 2 0.455 0.3604166667 2 0 0 0 0 0 0
0 0.4437037037 0.3412552083 0.0295185185 0.0489270833 0.4307240741 0.31849375 2 0.4528333333 0.318559375 2 0.4572222222 0.364375 2 0.4342592593 0.364375 2 0 0 0 0 0 0
0 0.4731388889 0.3391354167 0.034462963 0.0490625 0.4803574074 0.31585625 2 0.4583203704 0.3163770833 2 0.4611111111 0.3616666667 2 0.4848148148 0.3615625 2 0 0 0 0 0 0
0 0.4742592593 0.340109375 0.0295185185 0.0489270833 0.4612796296 0.3173479167 2 0.4833888889 0.3174135417 2 0.4877777778 0.3632291667 2 0.4648148148 0.3632291667 2 0 0 0 0 0 0
0 0.5010092593 0.3383020833 0.0313148148 0.0490625 0.5098018519 0.3150229167 2 0.4877648148 0.31554375 2 0.4905555556 0.3608333333 2 0.5142592593 0.3607291667 2 0 0 0 0 0 0
0 0.5037037037 0.341671875 0.0354444444 0.0489270833 0.4894444444 0.3191666667 2 0.5140740741 0.3188541667 2 0.5188888889 0.3646875 2 0.4940740741 0.3648958333 2 0 0 0 0 0 0
0 0.5473055556 0.33496875 0.0313148148 0.0490625 0.5560981481 0.3116895833 2 0.5340611111 0.3122104167 2 0.5368518519 0.3575 2 0.5605555556 0.3573958333 2 0 0 0 0 0 0
0 0.5498148148 0.3381302083 0.0354444444 0.0489270833 0.5355555556 0.315625 2 0.5601851852 0.3153125 2 0.565 0.3611458333 2 0.5401851852 0.3613541667 2 0 0 0 0 0 0
0 0.5756388889 0.33371875 0.0313148148 0.0490625 0.5844314815 0.3104395833 2 0.5623944444 0.3109604167 2 0.5651851852 0.35625 2 0.5888888889 0.3561458333 2 0 0 0 0 0 0
0 0.5775925926 0.336984375 0.0324814815 0.0489270833 0.5640740741 0.3144791667 2 0.5887037037 0.3141666667 2 0.592037037 0.3602083333 2 0.5687037037 0.3602083333 2 0 0 0 0 0 0
0 0.6048981481 0.3333020833 0.0313148148 0.0490625 0.6136907407 0.3100229167 2 0.5916537037 0.31054375 2 0.5944444444 0.3558333333 2 0.6168518519 0.3555208333 2 0 0 0 0 0 0
0 0.6038888889 0.3356302083 0.0324814815 0.0489270833 0.5937037037 0.3133333333 2 0.615 0.3128125 2 0.6183333333 0.3588541667 2 0.595 0.3588541667 2 0 0 0 0 0 0
0 0.6332314815 0.33184375 0.0313148148 0.0490625 0.6420240741 0.3085645833 2 0.619987037 0.3090854167 2 0.6227777778 0.354375 2 0.6451851852 0.3540625 2 0 0 0 0 0 0
0 0.6357407407 0.334484375 0.0324814815 0.0489270833 0.6255555556 0.3121875 2 0.6468518519 0.3116666667 2 0.6501851852 0.3577083333 2 0.6268518519 0.3577083333 2 0 0 0 0 0 0
0 0.6630462963 0.3295520833 0.0313148148 0.0490625 0.6718388889 0.3062729167 2 0.6498018519 0.30679375 2 0.6525925926 0.3520833333 2 0.675 0.3517708333 2 0 0 0 0 0 0
0 0.6642592593 0.3321927083 0.0324814815 0.0489270833 0.6540740741 0.3098958333 2 0.6753703704 0.309375 2 0.6787037037 0.3554166667 2 0.6553703704 0.3554166667 2 0 0 0 0 0 0
0 0.6335185185 0.3933333333 0.0322222222 0.0491666667 0.6414814815 0.3701041667 2 0.6190740741 0.3705208333 2 0.6224074074 0.4164583333 2 0.6453703704 0.4166666667 2 0 0 0 0 0 0
0 0.6363425926 0.3970833333 0.0323148148 0.0497916667 0.6233333333 0.3738541667 2 0.6453703704 0.3742708333 2 0.6490740741 0.4205208333 2 0.6248148148 0.4205208333 2 0 0 0 0 0 0
0 0.6635185185 0.3932291667 0.0322222222 0.0491666667 0.6714814815 0.37 2 0.6490740741 0.3704166667 2 0.6524074074 0.4163541667 2 0.6753703704 0.4165625 2 0 0 0 0 0 0
0 0.666712963 0.3970833333 0.0323148148 0.0497916667 0.6537037037 0.3738541667 2 0.6757407407 0.3742708333 2 0.6794444444 0.4205208333 2 0.6551851852 0.4205208333 2 0 0 0 0 0 0
0 0.6931481481 0.3928125 0.0322222222 0.0491666667 0.7011111111 0.3695833333 2 0.6787037037 0.37 2 0.682037037 0.4159375 2 0.705 0.4161458333 2 0 0 0 0 0 0
0 0.6959722222 0.3955208333 0.0323148148 0.0497916667 0.682962963 0.3722916667 2 0.705 0.3727083333 2 0.7087037037 0.4189583333 2 0.6844444444 0.4189583333 2 0 0 0 0 0 0
0 0.7276851852 0.3917708333 0.0283333333 0.0491666667 0.7375925926 0.3685416667 2 0.7151851852 0.3689583333 2 0.7151851852 0.4147916667 2 0.7396296296 0.4152083333 2 0 0 0 0 0 0
0 0.7295833333 0.395 0.029537037 0.0497916667 0.7183333333 0.3720833333 2 0.7412962963 0.3723958333 2 0.7409259259 0.4184375 2 0.7177777778 0.4182291667 2 0 0 0 0 0 0
0 0.7576851852 0.3910416667 0.0283333333 0.0491666667 0.7675925926 0.3678125 2 0.7451851852 0.3682291667 2 0.7451851852 0.4140625 2 0.7696296296 0.4144791667 2 0 0 0 0 0 0
0 0.7593981481 0.3944791667 0.029537037 0.0497916667 0.7481481481 0.3715625 2 0.7711111111 0.371875 2 0.7707407407 0.4179166667 2 0.7475925926 0.4177083333 2 0 0 0 0 0 0
0 0.7891666667 0.3908333333 0.0283333333 0.0491666667 0.7990740741 0.3676041667 2 0.7766666667 0.3680208333 2 0.7766666667 0.4138541667 2 0.8011111111 0.4142708333 2 0 0 0 0 0 0
0 0.7916203704 0.3941666667 0.029537037 0.0497916667 0.7803703704 0.37125 2 0.8033333333 0.3715625 2 0.802962963 0.4176041667 2 0.7798148148 0.4173958333 2 0 0 0 0 0 0
0 0.8193518519 0.3903125 0.0283333333 0.0491666667 0.8292592593 0.3670833333 2 0.8068518519 0.3675 2 0.8068518519 0.4133333333 2 0.8312962963 0.41375 2 0 0 0 0 0 0
0 0.8227314815 0.3923958333 0.029537037 0.0497916667 0.8114814815 0.3694791667 2 0.8344444444 0.3697916667 2 0.8340740741 0.4158333333 2 0.8109259259 0.415625 2 0 0 0 0 0 0
0 0.850462963 0.388125 0.0283333333 0.0491666667 0.8603703704 0.3648958333 2 0.837962963 0.3653125 2 0.837962963 0.4111458333 2 0.8624074074 0.4115625 2 0 0 0 0 0 0
0 0.8525462963 0.3908333333 0.029537037 0.0497916667 0.8412962963 0.3679166667 2 0.8642592593 0.3682291667 1 0.8638888889 0.4142708333 1 0.8407407407 0.4140625 2 0 0 0 0 0 0
0 0.7052685185 0.32575 0.0387222222 0.051875 0.7177648148 0.3010645833 2 0.6957277778 0.3015854167 2 0.6890740741 0.3498958333 2 0.7142592593 0.3497916667 2 0 0 0 0 0 0
0 0.7058333333 0.3289114583 0.0363703704 0.0542395833 0.6998148148 0.3039583333 2 0.7201851852 0.3042708333 2 0.7157407407 0.3530208333 2 0.6935185185 0.3532291667 2 0 0 0 0 0 0
0 0.73425 0.3243958333 0.0333518519 0.051875 0.7494314815 0.2997104167 2 0.7273944444 0.30023125 2 0.7207407407 0.3485416667 2 0.7442592593 0.34875 2 0 0 0 0 0 0
0 0.7380555556 0.328703125 0.0363703704 0.0542395833 0.732037037 0.30375 2 0.7524074074 0.3040625 2 0.747962963 0.3528125 2 0.7257407407 0.3530208333 2 0 0 0 0 0 0
0 0.7653611111 0.323875 0.0333518519 0.051875 0.7805425926 0.2991895833 2 0.7585055556 0.2997104167 2 0.7518518519 0.3480208333 2 0.7753703704 0.3482291667 2 0 0 0 0 0 0
0 0.7702777778 0.3281822917 0.0363703704 0.0542395833 0.7642592593 0.3032291667 2 0.7846296296 0.3035416667 2 0.7801851852 0.3522916667 2 0.757962963 0.3525 2 0 0 0 0 0 0
0 0.7968425926 0.3221041667 0.0333518519 0.051875 0.8120240741 0.29741875 2 0.789987037 0.2979395833 2 0.7833333333 0.34625 2 0.8068518519 0.3464583333 2 0 0 0 0 0 0
0 0.8015740741 0.3263072917 0.0363703704 0.0542395833 0.7955555556 0.3013541667 2 0.8159259259 0.3016666667 2 0.8114814815 0.3504166667 2 0.7892592593 0.350625 2 0 0 0 0 0 0
0 0.8285092593 0.3221041667 0.0333518519 0.051875 0.8436907407 0.29741875 2 0.8216537037 0.2979395833 2 0.815 0.34625 2 0.8385185185 0.3464583333 2 0 0 0 0 0 0
0 0.8341666667 0.3257864583 0.0363703704 0.0542395833 0.8281481481 0.3008333333 2 0.8485185185 0.3011458333 2 0.8440740741 0.3498958333 2 0.8218518519 0.3501041667 2 0 0 0 0 0 0
0 0.1985185185 0.2789635417 0.0276666667 0.0489270833 0.1864648148 0.2562020833 2 0.2085740741 0.25626875 2 0.2092592593 0.3020833333 2 0.19 0.3020833333 2 0 0 0 0 0 0
0 0.1936018519 0.2827291667 0.0313148148 0.0475 0.2023944444 0.26023125 2 0.1803574074 0.2607520833 2 0.182962963 0.3046875 2 0.2068925926 0.304240625 2 0 0 0 0 0 0
0 0.2239722222 0.2808541667 0.0313148148 0.0475 0.2327648148 0.25835625 2 0.2107277778 0.2588770833 2 0.2133333333 0.3028125 2 0.237262963 0.302365625 2 0 0 0 0 0 0
0 0.2257407407 0.2768802083 0.0276666667 0.0489270833 0.213687037 0.25411875 2 0.2357962963 0.2541854167 2 0.2364814815 0.3 2 0.2172222222 0.3 2 0 0 0 0 0 0
0 0.2531481481 0.275109375 0.0276666667 0.0489270833 0.2410944444 0.2523479167 2 0.2632037037 0.2524135417 2 0.2638888889 0.2982291667 2 0.2446296296 0.2982291667 2 0 0 0 0 0 0
0 0.2519351852 0.2793958333 0.0313148148 0.0508333333 0.2605555556 0.2563541667 2 0.2390740741 0.2563541667 2 0.2412962963 0.3030208333 2 0.2652259259 0.3025739583 2 0 0 0 0 0 0
0 0.2798148148 0.273859375 0.0276666667 0.0489270833 0.2677611111 0.2510979167 2 0.2898703704 0.2511645833 2 0.2905555556 0.2969791667 2 0.2712962963 0.2969791667 2 0 0 0 0 0 0
0 0.2776759259 0.2781458333 0.0313148148 0.0508333333 0.2862962963 0.2551041667 2 0.2648148148 0.2551041667 2 0.267037037 0.3017708333 2 0.2909666667 0.3013239583 2 0 0 0 0 0 0
0 0.3063796296 0.2774166667 0.0313148148 0.0508333333 0.315 0.254375 2 0.2935185185 0.254375 2 0.2957407407 0.3010416667 2 0.3196703704 0.3005947917 2 0 0 0 0 0 0
0 0.307962963 0.2738072917 0.0276666667 0.0523645833 0.2959092593 0.2493270833 2 0.3180185185 0.2493927083 2 0.3194444444 0.2975 2 0.2990740741 0.2973958333 2 0 0 0 0 0 0
0 0.3411944444 0.2785625 0.0313148148 0.0508333333 0.3498148148 0.2555208333 2 0.3283333333 0.2555208333 2 0.3305555556 0.3021875 2 0.3544851852 0.301740625 2 0 0 0 0 0 0
0 0.3431481481 0.2753697917 0.0276666667 0.0523645833 0.3310944444 0.2508895833 2 0.3532037037 0.2509552083 2 0.3546296296 0.2990625 2 0.3342592593 0.2989583333 2 0 0 0 0 0 0
0 0.369712963 0.2783541667 0.0313148148 0.0508333333 0.3783333333 0.2553125 2 0.3568518519 0.2553125 2 0.3590740741 0.3019791667 2 0.3830037037 0.3015322917 2 0 0 0 0 0 0
0 0.3724074074 0.2753697917 0.0276666667 0.0523645833 0.3603537037 0.2508895833 2 0.382462963 0.2509552083 2 0.3838888889 0.2990625 2 0.3635185185 0.2989583333 2 0 0 0 0 0 0
0 0.3969351852 0.2771041667 0.0313148148 0.0508333333 0.4055555556 0.2540625 2 0.3840740741 0.2540625 2 0.3862962963 0.3007291667 2 0.4102259259 0.3002822917 2 0 0 0 0 0 0
0 0.4009259259 0.2751614583 0.0276666667 0.0523645833 0.3888722222 0.25068125 2 0.4109814815 0.2507479167 2 0.4124074074 0.2988541667 2 0.392037037 0.29875 2 0 0 0 0 0 0
0 0.4294444444 0.2723489583 0.0276666667 0.0523645833 0.4173907407 0.24786875 2 0.4395 0.2479354167 2 0.4409259259 0.2960416667 2 0.4205555556 0.2959375 2 0 0 0 0 0 0
0 0.4258240741 0.2754375 0.0313148148 0.0508333333 0.4344444444 0.2523958333 2 0.412962963 0.2523958333 2 0.4151851852 0.2990625 2 0.4391148148 0.298615625 2 0 0 0 0 0 0
0 0.4556388889 0.2714791667 0.0313148148 0.0508333333 0.4642592593 0.2484375 2 0.4427777778 0.2484375 2 0.445 0.2951041667 2 0.4689296296 0.2946572917 2 0 0 0 0 0 0
0 0.4592592593 0.274640625 0.0276666667 0.0523645833 0.4472055556 0.2501604167 2 0.4693148148 0.2502270833 2 0.4707407407 0.2983333333 2 0.4503703704 0.2982291667 2 0 0 0 0 0 0
0 0.4869351852 0.2714791667 0.0313148148 0.0508333333 0.4955555556 0.2484375 2 0.4740740741 0.2484375 2 0.4762962963 0.2951041667 2 0.4975925926 0.2948958333 2 0 0 0 0 0 0
0 0.4903703704 0.277140625 0.0276666667 0.0523645833 0.4783166667 0.2526604167 2 0.5004259259 0.2527270833 2 0.5018518519 0.3008333333 2 0.4814814815 0.3007291667 2 0 0 0 0 0 0
0 0.5186111111 0.2755364583 0.0276666667 0.0523645833 0.5065407407 0.2510614583 2 0.5286518519 0.2511270833 2 0.5300759259 0.299234375 2 0.5097055556 0.2991302083 2 0 0 0 0 0 0
0 0.5453888889 0.2710416667 0.0331481481 0.0519791667 0.5532537037 0.2463041667 2 0.5312166667 0.246825 2 0.5344481481 0.2938104167 2 0.5574074074 0.29375 2 0 0 0 0 0 0
0 0.5480555556 0.273765625 0.0276666667 0.0523645833 0.5359851852 0.249290625 2 0.5580962963 0.24935625 2 0.5595222222 0.2974635417 2 0.5391518519 0.297359375 2 0 0 0 0 0 0
0 0.5750185185 0.2701041667 0.0331481481 0.0519791667 0.5828833333 0.2453666667 2 0.5608462963 0.2458875 2 0.5624074074 0.2930208333 2 0.587037037 0.2928125 2 0 0 0 0 0 0
0 0.5773148148 0.2733489583 0.0276666667 0.0523645833 0.5652444444 0.2488739583 2 0.5873555556 0.2489395833 2 0.5887814815 0.297046875 2 0.5684111111 0.2969427083 2 0 0 0 0 0 0
0 0.6037222222 0.2709375 0.0331481481 0.0519791667 0.611587037 0.2462 2 0.58955 0.2467208333 2 0.5911111111 0.2938541667 2 0.6157407407 0.2936458333 2 0 0 0 0 0 0
0 0.6065740741 0.2741822917 0.0276666667 0.0523645833 0.5945037037 0.2497072917 2 0.6166148148 0.2497729167 2 0.6180388889 0.2978802083 2 0.5976685185 0.2977760417 2 0 0 0 0 0 0
0 0.6375 0.2664739583 0.0276666667 0.0523645833 0.6254296296 0.2419989583 2 0.6475407407 0.2420645833 2 0.6489666667 0.290171875 2 0.6285962963 0.2900677083 2 0 0 0 0 0 0
0 0.663462963 0.2630625 0.0316666667 0.0533333333 0.6753703704 0.2385416667 2 0.652037037 0.23875 2 0.6528240741 0.28701875 2 0.6755555556 0.2870833333 2 0 0 0 0 0 0
0 0.6658333333 0.2673072917 0.0291481481 0.0531979167 0.655 0.2427083333 2 0.6775925926 0.2428125 2 0.6780407407 0.291421875 2 0.6525925926 0.2913541667 2 0 0 0 0 0 0
0 0.6945740741 0.2676458333 0.0316666667 0.0533333333 0.707037037 0.2434375 2 0.6848148148 0.2435416667 2 0.6839351852 0.2916020833 2 0.7066666667 0.2916666667 2 0 0 0 0 0 0
0 0.6982407407 0.2644947917 0.0291481481 0.0531979167 0.6874074074 0.2398958333 2 0.71 0.24 2 0.7104481481 0.288609375 2 0.685 0.2885416667 2 0 0 0 0 0 0
0 0.7300925926 0.264078125 0.0291481481 0.0531979167 0.7192592593 0.2394791667 2 0.7418518519 0.2395833333 2 0.7422981481 0.2881927083 2 0.7168518519 0.288125 2 0 0 0 0 0 0
0 0.7592592593 0.262671875 0.0322962963 0.0541354167 0.75 0.2376041667 2 0.7725925926 0.2377083333 2 0.7707407407 0.2865625 2 0.7448148148 0.2870833333 2 0 0 0 0 0 0
0 0.7853703704 0.2651041667 0.0335185185 0.0529166667 0.7975925926 0.2403125 2 0.7754555556 0.240421875 2 0.7722222222 0.2891666667 2 0.7935185185 0.2890625 2 0 0 0 0 0 0
0 0.79 0.261421875 0.0322962963 0.0541354167 0.7807407407 0.2363541667 2 0.8033333333 0.2364583333 2 0.8014814815 0.2853125 2 0.7755555556 0.2858333333 2 0 0 0 0 0 0
0 0.817037037 0.26375 0.0335185185 0.0529166667 0.8292592593 0.2389583333 2 0.8071222222 0.2390677083 2 0.8038888889 0.2878125 2 0.8251851852 0.2877083333 2 0 0 0 0 0 0
0 0.8192592593 0.2612135417 0.0322962963 0.0541354167 0.81 0.2361458333 2 0.8325925926 0.23625 2 0.8307407407 0.2851041667 2 0.8048148148 0.285625 2 0 0 0 0 0 0
0 0.272212963 0.2104375 0.0326111111 0.0520833333 0.2803574074 0.1856479167 2 0.2583203704 0.18616875 2 0.2627777778 0.2334375 2 0.2862962963 0.2334375 2 0 0 0 0 0 0
0 0.2777777778 0.2089114583 0.0276666667 0.0536145833 0.2657240741 0.18380625 2 0.2878333333 0.1838729167 2 0.2892592593 0.2319791667 2 0.2688888889 0.231875 2 0 0 0 0 0 0
0 0.3085185185 0.2073489583 0.0276666667 0.0536145833 0.2964648148 0.18224375 2 0.3185740741 0.1823104167 2 0.32 0.2304166667 2 0.2996296296 0.2303125 2 0 0 0 0 0 0
0 0.3061018519 0.2096041667 0.0326111111 0.0520833333 0.3142462963 0.1848145833 2 0.2922092593 0.1853354167 2 0.292962963 0.2327083333 2 0.3185185185 0.2322916667 2 0 0 0 0 0 0
0 0.3374074074 0.2045364583 0.0276666667 0.0536145833 0.3253537037 0.17943125 2 0.347462963 0.179496875 2 0.3488888889 0.2276041667 2 0.3285185185 0.2275 2 0 0 0 0 0 0
0 0.336287037 0.207 0.0326111111 0.0520833333 0.3444314815 0.1822104167 2 0.3223944444 0.18273125 2 0.3231481481 0.2301041667 2 0.3487037037 0.2296875 2 0 0 0 0 0 0
0 0.3675925926 0.2057864583 0.0276666667 0.0536145833 0.3555388889 0.18068125 2 0.3776481481 0.1807479167 2 0.3790740741 0.2288541667 2 0.3587037037 0.22875 2 0 0 0 0 0 0
0 0.3659166667 0.20825 0.0326111111 0.0520833333 0.3740611111 0.1834604167 2 0.3520240741 0.18398125 2 0.3527777778 0.2313541667 2 0.3783333333 0.2309375 2 0 0 0 0 0 0
0 0.4007407407 0.205890625 0.0276666667 0.0536145833 0.388687037 0.1807854167 2 0.4107962963 0.1808520833 2 0.4127777778 0.2307291667 2 0.3898148148 0.2309375 2 0 0 0 0 0 0
0 0.397212963 0.20825 0.0326111111 0.0520833333 0.4053574074 0.1834604167 2 0.3833203704 0.18398125 2 0.3842592593 0.2326041667 2 0.4096296296 0.2325 2 0 0 0 0 0 0
0 0.4387037037 0.2142239583 0.0276666667 0.0517395833 0.42665 0.19005625 2 0.4487592593 0.1901229167 2 0.4505555556 0.2384375 2 0.4275925926 0.2384375 2 0 0 0 0 0 0
0 0.4388796296 0.2116875 0.0326111111 0.0520833333 0.4470240741 0.1868979167 2 0.424987037 0.18741875 2 0.4259259259 0.2360416667 2 0.447962963 0.2359375 2 0 0 0 0 0 0
0 0.4648055556 0.2111666667 0.0326111111 0.0520833333 0.47295 0.1863770833 2 0.450912963 0.1868979167 2 0.4518518519 0.2355208333 2 0.4738888889 0.2354166667 2 0 0 0 0 0 0
0 0.4666666667 0.2132864583 0.0276666667 0.0517395833 0.454612963 0.18911875 2 0.4767222222 0.1891854167 2 0.4785185185 0.2375 2 0.4555555556 0.2375 2 0 0 0 0 0 0
0 0.4933240741 0.2099166667 0.0326111111 0.0520833333 0.5014685185 0.1851270833 2 0.4794314815 0.1856479167 2 0.4803703704 0.2342708333 2 0.5024074074 0.2341666667 2 0 0 0 0 0 0
0 0.4940740741 0.2125572917 0.0276666667 0.0517395833 0.4820203704 0.1883895833 2 0.5041296296 0.1884552083 2 0.5059259259 0.2367708333 2 0.482962963 0.2367708333 2 0 0 0 0 0 0
0 0.5205462963 0.2084583333 0.0296481481 0.0520833333 0.5301722222 0.18366875 2 0.5081351852 0.1841895833 2 0.5090740741 0.2328125 2 0.5311111111 0.2327083333 2 0 0 0 0 0 0
0 0.5237037037 0.2107864583 0.0276666667 0.0517395833 0.51165 0.18661875 2 0.5337592593 0.1866854167 2 0.5355555556 0.235 2 0.5125925926 0.235 2 0 0 0 0 0 0
0 0.5503611111 0.2066875 0.0296481481 0.0520833333 0.559987037 0.1818979167 2 0.53795 0.18241875 2 0.5388888889 0.2310416667 2 0.5609259259 0.2309375 2 0 0 0 0 0 0
0 0.5538888889 0.210265625 0.0276666667 0.0517395833 0.5418351852 0.1860979167 2 0.5639444444 0.1861645833 2 0.5648148148 0.2346875 2 0.5427777778 0.2344791667 2 0 0 0 0 0 0
0 0.5807314815 0.2083541667 0.0296481481 0.0520833333 0.5903574074 0.1835645833 2 0.5683203704 0.1840854167 2 0.5692592593 0.2327083333 2 0.5912962963 0.2326041667 2 0 0 0 0 0 0
0 0.5855555556 0.2048489583 0.0276666667 0.0517395833 0.5735018519 0.18068125 2 0.5956111111 0.1807479167 2 0.5964814815 0.2292708333 2 0.5744444444 0.2290625 2 0 0 0 0 0 0
0 0.6114722222 0.2062708333 0.0296481481 0.0520833333 0.6210981481 0.18148125 2 0.5990611111 0.1820020833 2 0.6 0.230625 2 0.622037037 0.2305208333 2 0 0 0 0 0 0
0 0.6138888889 0.201515625 0.0276666667 0.0517395833 0.6018351852 0.1773479167 2 0.6239444444 0.1774135417 2 0.6248148148 0.2259375 2 0.6027777778 0.2257291667 2 0 0 0 0 0 0
0 0.6414722222 0.2040833333 0.0296481481 0.0520833333 0.6510981481 0.17929375 2 0.6290611111 0.1798145833 2 0.63 0.2284375 2 0.652037037 0.2283333333 2 0 0 0 0 0 0
0 0.6446296296 0.1994322917 0.0276666667 0.0517395833 0.6325759259 0.1752645833 2 0.6546851852 0.1753302083 2 0.6555555556 0.2238541667 2 0.6335185185 0.2236458333 2 0 0 0 0 0 0
0 0.6696203704 0.202 0.0296481481 0.0520833333 0.6792462963 0.1772104167 2 0.6572092593 0.17773125 2 0.6581481481 0.2263541667 2 0.6801851852 0.22625 2 0 0 0 0 0 0
0 0.6742592593 0.1976614583 0.0276666667 0.0517395833 0.6622055556 0.17349375 2 0.6843148148 0.1735604167 2 0.6851851852 0.2220833333 2 0.6631481481 0.221875 2 0 0 0 0 0 0
0 0.69925 0.2000208333 0.0296481481 0.0520833333 0.7088759259 0.17523125 2 0.6868388889 0.1757520833 2 0.6877777778 0.224375 2 0.7098148148 0.2242708333 2 0 0 0 0 0 0
0 0.7051851852 0.1960989583 0.0276666667 0.0517395833 0.6931314815 0.17193125 2 0.7152407407 0.1719979167 2 0.7161111111 0.2205208333 2 0.6940740741 0.2203125 2 0 0 0 0 0 0
