3 0.0846754808 0.8413701923 0.1693509615 0.3172596154 0 0 0 0.1564903846 0.6977403846 2 0 0 0 0 0 0 0 0 0 0 0 0
3 0.1629326923 0.8381490385 0.2358173077 0.3237019231 0.0546634615 0.8520841346 2 0.2604591346 0.68809375 2 0 0 0 0 0 0 0 0 0 0 0 0
3 0.236875 0.8049278846 0.2358173077 0.3237019231 0.1286225962 0.8188581731 2 0.322625 0.6581129808 2 0.3204831731 0.9625168269 2 0 0 0 0 0 0 0 0 0
3 0.2856370192 0.7867067308 0.1875721154 0.3087019231 0.2015072115 0.7931346154 2 0.3955120192 0.6323894231 1 0.3933677885 0.9367932692 1 0 0 0 0 0 0 0 0 0
3 0.2883293269 0.9174639423 0.1800721154 0.1650721154 0 0 0 0.2229447115 0.8489014423 2 0 0 0 0 0 0 0 0 0 0 0 0
3 0.2186538462 0.9217548077 0.2036538462 0.1564903846 0 0 0 0.1371971154 0.874625 2 0 0 0 0 0 0 0 0 0 0 0 0
3 0.1221875 0.9217548077 0.2036538462 0.1564903846 0 0 0 0.0407307692 0.874625 2 0 0 0 0 0 0 0 0 0 0 0 0
3 0.0744951923 0.9308653846 0.1489903846 0.1382692308 0 0 0 0 0 0 0 0 0 0 0 0 0 0 0 0 0 0
3 0.7056490385 0.3940745192 0.2316346154 0.3033413462 0.6156514423 0.4300216346 2 0.6770841346 0.2564110577 2 0.7892620192 0.5208341346 2 0 0 0 0 0 0 0 0 0
3 0.3063461538 0.3706971154 0.1488461538 0.2966826923 0.2415721154 0.3350673077 2 0.3792740385 0.2630865385 2 0.3766033654 0.4914519231 2 0 0 0 0 0 0 0 0 0
3 0.3250360577 0.3820673077 0.1087740385 0.2365865385 0.2803004808 0.3404086538 2 0.4180024038 0.2684302885 1 0.4153317308 0.4967956731 1 0 0 0 0 0 0 0 0 0
3 0.7537259615 0.3339783654 0.2316346154 0.3033413462 0.6570504808 0.3766033654 2 0.7585480769 0.1923076923 2 0.8386754808 0.4767620192 2 0 0 0 0 0 0 0 0 0
3 0.8365144231 0.3032572115 0.2316346154 0.3033413462 0.7465264423 0.3392091346 2 0.8426826923 0.1736105769 2 0.9147980769 0.443375 2 0 0 0 0 0 0 0 0 0
3 0.8841826923 0.2845552885 0.2316346154 0.3033413462 0.7941778846 0.3205120192 2 0.8903317308 0.1549134615 2 0.9624471154 0.4246802885 2 0 0 0 0 0 0 0 0 0
3 0.9082211538 0.2818990385 0.1835576923 0.3140384615 0.8422548077 0.3125 2 0.9384086538 0.1469014423 2 0 0 0 0 0 0 0 0 0 0 0 0
3 0.896875 0.2685336538 0.0940865385 0.3140384615 0.8756418269 0.2991442308 2 0.9717956731 0.1335480769 2 0 0 0 0 0 0 0 0 0 0 0 0
3 0.441875 0.8262860577 0.1249519231 0.2489182692 0.3725961538 0.8306634615 2 0.4847764423 0.7198173077 2 0.4727572115 0.9308221154 2 0 0 0 0 0 0 0 0 0
3 0.5019711538 0.8262860577 0.1249519231 0.2489182692 0.4326923077 0.8306634615 2 0.5448725962 0.7198173077 2 0.5288461538 0.9401706731 2 0 0 0 0 0 0 0 0 0
3 0.5406971154 0.83296875 0.1249519231 0.2489182692 0.4714206731 0.8373389423 2 0.5836009615 0.7264951923 2 0.5675745192 0.9468485577 2 0 0 0 0 0 0 0 0 0
3 0.5967788462 0.8383052885 0.1249519231 0.2489182692 0.5275096154 0.8426826923 2 0.6396899038 0.7318365385 2 0.6236634615 0.9521899038 2 0 0 0 0 0 0 0 0 0
3 0.62015625 0.8262860577 0.1423317308 0.2489182692 0.5595625 0.8306634615 2 0.6717403846 0.7198173077 2 0.6557163462 0.9401706731 2 0 0 0 0 0 0 0 0 0
3 0.6829206731 0.8383052885 0.1423317308 0.2489182692 0.6143173077 0.8506947115 2 0.7077980769 0.7305024038 2 0.7184831731 0.9521899038 2 0 0 0 0 0 0 0 0 0
