1 0.9131166667 0.6161833333 0.1085 0.2157 0.91405 0.71623 2 0.8570366667 0.7205233333 2 0.9673866667 0.7137766667 2 0.9189533333 0.50893 2 0 0 0 0 0 0
1 0.8515166667 0.61755 0.1177 0.2245666667 0.8490666667 0.7150033333 2 0.7926666667 0.7186833333 1 0.9091466667 0.7119366667 2 0.84171 0.50525 2 0 0 0 0 0 0
1 0.7839333333 0.6174 0.1204666667 0.2242666667 0.78347 0.7156166667 2 0.72278 0.7205233333 2 0.8429366667 0.7113233333 2 0.77734 0.5058633333 2 0 0 0 0 0 0
1 0.7148166667 0.6170833333 0.1275 0.2249 0.71052 0.7174566667 2 0.6510533333 0.72359 2 0.7779533333 0.7082566667 2 0.7056133333 0.50709 2 0 0 0 0 0 0
1 0.646 0.61495 0.1241333333 0.2255 0.6449233333 0.71623 2 0.58549 0.7248433333 2 0.7074533333 0.70703 2 0.63634 0.5027966667 2 0 0 0 0 0 0
1 0.5803833333 0.6164666667 0.1253666667 0.2298 0.5793266667 0.71807 2 0.5198633333 0.7260433333 2 0.6418566667 0.7082566667 2 0.5670666667 0.50157 2 0 0 0 0 0 0
1 0.0858333333 0.63975 0.1385333333 0.2433 0.0861333333 0.74932 2 0.0174733333 0.7554533333 2 0.1547933333 0.74196 2 0.06529 0.51933 2 0 0 0 0 0 0
1 0.1819333333 0.6333166667 0.1419333333 0.2365666667 0.1848333333 0.7358266667 2 0.11188 0.7450266667 1 0.2510433333 0.7260133333 2 0.16583 0.5150366667 2 0 0 0 0 0 0
1 0.2660666667 0.6337833333 0.1440666667 0.2411666667 0.2663666667 0.7425733333 2 0.1970933333 0.7505466667 2 0.3362566667 0.73644 2 0.2455233333 0.5181033333 2 0 0 0 0 0 0
1 0.3430166667 0.63085 0.1324333333 0.2341 0.34116 0.7352133333 2 0.27679 0.74196 1 0.4073666667 0.72908 2 0.3264466667 0.5150366667 2 0 0 0 0 0 0
1 0.4168833333 0.6242666667 0.1330333333 0.2307333333 0.4171766667 0.7278533333 2 0.3528066667 0.7352133333 1 0.4809333333 0.71988 2 0.4067566667 0.51197 2 0 0 0 0 0 0
1 0.49655 0.6064833333 0.1431666667 0.2251 0.4922666667 0.7071566667 2 0.4244233333 0.7141033333 1 0.5686566667 0.6980733333 2 0.4805133333 0.49285 2 0 0 0 0 0 0
