1 0.2715601023 0.2348881432 0.4347826087 0.3855704698 0.2753120205 0.0592192394 2 0.0722122762 0.057901566 2 0.4784117647 0.057901566 2 0.2753120205 0.4145279642 2 0 0 0 0 0 0
1 0.7003069054 0.2230536913 0.4347826087 0.3855704698 0.7040767263 0.0473758389 2 0.5009769821 0.0460581655 2 0.9071764706 0.0460581655 2 0.7040767263 0.4026845638 2 0 0 0 0 0 0
1 0.3046547315 0.709966443 0.4347826087 0.461901566 0.3084092072 0.4961185682 2 0.1098235294 0.4974340045 2 0.5054910486 0.494803132 2 0.309915601 0.9290693512 2 0 0 0 0 0 0
1 0.7228900256 0.7046868009 0.4347826087 0.461901566 0.7266445013 0.4908545861 2 0.5355805627 0.4921700224 2 0.9192122762 0.4895369128 2 0.7296521739 0.9106465324 2 0 0 0 0 0 0
1 0.7273913043 0.2368791946 0.4347826087 0.3816331096 0.7311560102 0.4105794183 2 0.5400946292 0.4092639821 2 0.9237237852 0.4118970917 2 0.7341662404 0.0657986577 2 0 0 0 0 0 0
1 0.2399488491 0.2526733781 0.4347826087 0.3816331096 0.2437186701 0.4263713647 2 0.0541611253 0.4316353468 2 0.4392966752 0.4211073826 2 0.2467289003 0.081590604 2 0 0 0 0 0 0
1 0.4881841432 0.2210850112 0.4347826087 0.3816331096 0.4919514066 0.3947897092 2 0.3023913043 0.4000536913 2 0.6875294118 0.3895257271 2 0.4949590793 0.0500067114 2 0 0 0 0 0 0
1 0.5167774936 0.7158836689 0.4347826087 0.4500671141 0.5205370844 0.9238053691 2 0.3309769821 0.9290693512 2 0.716112532 0.918541387 2 0.5175268542 0.500064877 2 0 0 0 0 0 0
1 0.2820716113 0.7382662192 0.4347826087 0.4711185682 0.2858439898 0.956704698 2 0.0962838875 0.9619686801 2 0.4814194373 0.9514407159 2 0.2738081841 0.5171744966 2 0 0 0 0 0 0
1 0.764258312 0.7270693512 0.4182352941 0.4434899329 0.759741688 0.9317024609 2 0.5701815857 0.936966443 2 0.9553171355 0.9264384787 2 0.7657595908 0.514541387 2 0 0 0 0 0 0
