3 0.4046394231 0.4340264423 0.1549038462 0.1228605769 0.4046466346 0.4834399038 2 0.3392091346 0.3846153846 2 0.4714206731 0.3899567308 2 0 0 0 0 0 0 0 0 0
3 0.4019711538 0.4847716346 0.1549038462 0.1228605769 0.4019759615 0.5341875 2 0.3365384615 0.4353629808 2 0.46875 0.4407043269 2 0 0 0 0 0 0 0 0 0
3 0.3926201923 0.5341947115 0.1549038462 0.1228605769 0.3926274038 0.5836009615 2 0.3271899038 0.4847764423 2 0.4594014423 0.4901177885 2 0 0 0 0 0 0 0 0 0
3 0.3926201923 0.58359375 0.1549038462 0.1228605769 0.3926274038 0.6330120192 2 0.3271899038 0.5341875 2 0.4594014423 0.53953125 2 0 0 0 0 0 0 0 0 0
3 0.400625 0.6303485577 0.1549038462 0.1228605769 0.4006418269 0.6797548077 2 0.3352019231 0.5809302885 2 0.4674134615 0.5862716346 2 0 0 0 0 0 0 0 0 0
3 0.3912980769 0.6770793269 0.1549038462 0.1228605769 0.3912932692 0.7264951923 2 0.3258533654 0.6276706731 2 0.4580649038 0.6330120192 2 0 0 0 0 0 0 0 0 0
3 0.3926201923 0.7265024038 0.1549038462 0.1228605769 0.3926274038 0.7759086538 2 0.3271899038 0.6770841346 2 0.4594014423 0.6824254808 2 0 0 0 0 0 0 0 0 0
3 0.3979567308 0.7772475962 0.1549038462 0.1228605769 0.39796875 0.82665625 2 0.33253125 0.7278317308 2 0.4647427885 0.7331730769 2 0 0 0 0 0 0 0 0 0
3 0.3899519231 0.82265625 0.1549038462 0.1228605769 0.3899567308 0.8720625 2 0.3245192308 0.7732379808 2 0.4567307692 0.7785793269 2 0 0 0 0 0 0 0 0 0
3 0.3926201923 0.8760697115 0.1549038462 0.1228605769 0.3926274038 0.9254807692 2 0.3271899038 0.82665625 2 0.4594014423 0.8319975962 2 0 0 0 0 0 0 0 0 0
3 0.3298557692 0.4553966346 0.1549038462 0.1228605769 0.3298605769 0.4059831731 2 0.2644230769 0.5048076923 2 0.3966346154 0.4994663462 2 0 0 0 0 0 0 0 0 0
3 0.3245192308 0.4994591346 0.1549038462 0.1228605769 0.3245192308 0.4500528846 2 0.2524038462 0.5408653846 2 0.3912932692 0.5435360577 2 0 0 0 0 0 0 0 0 0
3 0.3271875 0.5555649038 0.1549038462 0.1228605769 0.3271899038 0.5061442308 2 0.2550745192 0.5969543269 2 0.3939639423 0.5996274038 2 0 0 0 0 0 0 0 0 0
3 0.3271875 0.6009495192 0.1549038462 0.1228605769 0.3271899038 0.5515504808 2 0.2550745192 0.6423605769 2 0.3939639423 0.64503125 2 0 0 0 0 0 0 0 0 0
3 0.3245192308 0.6477043269 0.1549038462 0.1228605769 0.3245192308 0.5982908654 2 0.2524038462 0.6891033654 2 0.3912932692 0.6917740385 2 0 0 0 0 0 0 0 0 0
3 0.3271875 0.7011177885 0.1549038462 0.1228605769 0.3271899038 0.6517091346 2 0.2550745192 0.7425216346 2 0.3939639423 0.7451923077 2 0 0 0 0 0 0 0 0 0
3 0.3271875 0.7491947115 0.1549038462 0.1228605769 0.3271899038 0.6997860577 2 0.2550745192 0.7905985577 2 0.3939639423 0.7932692308 2 0 0 0 0 0 0 0 0 0
3 0.3245192308 0.7946033654 0.1549038462 0.1228605769 0.3245192308 0.7451923077 2 0.2524038462 0.8360048077 2 0.3872860577 0.8466875 2 0 0 0 0 0 0 0 0 0
3 0.3111538462 0.8680649038 0.1549038462 0.1228605769 0.3111634615 0.8186442308 2 0.2390480769 0.9094543269 2 0.3739302885 0.9201394231 2 0 0 0 0 0 0 0 0 0
3 0.3191826923 0.8346754808 0.1549038462 0.1228605769 0.3191778846 0.7852572115 2 0.2470625 0.8760673077 2 0.3819447115 0.8867524038 2 0 0 0 0 0 0 0 0 0
3 0.4744951923 0.4558293269 0.1549038462 0.1228605769 0.4744975962 0.4064230769 2 0.4023822115 0.4972355769 1 0.5412692308 0.49990625 2 0 0 0 0 0 0 0 0 0
3 0.4762980769 0.4912860577 0.1549038462 0.1228605769 0.4763149038 0.4418725962 2 0.4041995192 0.5326850962 1 0.5430889423 0.5353557692 2 0 0 0 0 0 0 0 0 0
3 0.4735817308 0.5476322115 0.1549038462 0.1228605769 0.4735865385 0.4982283654 2 0.4014711538 0.5890408654 2 0.5403605769 0.5917115385 2 0 0 0 0 0 0 0 0 0
3 0.4744951923 0.5940024038 0.1549038462 0.1228605769 0.4744975962 0.5445841346 2 0.4023822115 0.6353966346 2 0.5335552885 0.6362668269 2 0 0 0 0 0 0 0 0 0
3 0.4699519231 0.6421754808 0.1549038462 0.1228605769 0.4699519231 0.5927596154 2 0.3978365385 0.6835721154 1 0.5290120192 0.6844423077 2 0 0 0 0 0 0 0 0 0
3 0.4699519231 0.6421754808 0.1549038462 0.1228605769 0.4699519231 0.5927596154 2 0.3978365385 0.6835721154 1 0.5290120192 0.6844423077 2 0 0 0 0 0 0 0 0 0
3 0.4717548077 0.6885216346 0.1549038462 0.1228605769 0.4717692308 0.6391153846 2 0.3996538462 0.7299278846 2 0.5308293269 0.7307980769 2 0 0 0 0 0 0 0 0 0
3 0.4690384615 0.7439783654 0.1549038462 0.1228605769 0.4690432692 0.6945625 2 0.3969278846 0.785375 2 0.5281009615 0.7862451923 2 0 0 0 0 0 0 0 0 0
3 0.468125 0.7885216346 0.1549038462 0.1228605769 0.4681346154 0.7391009615 2 0.3960192308 0.8299134615 1 0.5271923077 0.8307836538 2 0 0 0 0 0 0 0 0 0
3 0.4690384615 0.8403245192 0.1549038462 0.1228605769 0.4690432692 0.7909110577 2 0.3969278846 0.8817235577 2 0.5281009615 0.88259375 2 0 0 0 0 0 0 0 0 0
3 0.4663221154 0.8903245192 0.1549038462 0.1228605769 0.4663149038 0.8409038462 2 0.3941995192 0.9317163462 2 0.525375 0.9325865385 2 0 0 0 0 0 0 0 0 0
3 0.5455048077 0.8775360577 0.1549038462 0.1228605769 0.5402884615 0.9260288462 2 0.4764254808 0.8302307692 2 0.6045673077 0.8352740385 2 0 0 0 0 0 0 0 0 0
3 0.5458173077 0.82421875 0.1542788462 0.1158413462 0.5377355769 0.8711057692 2 0.4764254808 0.7733918269 2 0.6045673077 0.7784350962 2 0 0 0 0 0 0 0 0 0
3 0.5541346154 0.78015625 0.1542788462 0.1158413462 0.5460360577 0.8270384615 2 0.4847283654 0.7293269231 2 0.6128677885 0.7343677885 2 0 0 0 0 0 0 0 0 0
3 0.5477403846 0.7277764423 0.1542788462 0.1158413462 0.5396514423 0.7746706731 2 0.4783413462 0.6769591346 2 0.6064831731 0.682 2 0 0 0 0 0 0 0 0 0
3 0.5458173077 0.6741466346 0.1542788462 0.1158413462 0.5377355769 0.7210240385 2 0.4764254808 0.6233125 1 0.6045673077 0.6283533654 2 0 0 0 0 0 0 0 0 0
3 0.5522115385 0.6319831731 0.1542788462 0.1158413462 0.5441201923 0.678875 2 0.4828125 0.5811610577 2 0.6109519231 0.5862043269 2 0 0 0 0 0 0 0 0 0
3 0.5477403846 0.5815264423 0.1542788462 0.1158413462 0.5396514423 0.6284206731 2 0.4783413462 0.5307091346 2 0.6064831731 0.53575 2 0 0 0 0 0 0 0 0 0
3 0.5458173077 0.5297956731 0.1542788462 0.1158413462 0.5377355769 0.5766923077 2 0.4764254808 0.4789807692 2 0.6045673077 0.4840216346 2 0 0 0 0 0 0 0 0 0
3 0.5586057692 0.4493389423 0.1542788462 0.1158413462 0.5505072115 0.4962235577 2 0.4891971154 0.3985120192 2 0.6173389423 0.4035528846 2 0 0 0 0 0 0 0 0 0
3 0.6189423077 0.465625 0.1549038462 0.1151923077 0.6189495192 0.4200408654 2 0.5505072115 0.5160216346 2 0.6780096154 0.5117235577 2 0 0 0 0 0 0 0 0 0
3 0.6131971154 0.5000961538 0.1549038462 0.1151923077 0.6132019231 0.4545264423 2 0.5447596154 0.5505072115 2 0.6722620192 0.5462091346 2 0 0 0 0 0 0 0 0 0
3 0.6112740385 0.5409855769 0.1549038462 0.1151923077 0.6124543269 0.5032475962 2 0.54284375 0.5913798077 2 0.6692932692 0.59840625 2 0 0 0 0 0 0 0 0 0
3 0.6131971154 0.5888701923 0.1549038462 0.1151923077 0.6143701923 0.5511466346 2 0.5447596154 0.6392788462 2 0.6712115385 0.6463028846 2 0 0 0 0 0 0 0 0 0
3 0.6157451923 0.6431490385 0.1549038462 0.1151923077 0.6169254808 0.6054302885 2 0.5473149038 0.6935625 1 0.6737644231 0.7005889423 2 0 0 0 0 0 0 0 0 0
3 0.6131971154 0.6865865385 0.1549038462 0.1151923077 0.6143701923 0.6488581731 2 0.5447596154 0.7369903846 2 0.6712115385 0.7440144231 2 0 0 0 0 0 0 0 0 0
3 0.6138461538 0.7875 0.1549038462 0.1151923077 0.6150096154 0.7497620192 2 0.5453990385 0.8378942308 2 0.6718485577 0.8449206731 2 0 0 0 0 0 0 0 0 0
3 0.6074519231 0.8385817308 0.1549038462 0.1151923077 0.608625 0.8008533654 2 0.5390120192 0.8889855769 2 0.6654615385 0.8960120192 2 0 0 0 0 0 0 0 0 0
3 0.6920673077 0.4512620192 0.1542788462 0.1158413462 0.6839831731 0.4981394231 2 0.6226730769 0.4004278846 2 0.7508149038 0.40546875 2 0 0 0 0 0 0 0 0 0
3 0.6946394231 0.4978725962 0.1542788462 0.1158413462 0.6865384615 0.5447596154 2 0.6252283654 0.4470480769 2 0.7533701923 0.4520889423 2 0 0 0 0 0 0 0 0 0
3 0.6863221154 0.5444831731 0.1542788462 0.1158413462 0.6782355769 0.5913798077 2 0.6169254808 0.4936682692 2 0.7450673077 0.4987091346 2 0 0 0 0 0 0 0 0 0
3 0.6863221154 0.5859975962 0.1542788462 0.1158413462 0.6782355769 0.6328918269 2 0.6169254808 0.5351802885 2 0.7450673077 0.5402211538 2 0 0 0 0 0 0 0 0 0
3 0.6927163462 0.6403004808 0.1542788462 0.1158413462 0.6846225962 0.6871754808 2 0.6233125 0.5894639423 2 0.7514543269 0.5945048077 2 0 0 0 0 0 0 0 0 0
3 0.6863221154 0.6862620192 0.1542788462 0.1158413462 0.6782355769 0.7331586538 2 0.6169254808 0.6354471154 2 0.7450673077 0.6404879808 2 0 0 0 0 0 0 0 0 0
3 0.6805769231 0.7303485577 0.1542788462 0.1158413462 0.6724879808 0.7772235577 2 0.6111778846 0.6795120192 2 0.7393197115 0.6845528846 2 0 0 0 0 0 0 0 0 0
3 0.6907932692 0.7871754808 0.1542788462 0.1158413462 0.6827067308 0.8340625 2 0.6213966346 0.7363509615 2 0.7495384615 0.7413918269 2 0 0 0 0 0 0 0 0 0
3 0.6799519231 0.8306129808 0.1542788462 0.1158413462 0.6718485577 0.8774903846 2 0.6105384615 0.7797788462 2 0.7386802885 0.7848197115 2 0 0 0 0 0 0 0 0 0
3 0.6888942308 0.8836177885 0.1542788462 0.1158413462 0.6807908654 0.9304975962 2 0.6194807692 0.8327860577 2 0.7476201923 0.8378269231 2 0 0 0 0 0 0 0 0 0
3 0.7434855769 0.4732692308 0.1549038462 0.1151923077 0.7434855769 0.4277043269 2 0.6750432692 0.5236850962 1 0.8025432692 0.5193870192 2 0 0 0 0 0 0 0 0 0
3 0.7511538462 0.5199038462 0.1549038462 0.1151923077 0.7511490385 0.4743245192 2 0.6827067308 0.5703052885 2 0.8102091346 0.5660072115 2 0 0 0 0 0 0 0 0 0
3 0.7473076923 0.5620432692 0.1549038462 0.1151923077 0.7473173077 0.5164735577 2 0.678875 0.6124543269 2 0.8063774038 0.60815625 2 0 0 0 0 0 0 0 0 0
3 0.7460336538 0.6112259615 0.1549038462 0.1151923077 0.7460408654 0.5656490385 2 0.6775961538 0.6616298077 2 0.8050985577 0.6573317308 2 0 0 0 0 0 0 0 0 0
3 0.7530528846 0.6604086538 0.1549038462 0.1151923077 0.7530649038 0.6148245192 2 0.6846225962 0.7108052885 2 0.812125 0.7065072115 2 0 0 0 0 0 0 0 0 0
3 0.7479567308 0.6980769231 0.1549038462 0.1151923077 0.7479567308 0.6525048077 2 0.6795120192 0.7484855769 2 0.8070144231 0.7441875 2 0 0 0 0 0 0 0 0 0
3 0.7524278846 0.8028125 0.1549038462 0.1151923077 0.7524254808 0.7572427885 2 0.6839831731 0.8532235577 2 0.8114855769 0.8489254808 2 0 0 0 0 0 0 0 0 0
3 0.7492307692 0.8430528846 0.1549038462 0.1151923077 0.7492331731 0.7974759615 2 0.6807908654 0.8934567308 2 0.8082932692 0.8891586538 2 0 0 0 0 0 0 0 0 0
3 0.7473076923 0.9030769231 0.1549038462 0.1151923077 0.7473173077 0.8575096154 2 0.678875 0.9534903846 2 0.8063774038 0.9491899038 2 0 0 0 0 0 0 0 0 0
3 0.8054447115 0.5984495192 0.1395913462 0.1075240385 0.8046850962 0.6411947115 2 0.7465697115 0.5498677885 2 0.8698269231 0.5562548077 2 0 0 0 0 0 0 0 0 0
3 0.8124639423 0.5556610577 0.1395913462 0.1075240385 0.8117115385 0.5984038462 2 0.75359375 0.5070793269 1 0.8768533654 0.5134663462 2 0 0 0 0 0 0 0 0 0
3 0.8143870192 0.5115985577 0.1395913462 0.1075240385 0.8136274038 0.5543389423 2 0.7555120192 0.4630144231 2 0.8787692308 0.4693990385 2 0 0 0 0 0 0 0 0 0
3 0.80671875 0.6936177885 0.1395913462 0.1075240385 0.8059639423 0.7363509615 2 0.7478461538 0.6450264423 2 0.8711057692 0.6514134615 2 0 0 0 0 0 0 0 0 0
3 0.80734375 0.7402283654 0.1395913462 0.1075240385 0.8066009615 0.7829711538 2 0.7484855769 0.6916466346 2 0.8717427885 0.6980336538 2 0 0 0 0 0 0 0 0 0
3 0.8150120192 0.7913100962 0.1395913462 0.1075240385 0.8142668269 0.8340625 2 0.7561490385 0.7427379808 2 0.87940625 0.749125 2 0 0 0 0 0 0 0 0 0
3 0.82140625 0.8852043269 0.1395913462 0.1075240385 0.8206514423 0.9279423077 2 0.7625360577 0.8366177885 2 0.8857932692 0.8430048077 2 0 0 0 0 0 0 0 0 0
3 0.8143870192 0.6482572115 0.1395913462 0.1075240385 0.8136274038 0.6910072115 2 0.7555120192 0.5996826923 2 0.8787692308 0.6060697115 2 0 0 0 0 0 0 0 0 0
3 0.8801442308 0.8424038462 0.1549038462 0.1151923077 0.8801538462 0.7968389423 2 0.8117115385 0.8928197115 2 0.9392139423 0.8885216346 2 0 0 0 0 0 0 0 0 0
3 0.8587620192 0.7584375 0.1325721154 0.105625 0.8699350962 0.7176466346 2 0.8149038462 0.7957451923 2 0.9164471154 0.7995769231 2 0 0 0 0 0 0 0 0 0
3 0.8737620192 0.7060697115 0.1357451923 0.1119951923 0.8833485577 0.6620841346 2 0.819375 0.749125 2 0.9343293269 0.7555120192 2 0 0 0 0 0 0 0 0 0
3 0.8744110577 0.6664783654 0.1357451923 0.1119951923 0.8839855769 0.6224903846 2 0.8200144231 0.7095288462 1 0.93496875 0.7159158654 2 0 0 0 0 0 0 0 0 0
3 0.8584254808 0.6134495192 0.1357451923 0.1119951923 0.8680192308 0.5694831731 2 0.8040480769 0.6565216346 2 0.9190024038 0.6629086538 2 0 0 0 0 0 0 0 0 0
3 0.8756850962 0.5642908654 0.1357451923 0.1119951923 0.8852644231 0.5203076923 2 0.8212908654 0.6073461538 2 0.9362451923 0.6137331731 2 0 0 0 0 0 0 0 0 0
3 0.8763100962 0.5285216346 0.1357451923 0.1119951923 0.8859014423 0.4845432692 2 0.8219302885 0.5715817308 2 0.9368846154 0.57796875 2 0 0 0 0 0 0 0 0 0
3 0.8712139423 0.8427283654 0.1357451923 0.1119951923 0.8807932692 0.7987548077 2 0.8168197115 0.8857932692 2 0.9317764423 0.8921802885 2 0 0 0 0 0 0 0 0 0
