1 0.359375 0.6868515625 0.3828125 0.430984375 0.36328125 0.51171875 2 0.1809890625 0.52734375 2 0.53515625 0.484375 2 0.2825515625 0.8893234375 1 0 0 0 0 0 0
1 0.25 0.7675703125 0.3828125 0.430984375 0.24609375 0.9427078125 2 0.4244796875 0.9140625 2 0.07421875 0.9700515625 2 0.3268234375 0.5651046875 2 0 0 0 0 0 0
1 0.4921875 0.7128828125 0.3828125 0.430984375 0.48828125 0.8880203125 2 0.6315109375 0.8645828125 2 0.31640625 0.9075515625 2 0.5690109375 0.5104171875 2 0 0 0 0 0 0
1 0.68359375 0.6972578125 0.3671875 0.438796875 0.6875 0.8763015625 2 0.8502609375 0.8502609375 2 0.515625 0.8958328125 2 0.8059890625 0.4934890625 2 0 0 0 0 0 0
1 0.7766875 0.1907578125 0.19140625 0.381515625 0.7734375 0.03125 2 0.69140625 0.0494796875 2 0.859375 0.0078125 2 0.7018234375 0.36328125 2 0 0 0 0 0 0
1 0.270828125 0.3125 0.3828125 0.3828125 0.2669265625 0.4635421875 2 0.4453125 0.4348953125 2 0.0950515625 0.4908859375 2 0.3229171875 0.1328125 2 0 0 0 0 0 0
1 0.731765625 0.2421875 0.3828125 0.3828125 0.7239578125 0.39453125 2 0.890625 0.3736984375 2 0.5559890625 0.4205734375 2 0.8059890625 0.0638015625 2 0 0 0 0 0 0
1 0.765625 0.6490859375 0.3828125 0.454421875 0.76953125 0.4622390625 2 0.5872390625 0.4778640625 2 0.94140625 0.4348953125 2 0.6614578125 0.8567703125 2 0 0 0 0 0 0
1 0.373703125 0.255859375 0.3828125 0.37890625 0.3697921875 0.0885421875 1 0.1940109375 0.0989578125 1 0.5481765625 0.0807296875 1 0.296875 0.4322921875 2 0 0 0 0 0 0
1 0.518234375 0.2415390625 0.3828125 0.430984375 0.5143234375 0.4166671875 2 0.6575515625 0.3932296875 2 0.3424484375 0.4361984375 2 0.5885421875 0.0950515625 2 0 0 0 0 0 0
