2 0.5504965157 0.240495098 0.1423170732 0.0816568627 0.5533327526 0.204545098 2 0.6199303136 0.2059803922 2 0.4892839721 0.2031098039 2 0.5482351916 0.2753715686 2 0.6135574913 0.2768058824 2 0.4816376307 0.2739362745 2
2 0.4848954704 0.3441911765 0.1309756098 0.0751470588 0.4864616725 0.3106196078 2 0.5489494774 0.3112098039 2 0.4239738676 0.3100303922 2 0.4822735192 0.3776392157 2 0.544761324 0.3784254902 2 0.4215313589 0.3768529412 2
2 0.5518641115 0.3402107843 0.1309756098 0.0751470588 0.5555818815 0.3068862745 2 0.6159094077 0.3072333333 2 0.4909337979 0.3060539216 2 0.5492334495 0.3736627451 2 0.6117212544 0.3744490196 2 0.4884912892 0.3728764706 2
2 0.7381010453 0.2648333333 0.2482578397 0.0562156863 0.8575069686 0.263745098 2 0.8569006969 0.2869245098 1 0.8575069686 0.2378382353 2 0.6187595819 0.2659735294 2 0.6187595819 0.2917980392 2 0.6177526132 0.2421343137 2
2 0.7609494774 0.2888137255 0.2527700348 0.0566862745 0.8804442509 0.2876696078 2 0.8801637631 0.3128862745 2 0.8815714286 0.2611843137 2 0.6393466899 0.2901960784 2 0.6393466899 0.3160215686 2 0.6390905923 0.2664029412 2
2 0.739956446 0.3237843137 0.2413066202 0.0566862745 0.8551620209 0.3226352941 2 0.8559808362 0.3455392157 2 0.8551620209 0.298654902 2 0.6240940767 0.3251705882 2 0.6240940767 0.350995098 2 0.6238397213 0.3013764706 2
2 0.7541811847 0.3495392157 0.2448432056 0.0566862745 0.8696324042 0.3483558824 2 0.869358885 0.3736401961 2 0.8699059233 0.3241421569 2 0.6365487805 0.3509264706 2 0.6365487805 0.3767519608 2 0.6367299652 0.3257588235 2
2 0.2879965157 0.2606813725 0.2505226481 0.0642843137 0.4041811847 0.2660176471 2 0.4008484321 0.2921156863 2 0.4081202091 0.2416254902 2 0.173761324 0.2534862745 2 0.1695191638 0.279072549 2 0.1777003484 0.2285813725 2
2 0.2792160279 0.3118480392 0.2529616725 0.0642843137 0.3969094077 0.3183843137 2 0.3938797909 0.3434598039 2 0.4005452962 0.2958686275 2 0.1636114983 0.3049088235 2 0.1605818815 0.3304960784 2 0.1654285714 0.2805166667 2
2 0.286184669 0.341004902 0.2529616725 0.0642843137 0.403271777 0.3480647059 2 0.3987264808 0.3739931373 2 0.4075139373 0.3228196078 2 0.1705801394 0.3340696078 2 0.1675505226 0.3596558824 2 0.1723972125 0.3096764706 2
2 0.3032752613 0.2893137255 0.2494773519 0.0640980392 0.4162961672 0.2954911765 2 0.4135226481 0.3206637255 2 0.4212317073 0.2673666667 2 0.1862543554 0.2822970588 2 0.1840958188 0.3041715686 2 0.1887212544 0.2585127451 2
2 0.1341376307 0.4390637255 0.1270557491 0.0741470588 0.1356358885 0.4051666667 2 0.1956358885 0.4049166667 1 0.0724320557 0.4051666667 2 0.1349947735 0.4729598039 2 0.1960627178 0.4730843137 2 0.07221777 0.4729598039 2
2 0.1992073171 0.4326323529 0.1270557491 0.0741470588 0.1965853659 0.3989627451 2 0.2606986063 0.3984843137 2 0.1374947735 0.3987333333 2 0.2000592334 0.4665264706 2 0.2611254355 0.4666509804 2 0.1372804878 0.4665264706 2
2 0.2950958188 0.4373088235 0.1307491289 0.0741470588 0.2924878049 0.4034764706 2 0.3547491289 0.4031617647 2 0.231597561 0.4034107843 2 0.2959843206 0.4712039216 2 0.3588292683 0.4713284314 2 0.2313780488 0.4712039216 2
2 0.3647473868 0.4305441176 0.1307491289 0.0741470588 0.3647142857 0.3968470588 2 0.4296271777 0.3968470588 2 0.301238676 0.3966460784 2 0.3656254355 0.4644392157 2 0.4284721254 0.4645637255 2 0.3010191638 0.4644392157 2
2 0.4593118467 0.4365735294 0.1235365854 0.0711470588 0.4582421603 0.4040411765 2 0.5191062718 0.4038127451 2 0.3993066202 0.4040519608 2 0.460141115 0.4690980392 2 0.5195209059 0.4692176471 2 0.3990993031 0.4690980392 2
2 0.5268205575 0.4320539216 0.1235365854 0.0711470588 0.5257595819 0.3995166667 2 0.5866254355 0.3992882353 2 0.4668240418 0.399527451 2 0.5276602787 0.4645745098 2 0.5870400697 0.4646941176 2 0.4666167247 0.4645745098 2
2 0.594695122 0.4356421569 0.1235365854 0.0711470588 0.5936289199 0.4031029412 2 0.6544947735 0.4028745098 2 0.534695122 0.4031127451 2 0.5955296167 0.4681598039 2 0.6549094077 0.4682794118 2 0.5344860627 0.4681598039 2
2 0.7228222997 0.4350735294 0.1302090592 0.0711470588 0.7254442509 0.4025343137 2 0.7858501742 0.4023058824 2 0.6665 0.4021784314 2 0.7227160279 0.4676509804 2 0.7856062718 0.4676509804 2 0.659358885 0.4675921569 2
2 0.7970209059 0.4289656863 0.1302090592 0.0711470588 0.7996376307 0.3964284314 2 0.860043554 0.3961990196 2 0.7339581882 0.3964421569 2 0.7969094077 0.461545098 2 0.8597996516 0.461545098 2 0.7335522648 0.4614852941 2
2 0.8726132404 0.4347205882 0.1302090592 0.0711470588 0.8752369338 0.4021892157 2 0.9356428571 0.4019607843 2 0.8095574913 0.4022039216 2 0.8725087108 0.4673058824 2 0.9353989547 0.4673058824 2 0.8091515679 0.4672470588 2
2 0.8448519164 0.5307352941 0.132456446 0.0724117647 0.8453571429 0.4978303922 2 0.9089703833 0.4973872549 2 0.7829198606 0.4975794118 2 0.8442317073 0.5643117647 2 0.9098362369 0.5638901961 2 0.7805017422 0.5647343137 2
2 0.7739808362 0.5252254902 0.132456446 0.0724117647 0.7744825784 0.492322549 2 0.838097561 0.4918794118 2 0.7081498258 0.4923431373 2 0.773358885 0.558804902 2 0.8389634146 0.5583823529 2 0.7096289199 0.5592264706 2
2 0.6416289199 0.5224607843 0.132456446 0.0715686275 0.6399216028 0.4902323529 2 0.7051515679 0.4898098039 2 0.5765662021 0.4904431373 2 0.6410052265 0.5556186275 2 0.7066097561 0.5551970588 2 0.5772752613 0.5560411765 2
2 0.5718728223 0.5291960784 0.132456446 0.0715686275 0.5701724739 0.4969656863 2 0.6324233449 0.496345098 2 0.5068188153 0.4971764706 2 0.5724425087 0.5619833333 2 0.6368606272 0.5619303922 2 0.5094634146 0.5621941176 2
2 0.5006358885 0.5255882353 0.132456446 0.0724117647 0.4948432056 0.4944460784 2 0.5566986063 0.4919127451 2 0.4348623693 0.4961343137 2 0.5023397213 0.5581705882 2 0.564195122 0.5560598039 2 0.4427351916 0.5598588235 2
2 0.4312804878 0.5230588235 0.132456446 0.0715686275 0.4296132404 0.4912656863 2 0.4918222997 0.4902039216 2 0.3677578397 0.4918990196 2 0.4318623693 0.5547931373 2 0.49371777 0.5539490196 2 0.3711324042 0.5554264706 2
2 0.3670557491 0.5298382353 0.1249477352 0.0695784314 0.3651271777 0.4978401961 2 0.4258275261 0.4976666667 2 0.3068919861 0.4980137255 2 0.3657439024 0.5613313725 2 0.4279843206 0.5611578431 2 0.3087404181 0.5621980392 2
2 0.2891724739 0.5261078431 0.1346515679 0.0746078431 0.2843989547 0.4941980392 2 0.3447909408 0.4915960784 2 0.2224651568 0.4969735294 2 0.2942595819 0.5580352941 2 0.3555766551 0.5561264706 2 0.232325784 0.5602901961 2
2 0.1403484321 0.5336470588 0.1300348432 0.0725294118 0.1369616725 0.5015686275 2 0.199510453 0.5007019608 2 0.0759529617 0.5020892157 2 0.1415836237 0.5664470588 2 0.2035156794 0.5662735294 2 0.0787264808 0.5667941176 2
