1 0.787109375 0.2682265625 0.36328125 0.341140625 0.7864578125 0.1171875 2 0.6100484375 0.10195625 2 0.9466140625 0.1302078125 2 0.7565109375 0.4296875 2 0 0 0 0 0 0
1 0.5579375 0.2721328125 0.36328125 0.341140625 0.5572921875 0.12109375 2 0.38088125 0.1058625 2 0.7174484375 0.1341140625 2 0.52734375 0.43359375 2 0 0 0 0 0 0
1 0.3391875 0.2395859375 0.36328125 0.341140625 0.3385421875 0.0885421875 2 0.16213125 0.0733109375 2 0.4986984375 0.1015625 2 0.30859375 0.4010421875 2 0 0 0 0 0 0
1 0.722 0.3072890625 0.36328125 0.341140625 0.72265625 0.4583328125 2 0.8990671875 0.4735640625 2 0.5625 0.4453125 2 0.7526046875 0.1458328125 2 0 0 0 0 0 0
1 0.3326875 0.2799453125 0.36328125 0.341140625 0.3333328125 0.4309890625 2 0.50974375 0.4462203125 2 0.1731765625 0.41796875 2 0.36328125 0.1184890625 2 0 0 0 0 0 0
1 0.26496875 0.7584609375 0.37109375 0.446609375 0.26953125 0.9622390625 2 0.44584375 0.976140625 2 0.09375 0.94140625 2 0.3072921875 0.5455734375 2 0 0 0 0 0 0
1 0.2858125 0.7181015625 0.37109375 0.446609375 0.28125 0.5143234375 2 0.1049375 0.500421875 2 0.45703125 0.53515625 2 0.2434890625 0.9309890625 2 0 0 0 0 0 0
1 0.50846875 0.7532578125 0.37109375 0.446609375 0.50390625 0.5494796875 2 0.32759375 0.535578125 2 0.6783859375 0.5533859375 2 0.4661453125 0.9661453125 2 0 0 0 0 0 0
1 0.722 0.7662734375 0.37109375 0.446609375 0.7174484375 0.5625 2 0.5411359375 0.5485984375 2 0.8919265625 0.56640625 2 0.6796875 0.9791671875 2 0 0 0 0 0 0
1 0.64909375 0.7766953125 0.37109375 0.446609375 0.6549484375 0.98828125 2 0.8229171875 1 2 0.4817703125 0.98046875 2 0.6901046875 0.5755203125 2 0 0 0 0 0 0
