1 0.4521908127 0.7463841202 0.2727561837 0.3339699571 0.457155477 0.5941523605 2 0.320229682 0.5981759657 2 0.5830388693 0.5954935622 2 0.4637809187 0.9039699571 2 0 0 0 0 0 0
1 0.4455742049 0.769860515 0.2793816254 0.3353004292 0.4428003534 0.9254291845 2 0.3113957597 0.9267703863 2 0.5764134276 0.9227467811 2 0.4361749117 0.606223176 2 0 0 0 0 0 0
1 0.6001678445 0.7477360515 0.2793816254 0.3339699571 0.6040194346 0.9012875536 2 0.7387367491 0.8986051502 2 0.4737190813 0.9079935622 2 0.5962897527 0.5847639485 2 0 0 0 0 0 0
1 0.7426060071 0.7376609442 0.2705477032 0.321888412 0.7387367491 0.5914699571 2 0.6139575972 0.5968347639 2 0.8744611307 0.5807746781 2 0.7497791519 0.8932403433 2 0 0 0 0 0 0
1 0.7669081272 0.7651609442 0.2683392226 0.3446995708 0.7649116608 0.9331545064 2 0.6361113074 0.9331545064 2 0.8976784452 0.9331545064 2 0.7653621908 0.5971566524 2 0 0 0 0 0 0
1 0.4284540636 0.2796459227 0.2804770318 0.4251716738 0.4339664311 0.4788090129 2 0.2904151943 0.4801502146 2 0.5620583039 0.4774678112 2 0.4151943463 0.0697424893 2 0 0 0 0 0 0
1 0.4345229682 0.2602038627 0.2860070671 0.4265021459 0.4372791519 0.0643776824 2 0.2992491166 0.0630364807 2 0.5642667845 0.061695279 2 0.4494257951 0.4653969957 2 0 0 0 0 0 0
1 0.5874558304 0.260193133 0.2826855124 0.4184549356 0.5962897527 0.464055794 2 0.7252349823 0.4641459227 2 0.4496766784 0.4641459227 2 0.5841431095 0.0563304721 2 0 0 0 0 0 0
1 0.7613869258 0.2789699571 0.2749646643 0.4184549356 0.7597173145 0.4721030043 2 0.6273621908 0.4829227468 2 0.8933303887 0.4707618026 2 0.7464664311 0.0751072961 2 0 0 0 0 0 0
1 0.7299116608 0.2588626609 0.2782685512 0.4130901288 0.7232773852 0.061695279 2 0.8655300353 0.0575128755 2 0.5942756184 0.0575128755 2 0.7354240283 0.4560085837 2 0 0 0 0 0 0
