2 0.89375 0.26402 0.10422 0.1826 0.900746 0.179748 2 0.942908 0.179748 2 0.861546 0.17843 2 0.883946 0.345508 2 0.92545 0.349462 2 0.842112 0.345508 2
2 0.84383 0.2864 0.09862 0.18192 0.848412 0.200914 2 0.892438 0.19947 2 0.80619 0.198386 2 0.837224 0.369514 2 0.877642 0.369876 2 0.795724 0.370598 2
2 0.79771 0.26262 0.0949 0.18276 0.800776 0.180336 2 0.844082 0.177808 2 0.76072 0.17817 2 0.790672 0.345686 2 0.83109 0.348214 2 0.750976 0.347854 2
2 0.74917 0.28644 0.0931 0.1806 0.750616 0.204524 2 0.79356 0.203442 2 0.710558 0.203442 2 0.743758 0.370958 2 0.783816 0.373126 2 0.70262 0.372764 2
2 0.70144 0.26477 0.09472 0.17842 0.705146 0.182862 2 0.74809 0.18178 2 0.663644 0.181418 2 0.697568 0.345326 2 0.737264 0.348574 2 0.655344 0.34713 2
2 0.65571 0.28803 0.09022 0.1773 0.656066 0.208088 2 0.69901 0.207004 2 0.619798 0.205926 2 0.652096 0.371272 2 0.69035 0.37344 2 0.610596 0.371996 2
2 0.56224 0.2773 0.0848 0.17856 0.560976 0.197622 2 0.521462 0.19654 2 0.603198 0.194734 2 0.559894 0.360446 2 0.520558 0.362612 2 0.599952 0.36153 2
2 0.51478 0.29796 0.08624 0.17768 0.51244 0.218924 2 0.473826 0.218202 2 0.555022 0.215314 2 0.516408 0.379942 2 0.477796 0.383914 2 0.556826 0.381386 2
2 0.47112 0.27982 0.08624 0.17712 0.466248 0.201234 2 0.429078 0.20015 2 0.508108 0.197262 2 0.469856 0.36153 2 0.431964 0.36514 2 0.510634 0.363336 2
2 0.42411 0.30347 0.08534 0.17462 0.418612 0.225062 2 0.382164 0.2247 2 0.460474 0.22109 2 0.427634 0.38572 2 0.382164 0.387524 2 0.46697 0.387164 2
2 0.38136 0.28632 0.08716 0.17064 0.378916 0.210258 2 0.339582 0.208454 2 0.41753 0.20701 2 0.385412 0.366224 2 0.34716 0.369472 2 0.423304 0.366224 2
2 0.33614 0.3106 0.08552 0.1748 0.333086 0.230838 2 0.295554 0.229754 2 0.373504 0.226506 2 0.341024 0.38933 2 0.304216 0.392578 2 0.379638 0.388968 2
2 0.34644 0.47241 0.0866 0.1685 0.34716 0.546284 2 0.38902 0.548088 2 0.30999 0.551338 2 0.337776 0.396456 2 0.377474 0.392484 2 0.303854 0.39429 2
2 0.38576 0.45084 0.0866 0.16724 0.393712 0.526066 2 0.429078 0.526788 2 0.356542 0.529314 2 0.38469 0.376238 2 0.422942 0.372628 2 0.345356 0.374434 2
2 0.42763 0.46969 0.09022 0.16958 0.432686 0.545562 2 0.472022 0.545562 2 0.393712 0.549172 2 0.424748 0.393206 2 0.465886 0.389236 2 0.383608 0.389958 2
2 0.47319 0.4503 0.08282 0.16616 0.47563 0.52426 2 0.514244 0.525344 2 0.437738 0.526788 2 0.4713 0.375516 2 0.513522 0.371906 2 0.433048 0.372628 2
2 0.51766 0.46689 0.08552 0.16542 0.518214 0.541952 2 0.55863 0.544116 2 0.480322 0.545922 2 0.514966 0.392484 2 0.555384 0.389596 2 0.47527 0.389236 2
2 0.56422 0.44967 0.0848 0.16634 0.561518 0.524622 2 0.600132 0.526788 2 0.523988 0.526066 2 0.564044 0.374434 2 0.605184 0.371184 2 0.524348 0.371184 2
2 0.65048 0.45959 0.08408 0.1703 0.649572 0.383106 2 0.691432 0.380216 2 0.6124 0.382022 2 0.648128 0.534738 2 0.687462 0.537626 2 0.609514 0.537264 2
2 0.69613 0.43694 0.08878 0.16904 0.691794 0.512714 2 0.73149 0.515242 2 0.652458 0.515242 2 0.695762 0.36036 2 0.739068 0.358916 2 0.655344 0.357472 2
2 0.74015 0.45968 0.09022 0.16904 0.73582 0.533654 2 0.775516 0.538708 2 0.695762 0.537986 2 0.740872 0.382744 2 0.784176 0.379856 2 0.701536 0.378772 2
2 0.78707 0.43712 0.0931 0.17084 0.78129 0.513798 2 0.819904 0.517048 2 0.741594 0.51488 2 0.789228 0.35711 2 0.831812 0.356388 2 0.749532 0.356388 2
2 0.829 0.45845 0.09508 0.17062 0.832534 0.379134 2 0.876198 0.37805 2 0.793198 0.37805 2 0.824594 0.534376 2 0.863208 0.537626 2 0.783094 0.536904 2
2 0.87836 0.4376 0.09888 0.17332 0.887386 0.358916 2 0.846246 0.353862 2 0.927442 0.36036 2 0.86826 0.515602 2 0.828564 0.517408 2 0.907956 0.521018 2
2 0.62608 0.62956 0.08224 0.16424 0.627658 0.555628 2 0.66684 0.55378 2 0.587736 0.55415 2 0.62581 0.70318 2 0.663884 0.70429 2 0.586258 0.70392 2
2 0.67008 0.65035 0.08372 0.16258 0.671646 0.576338 2 0.711568 0.575228 2 0.630986 0.574488 2 0.66832 0.72315 2 0.706024 0.726478 2 0.628028 0.726848 2
2 0.71675 0.62893 0.08946 0.16406 0.71933 0.555998 2 0.759992 0.55378 2 0.67793 0.55156 2 0.713046 0.700592 2 0.752598 0.70466 2 0.672016 0.702442 2
2 0.75907 0.6524 0.08982 0.16444 0.762948 0.577446 2 0.801762 0.576706 2 0.723026 0.574118 2 0.755556 0.72426 2 0.794738 0.729438 2 0.716004 0.727958 2
2 0.80462 0.62852 0.08852 0.165 0.798804 0.70392 2 0.7611 0.70392 2 0.839096 0.70651 2 0.807676 0.555628 2 0.766276 0.55119 2 0.847966 0.55267 2
2 0.84593 0.64953 0.0913 0.16426 0.849446 0.574488 2 0.890846 0.57153 2 0.810632 0.57042 2 0.842422 0.72278 2 0.879386 0.72537 2 0.8025 0.726478 2
2 0.62331 0.78389 0.08114 0.1491 0.623962 0.716076 2 0.663144 0.714226 2 0.5833 0.712748 2 0.623962 0.849946 2 0.658338 0.853644 2 0.585888 0.853644 2
2 0.66591 0.80314 0.0839 0.14764 0.66684 0.735306 2 0.706392 0.734196 2 0.629136 0.733086 2 0.663514 0.869176 2 0.700848 0.872134 2 0.62655 0.869546 2
2 0.70879 0.78474 0.08686 0.15188 0.70935 0.714966 2 0.749272 0.713488 2 0.672754 0.712748 2 0.706024 0.851424 2 0.744096 0.855124 2 0.66684 0.853644 2
2 0.74779 0.80309 0.08946 0.14962 0.745944 0.870654 2 0.78217 0.873614 2 0.704914 0.871394 2 0.753708 0.735306 2 0.79252 0.735676 2 0.716374 0.732348 2
2 0.794 0.78581 0.08872 0.15426 0.789932 0.853274 2 0.827266 0.856602 2 0.75038 0.855124 2 0.798434 0.714966 2 0.837616 0.714966 2 0.76036 0.712748 2
2 0.83559 0.80346 0.08982 0.14888 0.830964 0.869176 2 0.86571 0.873244 2 0.79289 0.871024 2 0.839096 0.734566 2 0.878278 0.731978 2 0.801392 0.731608 2
2 0.33305 0.63306 0.0839 0.15792 0.331388 0.561886 2 0.367612 0.558558 2 0.291836 0.561146 2 0.33841 0.70389 2 0.372788 0.70574 2 0.302186 0.70685 2
2 0.3749 0.65045 0.08224 0.15498 0.375376 0.581856 2 0.41308 0.577788 2 0.335454 0.577788 2 0.377962 0.720902 2 0.414928 0.723492 2 0.342108 0.723492 2
2 0.41438 0.63472 0.08244 0.15904 0.415296 0.562256 2 0.45448 0.558928 2 0.375376 0.559668 2 0.418254 0.70722 2 0.454848 0.70833 2 0.381658 0.708698 2
2 0.45734 0.65687 0.08816 0.15966 0.457436 0.728668 2 0.49588 0.730888 2 0.420842 0.730888 2 0.457806 0.583704 2 0.500316 0.581116 2 0.415666 0.581486 2
2 0.49772 0.63453 0.0828 0.1631 0.498098 0.561516 2 0.538388 0.558188 2 0.457436 0.559298 2 0.499946 0.70648 2 0.53728 0.709808 2 0.458176 0.710548 2
2 0.5442 0.65137 0.07928 0.16126 0.542824 0.578158 2 0.582746 0.575568 2 0.50549 0.575938 2 0.545042 0.72386 2 0.582006 0.72608 2 0.507338 0.72756 2
2 0.3397 0.7841 0.08612 0.14728 0.337672 0.717204 2 0.377594 0.714246 2 0.29812 0.713136 2 0.344324 0.851814 2 0.38129 0.853294 2 0.309948 0.853664 2
2 0.38296 0.80073 0.07948 0.14506 0.382028 0.733106 2 0.41234 0.730888 2 0.345064 0.731996 2 0.384986 0.866976 2 0.420842 0.867346 2 0.348392 0.868826 2
2 0.41808 0.78743 0.07652 0.1495 0.416776 0.718684 2 0.454848 0.716834 2 0.38129 0.717204 2 0.420102 0.853664 2 0.455218 0.857362 2 0.382398 0.856992 2
2 0.45984 0.80837 0.07356 0.14462 0.461132 0.872524 2 0.49588 0.874742 2 0.423798 0.873632 2 0.460334 0.742262 2 0.49551 0.739394 2 0.426386 0.738284 2
2 0.50106 0.78693 0.07836 0.15202 0.499946 0.853664 2 0.53654 0.85773 2 0.462242 0.854772 2 0.501424 0.717574 2 0.538388 0.715726 2 0.46483 0.715726 2
2 0.54376 0.80116 0.07948 0.14572 0.543564 0.866236 2 0.57905 0.868826 2 0.50586 0.867716 2 0.544304 0.733846 2 0.582746 0.732736 2 0.509186 0.732366 2
2 0.06433 0.63879 0.08318 0.14722 0.05748 0.571514 2 0.093706 0.568924 2 0.024952 0.571144 2 0.070048 0.704274 2 0.104424 0.706492 2 0.035302 0.709822 2
2 0.07466 0.77929 0.09056 0.13766 0.0682 0.717216 2 0.105164 0.713888 2 0.032344 0.716848 2 0.082986 0.843322 2 0.117732 0.8448 2 0.052674 0.8448 2
2 0.10535 0.61911 0.08538 0.14666 0.09888 0.552654 2 0.134736 0.550434 2 0.063394 0.551544 2 0.1096 0.686894 2 0.145086 0.686894 2 0.076332 0.689482 2
2 0.11635 0.76081 0.0841 0.14062 0.111448 0.696878 2 0.146194 0.694288 2 0.075962 0.695028 2 0.122538 0.823722 2 0.157284 0.823722 2 0.0889 0.82668 2
2 0.15784 0.77763 0.07948 0.13434 0.152848 0.714998 2 0.186486 0.713888 2 0.12069 0.71352 2 0.163568 0.838884 2 0.197206 0.841102 2 0.132888 0.841472 2
2 0.14602 0.63678 0.08244 0.1476 0.141758 0.572622 2 0.175028 0.569294 2 0.105904 0.570404 2 0.149522 0.702424 2 0.185746 0.706492 2 0.117362 0.707602 2
2 0.1813 0.61911 0.07984 0.14666 0.178354 0.552284 2 0.216058 0.550804 2 0.143238 0.550804 2 0.186856 0.685414 2 0.220864 0.687632 2 0.15063 0.689112 2
2 0.21975 0.63714 0.0791 0.14832 0.216428 0.569294 2 0.25524 0.567816 2 0.181312 0.568554 2 0.223082 0.703534 2 0.257828 0.707972 2 0.188704 0.707972 2
2 0.25876 0.61938 0.07948 0.14832 0.256718 0.551914 2 0.292574 0.549326 2 0.219384 0.548956 2 0.260416 0.687632 2 0.29701 0.689482 2 0.228256 0.689482 2
2 0.19054 0.76096 0.07392 0.13852 0.198314 0.822612 2 0.22493 0.82483 2 0.163198 0.8252 2 0.190182 0.696878 2 0.22419 0.695768 2 0.154696 0.695398 2
2 0.2265 0.78032 0.0804 0.1386 0.220864 0.717586 2 0.25524 0.714998 2 0.187964 0.716108 2 0.229366 0.8448 2 0.26522 0.84517 2 0.196466 0.84702 2
2 0.26227 0.76428 0.07762 0.14296 0.2667 0.82742 2 0.231582 0.830378 2 0.299968 0.829638 2 0.262634 0.698726 2 0.225668 0.697988 2 0.29812 0.698726 2
