3 0.8346634615 0.8266466346 0.2350480769 0.2964663462 0.8152115385 0.9491466346 2 0.7398076923 0.7334783654 2 0.9433461538 0.8220673077 2 0 0 0 0 0 0 0 0 0
3 0.8388942308 0.8103125 0.2350480769 0.2574519231 0.8204855769 0.9138173077 2 0.7340072115 0.6960408654 2 0.9465096154 0.7703918269 2 0 0 0 0 0 0 0 0 0
3 0.8499519231 0.78078125 0.2350480769 0.2363701923 0.8305024038 0.87690625 2 0.7424447115 0.6781129808 2 0.9517836538 0.7108052885 2 0 0 0 0 0 0 0 0 0
3 0.8557692308 0.7412379808 0.2350480769 0.2363701923 0.8363028846 0.8373581731 2 0.7482427885 0.6385649038 2 0.9575841346 0.6712572115 2 0 0 0 0 0 0 0 0 0
3 0.8547115385 0.6969350962 0.2350480769 0.2363701923 0.83525 0.7930649038 2 0.7471899038 0.5942716346 2 0.9565288462 0.6269639423 2 0 0 0 0 0 0 0 0 0
3 0.8631490385 0.6547475962 0.2350480769 0.2363701923 0.8436850962 0.7508798077 2 0.7556274038 0.5520865385 2 0.9649663462 0.5847788462 2 0 0 0 0 0 0 0 0 0
3 0.8684134615 0.6254807692 0.2350480769 0.2105288462 0.8489591346 0.7086947115 2 0.7561538462 0.5309951923 2 0.9639110577 0.5341586538 2 0 0 0 0 0 0 0 0 0
3 0.8582211538 0.5988942308 0.1865384615 0.1608173077 0.8630216346 0.6572475962 2 0.7827091346 0.5214206731 2 0.9428341346 0.5225769231 2 0 0 0 0 0 0 0 0 0
3 0.8183052885 0.1309134615 0.3633894231 0.2618269231 0.8917067308 0.2215745192 2 0.6822908654 0 2 1 0.1080865385 2 0 0 0 0 0 0 0 0 0
3 0.7740384615 0.1826923077 0.4519230769 0.3653846154 0.9011634615 0.3283100962 2 0.5985240385 0 2 1 0.21346875 2 0 0 0 0 0 0 0 0 0
3 0.7642548077 0.2606129808 0.4714903846 0.4266586538 0.9011634615 0.4350456731 2 0.5566418269 0.0729591346 2 1 0.3202043269 2 0 0 0 0 0 0 0 0 0
3 0.7757451923 0.3984134615 0.4485096154 0.3969230769 0.9362932692 0.5742043269 1 0.5701514423 0.2161706731 2 1 0.5066514423 2 0 0 0 0 0 0 0 0 0
3 0.2950120192 0.6225360577 0.1450240385 0.1308894231 0.2935456731 0.5685384615 2 0.2287548077 0.6669639423 2 0.3609903846 0.6717884615 2 0 0 0 0 0 0 0 0 0
3 0.4151802885 0.6283413462 0.1054567308 0.1386057692 0.4344663462 0.5733653846 2 0.3696778846 0.6717884615 2 0.5019110577 0.6766153846 1 0 0 0 0 0 0 0 0 0
3 0.1574879808 0.5709014423 0.1421394231 0.1029086538 0.1574495192 0.5029038462 1 0.0926610577 0.6013293269 2 0.2248942308 0.6129110577 2 0 0 0 0 0 0 0 0 0
3 0.2959855769 0.5781490385 0.1508173077 0.1135096154 0.2916153846 0.5154519231 1 0.2268245192 0.613875 2 0.3590600962 0.6254591346 2 0 0 0 0 0 0 0 0 0
3 0.4180769231 0.5762019231 0.0996634615 0.1135096154 0.4392932692 0.5135216346 1 0.3745024038 0.6119447115 2 0.5067379808 0.6235288462 1 0 0 0 0 0 0 0 0 0
3 0.23421875 0.5878004808 0.1450240385 0.1308894231 0.2327379808 0.6418052885 2 0.1679471154 0.5433822115 2 0.3001826923 0.5385552885 2 0 0 0 0 0 0 0 0 0
3 0.36546875 0.6013100962 0.1450240385 0.1308894231 0.3640048077 0.6553173077 2 0.2992163462 0.5568942308 2 0.4314495192 0.5520697115 2 0 0 0 0 0 0 0 0 0
3 0.3732091346 0.5713822115 0.1450240385 0.1057932692 0.3717283654 0.6128485577 2 0.3069375 0.5144254808 1 0.4391730769 0.5095985577 1 0 0 0 0 0 0 0 0 0
3 0.2255168269 0.5627043269 0.1450240385 0.0903605769 0.2240504808 0.5964399038 2 0.1592596154 0.4980168269 1 0.2914951923 0.4931899038 1 0 0 0 0 0 0 0 0 0
