1 0.0854079383 0.7375465839 0.1443550165 0.4662732919 0.0819228225 0.946121118 2 0.0150529217 0.9648074534 2 0.1490683572 0.9320093168 2 0.053862183 0.5072204969 2 0 0 0 0 0 0
1 0.1640848953 0.7380279503 0.1363285557 0.4559937888 0.1641003308 0.9489440994 2 0.0976416759 0.9602795031 2 0.2312458655 0.9348322981 2 0.1365413451 0.5185124224 2 0 0 0 0 0 0
1 0.2551102536 0.7471273292 0.1276405733 0.4036335404 0.2482822492 0.9249534161 2 0.1929018743 0.9438602484 2 0.313923925 0.9066086957 2 0.2262348401 0.5439130435 2 0 0 0 0 0 0
1 0.3385942668 0.7473913043 0.138401323 0.428136646 0.3363936053 0.9450031056 2 0.2711345094 0.9560714286 2 0.4077916207 0.9372670807 2 0.3166218302 0.5348664596 2 0 0 0 0 0 0
1 0.4209702315 0.7473913043 0.1351047409 0.428136646 0.4182271224 0.9388136646 2 0.3551223815 0.9560714286 2 0.4857805954 0.920242236 2 0.4039470783 0.5379627329 2 0 0 0 0 0 0
1 0.5017034179 0.7199223602 0.138401323 0.4691614907 0.5006097023 0.9403602484 2 0.4342513782 0.9485931677 2 0.5687122381 0.9295279503 2 0.4901742007 0.5132018634 2 0 0 0 0 0 0
1 0.5839581036 0.7427484472 0.1397794928 0.4374223602 0.5835402426 0.9480993789 2 0.5158269019 0.9559534161 2 0.6527420066 0.9388136646 2 0.583154355 0.5295496894 2 0 0 0 0 0 0
1 0.6751267916 0.7477795031 0.1441675854 0.4320186335 0.6736119074 0.9434565217 2 0.6048544653 0.9583416149 2 0.74446086 0.9295279503 2 0.6703164278 0.5302236025 2 0 0 0 0 0 0
1 0.7603858875 0.7481521739 0.1416979052 0.4358695652 0.7592888644 0.952742236 2 0.6913252481 0.9606149068 2 0.8284906284 0.946552795 2 0.7647816979 0.5302236025 2 0 0 0 0 0 0
1 0.8468853363 0.7504968944 0.1433406836 0.4498136646 0.8438687982 0.9589347826 2 0.7770231533 0.9697204969 2 0.9169140022 0.9535186335 2 0.8543031974 0.5271304348 2 0 0 0 0 0 0
1 0.9283351709 0.7562111801 0.1433296582 0.4254658385 0.9273285557 0.9653819876 2 0.8585799338 0.9653819876 2 0.9981951488 0.9653819876 2 0.9635975744 0.5480248447 2 0 0 0 0 0 0
1 0.8196968026 0.2731677019 0.1548732084 0.4808695652 0.8197023153 0.5047888199 2 0.744216097 0.5075465839 2 0.8951896362 0.5075465839 2 0.8515567806 0.0342950311 2 0 0 0 0 0 0
1 0.73676957 0.2754968944 0.1537816979 0.4947826087 0.7334762955 0.5109813665 2 0.6618202867 0.5166521739 2 0.8114641676 0.5001459627 2 0.7400661521 0.0296521739 2 0 0 0 0 0 0
1 0.6516482911 0.2646583851 0.1515876516 0.4978881988 0.6510937155 0.4939565217 2 0.5758511577 0.5078850932 2 0.7252381477 0.483121118 2 0.6461510474 0.0110776398 2 0 0 0 0 0 0
1 0.5604685777 0.2522981366 0.1504851158 0.4855279503 0.5588257993 0.483121118 2 0.4868787211 0.4908602484 2 0.6340683572 0.4738354037 2 0.5533340684 0.007984472 2 0 0 0 0 0 0
1 0.1046251378 0.2513975155 0.1449944873 0.5027950311 0.1038015436 0.4754440994 2 0.0335016538 0.4893726708 2 0.1762976847 0.4630621118 2 0.0735953693 0 2 0 0 0 0 0 0
1 0.1918081588 0.2405590062 0.1447188534 0.4811180124 0.1905777288 0.4661583851 2 0.120277839 0.4723478261 2 0.2625248071 0.4599689441 2 0.1697067255 0 2 0 0 0 0 0 0
1 0.2759812569 0.297189441 0.1499338479 0.5071118012 0.2762546858 0.5327049689 2 0.2032094818 0.5419906832 2 0.3476527012 0.5280621118 2 0.2625248071 0.043636646 2 0 0 0 0 0 0
1 0.3922767365 0.2991149068 0.1485667034 0.517173913 0.3896681367 0.5342329193 2 0.3215656009 0.551257764 2 0.4649095921 0.5187546584 2 0.3731918412 0.0529037267 2 0 0 0 0 0 0
