3 0.6057692308 0.8533052885 0.3269230769 0.2311778846 0.6164543269 0.9539206731 2 0.4497860577 0.7508413462 2 0.7617524038 0.7647355769 2 0 0 0 0 0 0 0 0 0
3 0.7638942308 0.8853004808 0.3034134615 0.2176201923 0.7692307692 0.8000072115 2 0.6207259615 0.9849182692 2 0.9049158654 0.9774350962 2 0 0 0 0 0 0 0 0 0
3 0.7743028846 0.7840625 0.3082211538 0.2182211538 0.7777788462 0.7006057692 2 0.6292740385 0.8748269231 2 0.9155985577 0.8801706731 2 0 0 0 0 0 0 0 0 0
3 0.751875 0.7041947115 0.3082211538 0.2081009615 0.7574783654 0.6150985577 2 0.6089735577 0.7978701923 2 0.8910264423 0.8010769231 2 0 0 0 0 0 0 0 0 0
3 0.2409134615 0.8829086538 0.30875 0.2192307692 0.2467956731 0.7903870192 2 0.0982908654 0.9827788462 2 0.3814110577 0.9603341346 2 0 0 0 0 0 0 0 0 0
3 0.1989783654 0.7052403846 0.3050240385 0.2123557692 0.2051274038 0.6108221154 2 0.0576923077 0.8010769231 2 0.3397427885 0.7914567308 2 0 0 0 0 0 0 0 0 0
3 0.3160456731 0.5095552885 0.1508413462 0.1087259615 0.3137235577 0.4564158654 2 0.2489447115 0.5594927885 2 0.3828245192 0.56134375 2 0 0 0 0 0 0 0 0 0
3 0.3198918269 0.46265625 0.1530048077 0.1186298077 0.3180432692 0.4088894231 2 0.2458581731 0.5131995192 2 0.3883774038 0.5193725962 2 0 0 0 0 0 0 0 0 0
3 0.3266826923 0.4163701923 0.1480769231 0.1137019231 0.3266802885 0.3650649038 2 0.2575817308 0.4625865385 2 0.3945456731 0.4681418269 2 0 0 0 0 0 0 0 0 0
3 0.3280769231 0.3688581731 0.1489903846 0.1137259615 0.3291490385 0.3169206731 2 0.2581971154 0.4156778846 2 0.3951634615 0.4199975962 2 0 0 0 0 0 0 0 0 0
3 0.3228365385 0.3150120192 0.1533173077 0.1208413462 0.3223629808 0.2644567308 2 0.2514110577 0.3638293269 2 0.3926947115 0.3706201923 2 0 0 0 0 0 0 0 0 0
3 0.3282211538 0.2708774038 0.1511538462 0.1140625 0.3291490385 0.2206346154 2 0.2581971154 0.3200072115 2 0.3970144231 0.32309375 2 0 0 0 0 0 0 0 0 0
3 0.3280769231 0.21796875 0.1489903846 0.1181009615 0.3297644231 0.1687860577 2 0.2581971154 0.2669254808 2 0.3951634615 0.2718629808 2 0 0 0 0 0 0 0 0 0
3 0.3228365385 0.168125 0.1502403846 0.1159615385 0.3260649038 0.1181730769 2 0.39084375 0.2181658654 2 0.2532620192 0.2156947115 2 0 0 0 0 0 0 0 0 0
3 0.3271394231 0.1218629808 0.1489903846 0.1122836538 0.3303822115 0.0755841346 2 0.3976322115 0.1731081731 2 0.2588149038 0.1700216346 2 0 0 0 0 0 0 0 0 0
3 0.3269951923 0.0703485577 0.1511538462 0.1190625 0.3297644231 0.0243942308 2 0.39578125 0.1237692308 2 0.2563461538 0.1182139423 2 0 0 0 0 0 0 0 0 0
3 0.2600480769 0.0549399038 0.1480769231 0.1055528846 0.2551129808 0.1009302885 2 0.1934182692 0.0046442308 2 0.3291490385 0.0052596154 2 0 0 0 0 0 0 0 0 0
3 0.2563461538 0.1015384615 0.1480769231 0.1173076923 0.2507956731 0.1515432692 2 0.1878653846 0.0527884615 2 0.3254471154 0.0534038462 2 0 0 0 0 0 0 0 0 0
3 0.2554206731 0.1570793269 0.1499278846 0.1136298077 0.2483269231 0.20215625 2 0.1860144231 0.1071033654 2 0.3235961538 0.1083389423 2 0 0 0 0 0 0 0 0 0
3 0.2520192308 0.2052163462 0.1542307692 0.1173557692 0.2477091346 0.2546201923 2 0.1786105769 0.1515432692 2 0.3272980769 0.1521610577 2 0 0 0 0 0 0 0 0 0
3 0.2526442308 0.2561057692 0.1480769231 0.1118269231 0.2452427885 0.3058509615 2 0.1835456731 0.2040096154 2 0.3211274038 0.2101802885 2 0 0 0 0 0 0 0 0 0
3 0.2532572115 0.3040985577 0.1456009615 0.1133894231 0.24709375 0.3502908654 2 0.1847788462 0.2546201923 2 0.3211274038 0.2552379808 2 0 0 0 0 0 0 0 0 0
3 0.2504807692 0.3529927885 0.1474519231 0.1168028846 0.2464759615 0.4021394231 2 0.1804615385 0.30153125 2 0.3211274038 0.3046177885 2 0 0 0 0 0 0 0 0 0
3 0.2507932692 0.40328125 0.1480769231 0.1174278846 0.2458581731 0.4515168269 2 0.1823125 0.3521442308 2 0.3180432692 0.3558461538 2 0 0 0 0 0 0 0 0 0
3 0.2444831731 0.4559134615 0.1446875 0.1171634615 0.2427740385 0.5070673077 2 0.1767596154 0.4021394231 2 0.3137235577 0.4076947115 1 0 0 0 0 0 0 0 0 0
3 0.2478725962 0.4973918269 0.1440625 0.1131490385 0.2440072115 0.54471875 2 0.1804615385 0.4447283654 2 0.3149591346 0.4564543269 1 0 0 0 0 0 0 0 0 0
3 0.1764423077 0.0603125 0.14375 0.120625 0.17984375 0.0133245192 2 0.1058076923 0.1089951923 2 0.2427740385 0.1176370192 2 0 0 0 0 0 0 0 0 0
3 0.1782932692 0.1180408654 0.14375 0.1156009615 0.1823125 0.0725793269 2 0.1113605769 0.1694831731 2 0.244625 0.1713365385 2 0 0 0 0 0 0 0 0 0
3 0.1708894231 0.1677163462 0.14375 0.11125 0.1718245192 0.1164014423 2 0.1039567308 0.2102211538 2 0.2378389423 0.2157764423 2 0 0 0 0 0 0 0 0 0
3 0.1766105769 0.2180048077 0.1422115385 0.1130769231 0.1804615385 0.1676322115 2 0.1107451923 0.2645360577 2 0.2409230769 0.2694759615 2 0 0 0 0 0 0 0 0 0
3 0.1821634615 0.2678485577 0.1422115385 0.1127644231 0.1835456731 0.2194783654 2 0.1125961538 0.3132980769 2 0.2489447115 0.3207043269 2 0 0 0 0 0 0 0 0 0
3 0.1736658654 0.3113341346 0.1418990385 0.1145913462 0.1749086538 0.2620673077 2 0.1039567308 0.3571225962 2 0.2384543269 0.3645288462 2 0 0 0 0 0 0 0 0 0
3 0.1750721154 0.3642427885 0.1428365385 0.1142548077 0.1761418269 0.3176201923 2 0.1088942308 0.4126730769 2 0.2415408654 0.4157596154 2 0 0 0 0 0 0 0 0 0
3 0.1781490385 0.4153245192 0.1415865385 0.1139182692 0.1767596154 0.3663798077 2 0.1113605769 0.4632836538 2 0.2427740385 0.4669879808 2 0 0 0 0 0 0 0 0 0
3 0.16796875 0.4999879808 0.1434375 0.1130048077 0.1675048077 0.4490480769 2 0.1021081731 0.5490384615 2 0.2329038462 0.5508918269 2 0 0 0 0 0 0 0 0 0
3 0.1115144231 0.0987620192 0.1415865385 0.1117548077 0.1076586538 0.1447548077 2 0.0465817308 0.0490865385 2 0.1816947115 0.0509350962 2 0 0 0 0 0 0 0 0 0
3 0.1125841346 0.1465865385 0.1418990385 0.1111538462 0.1039567308 0.1928990385 2 0.0465817308 0.0972283654 2 0.1767596154 0.0978461538 2 0 0 0 0 0 0 0 0 0
3 0.1173798077 0.2061418269 0.1348076923 0.1081009615 0.1125961538 0.2490673077 2 0.05275 0.1583365385 2 0.1792259615 0.1638894231 1 0 0 0 0 0 0 0 0 0
3 0.1099759615 0.2496274038 0.1385096154 0.1099759615 0.1045745192 0.29659375 2 0.0447307692 0.2009230769 2 0.1755264423 0.2052451923 2 0 0 0 0 0 0 0 0 0
3 0.1090504808 0.2940504808 0.1403605769 0.1025721154 0.1027235577 0.3453557692 2 0.0459639423 0.2496850962 2 0.1749086538 0.2533894231 1 0 0 0 0 0 0 0 0 0
3 0.1088822115 0.3452764423 0.1418990385 0.1124759615 0.1027235577 0.3922644231 2 0.0416442308 0.2947427885 2 0.1749086538 0.2978293269 2 0 0 0 0 0 0 0 0 0
3 0.1113461538 0.3972836538 0.1394230769 0.1183653846 0.1045745192 0.4434951923 2 0.0459639423 0.3422692308 2 0.1786105769 0.3472067308 2 0 0 0 0 0 0 0 0 0
3 0.1107331731 0.4455649038 0.1418990385 0.1131490385 0.1039567308 0.4910216346 2 0.0434951923 0.3947331731 2 0.1749086538 0.3953509615 2 0 0 0 0 0 0 0 0 0
3 0.1024038462 0.4822836538 0.1474519231 0.11625 0.1002548077 0.52990625 2 0.0342403846 0.4336201923 2 0.1705889423 0.4336201923 2 0 0 0 0 0 0 0 0 0
