1 0.373046875 0.4739609375 0.29296875 0.278640625 0.3697921875 0.3424484375 2 0.2302546875 0.3381484375 2 0.5091140625 0.3450515625 2 0.375 0.6106765625 2 0 0 0 0 0 0
1 0.3632890625 0.4960859375 0.268234375 0.286453125 0.3658859375 0.625 2 0.2317703125 0.6263015625 2 0.4921875 0.6236984375 2 0.3515625 0.3567703125 2 0 0 0 0 0 0
1 0.6764375 0.4798203125 0.29296875 0.287765625 0.671875 0.3450515625 2 0.8192234375 0.3395640625 2 0.53515625 0.34765625 2 0.6653640625 0.61328125 2 0 0 0 0 0 0
1 0.6822890625 0.4954375 0.270828125 0.28515625 0.6770828125 0.625 2 0.8020828125 0.6276046875 2 0.55078125 0.6276046875 2 0.6888015625 0.359375 2 0 0 0 0 0 0
1 0.5162734375 0.4837265625 0.266921875 0.282546875 0.51953125 0.6158859375 2 0.646375 0.6214390625 2 0.38671875 0.6184890625 2 0.5208328125 0.3528640625 2 0 0 0 0 0 0
1 0.3671953125 0.811203125 0.260421875 0.234375 0.3684890625 0.7083328125 2 0.2421875 0.70703125 2 0.4895828125 0.7083328125 2 0.3776046875 0.9231765625 2 0 0 0 0 0 0
1 0.365890625 0.831375 0.2421875 0.23828125 0.3684890625 0.9388015625 2 0.2513015625 0.9401046875 2 0.4791671875 0.9388015625 2 0.3567703125 0.7200515625 2 0 0 0 0 0 0
1 0.6451875 0.8105390625 0.26171875 0.235671875 0.63671875 0.7057296875 2 0.76171875 0.7057296875 2 0.5182296875 0.7057296875 2 0.6302078125 0.9244796875 2 0 0 0 0 0 0
1 0.6556015625 0.8281171875 0.256515625 0.231765625 0.6510421875 0.9361984375 2 0.7708328125 0.9348953125 2 0.5286453125 0.9348953125 2 0.6570640625 0.7151609375 2 0 0 0 0 0 0
1 0.5110703125 0.8229140625 0.256515625 0.231765625 0.5065109375 0.9309890625 2 0.6263015625 0.9296875 2 0.3841140625 0.9296875 2 0.5026046875 0.71484375 2 0 0 0 0 0 0
