1 0.1412734375 0.2545546875 0.279953125 0.436203125 0.1223953125 0.0520828125 2 0.0052078125 0.0625 2 0.277721875 0.04195625 2 0.1549484375 0.4596359375 2 0 0 0 0 0 0
1 0.1764296875 0.2884140625 0.298171875 0.446609375 0.1770828125 0.4869796875 2 0.031103125 0.5060890625 2 0.3151046875 0.4765625 2 0.1510421875 0.07421875 2 0 0 0 0 0 0
1 0.3326875 0.2845078125 0.29296875 0.446609375 0.3372390625 0.4947921875 2 0.189890625 0.5021828125 2 0.47265625 0.4921875 2 0.3203125 0.0729171875 2 0 0 0 0 0 0
1 0.305984375 0.2532578125 0.296875 0.428390625 0.3020828125 0.05859375 2 0.450684375 0.0444625 2 0.1653640625 0.0729171875 2 0.3255203125 0.45703125 2 0 0 0 0 0 0
1 0.462921875 0.2352890625 0.30759375 0.447609375 0.4629171875 0.03060625 2 0.3137125 0.0420828125 2 0.6098265625 0.01989375 2 0.4866375 0.4476140625 2 0 0 0 0 0 0
1 0.1453828125 0.7288125 0.275453125 0.42925 0.132371875 0.5356078125 2 0.0122421875 0.5440234375 2 0.278515625 0.5256609375 2 0.1537953125 0.936546875 2 0 0 0 0 0 0
1 0.1756015625 0.7544453125 0.303765625 0.428484375 0.1836375 0.948790625 2 0.3228953125 0.93195625 2 0.0359625 0.9617984375 2 0.157621875 0.5455546875 2 0 0 0 0 0 0
1 0.3098828125 0.7395234375 0.287703125 0.409359375 0.3014703125 0.5501453125 2 0.172159375 0.5600921875 2 0.450109375 0.5400015625 2 0.330546875 0.93884375 2 0 0 0 0 0 0
1 0.346609375 0.778171875 0.30146875 0.41778125 0.34585 0.9763359375 2 0.49199375 0.9709796875 2 0.1996796875 0.98178125 2 0.330546875 0.572334375 2 0 0 0 0 0 0
1 0.5046171875 0.7429609375 0.293046875 0.440734375 0.505765625 0.948025 2 0.3611515625 0.95338125 2 0.6411984375 0.9403734375 2 0.480515625 0.5294859375 2 0 0 0 0 0 0
1 0.4648359375 0.7115859375 0.303765625 0.431546875 0.4590921875 0.51724375 2 0.319834375 0.5256609375 2 0.612884375 0.501259375 2 0.4866375 0.922009375 2 0 0 0 0 0 0
1 0.6239765625 0.7226875 0.256328125 0.423125 0.6090625 0.526425 2 0.501940625 0.5302515625 2 0.746025 0.5226 2 0.6419640625 0.922775 2 0 0 0 0 0 0
1 0.6534453125 0.7479375 0.276984375 0.423125 0.6664484375 0.948025 2 0.7858125 0.938078125 2 0.5184390625 0.95416875 2 0.638903125 0.53866875 2 0 0 0 0 0 0
1 0.824828125 0.702796875 0.303 0.42159375 0.821775 0.8990546875 2 0.967153125 0.8906390625 2 0.6771546875 0.908278125 2 0.79499375 0.49581875 2 0 0 0 0 0 0
1 0.7816015625 0.6787109375 0.299171875 0.422390625 0.7674484375 0.484371875 2 0.6381375 0.491259375 2 0.9274203125 0.4728328125 2 0.7873421875 0.8837828125 2 0 0 0 0 0 0
1 0.6453984375 0.2410234375 0.299171875 0.433078125 0.6312515625 0.0336671875 2 0.4996453125 0.03443125 2 0.7912234375 0.02994375 2 0.6465546875 0.4491453125 2 0 0 0 0 0 0
1 0.4984921875 0.265125 0.303765625 0.43690625 0.4981140625 0.4598578125 2 0.350440625 0.47056875 2 0.637371875 0.45220625 2 0.475925 0.0543265625 2 0 0 0 0 0 0
1 0.65803125 0.2693359375 0.3060625 0.437671875 0.66874375 0.4728640625 2 0.508859375 0.4826515625 2 0.8041765625 0.465978125 2 0.644259375 0.0573859375 2 0 0 0 0 0 0
1 0.8336328125 0.2433203125 0.299171875 0.439203125 0.8278953125 0.446084375 2 0.6878734375 0.449909375 2 0.977865625 0.4491453125 2 0.8141234375 0.029840625 2 0 0 0 0 0 0
1 0.808390625 0.2234296875 0.32978125 0.425421875 0.7980546875 0.01606875 2 0.6476515625 0.016075 2 0.96911875 0.016075 2 0.8065015625 0.430775 2 0 0 0 0 0 0
