1 0.265625 0.70378125 0.3515625 0.45703125 0.2682296875 0.4947921875 2 0.0989578125 0.5 2 0.4322921875 0.4895828125 2 0.2565109375 0.9231765625 2 0 0 0 0 0 0
1 0.4778671875 0.71809375 0.348953125 0.42578125 0.4674484375 0.5299484375 2 0.3046875 0.5416671875 2 0.64453125 0.5169265625 2 0.47265625 0.921875 2 0 0 0 0 0 0
1 0.70246875 0.7011796875 0.37109375 0.444015625 0.6966140625 0.49609375 2 0.5325515625 0.5091140625 2 0.88334375 0.4847640625 2 0.7109375 0.9153640625 2 0 0 0 0 0 0
1 0.2656328125 0.7461015625 0.268234375 0.463546875 0.2890625 0.94921875 2 0.1380203125 0.96484375 2 0.3919265625 0.9401046875 2 0.2890625 0.5221359375 2 0 0 0 0 0 0
1 0.6686171875 0.7441328125 0.272140625 0.462234375 0.6640625 0.94921875 2 0.5325515625 0.9596359375 2 0.7981765625 0.94140625 2 0.6575515625 0.51953125 2 0 0 0 0 0 0
1 0.3398359375 0.2766875 0.302078125 0.41015625 0.3489578125 0.08984375 2 0.1979171875 0.1002609375 2 0.4830734375 0.08203125 2 0.3151046875 0.4713546875 2 0 0 0 0 0 0
1 0.5527265625 0.2812421875 0.321609375 0.403640625 0.546875 0.0924484375 2 0.40234375 0.09765625 2 0.7094875 0.084515625 2 0.5325515625 0.4765625 2 0 0 0 0 0 0
1 0.7630234375 0.2500078125 0.325515625 0.416671875 0.7591140625 0.0690109375 2 0.6041671875 0.07421875 2 0.9192703125 0.0546875 2 0.75 0.4479171875 2 0 0 0 0 0 0
1 0.7226484375 0.2825546875 0.348953125 0.416671875 0.7174484375 0.4713546875 2 0.5533859375 0.4791671875 2 0.88671875 0.4713546875 2 0.73046875 0.0950515625 2 0 0 0 0 0 0
1 0.373703125 0.3033828125 0.296875 0.408859375 0.35546875 0.4973953125 1 0.5143234375 0.4934890625 2 0.229003125 0.502659375 1 0.37539375 0.1041125 2 0 0 0 0 0 0
