1 0.2688828125 0.2389296875 0.436203125 0.407546875 0.2682296875 0.0494796875 2 0.0611984375 0.0481765625 2 0.47265625 0.0481765625 2 0.2486984375 0.4375 2 0 0 0 0 0 0
1 0.2220078125 0.2662734375 0.436203125 0.412765625 0.2213546875 0.4596359375 2 0.0091140625 0.4557296875 2 0.4322921875 0.4596359375 2 0.23828125 0.0677078125 2 0 0 0 0 0 0
1 0.7460859375 0.26628125 0.434890625 0.40234375 0.7408859375 0.4544265625 2 0.5377609375 0.453125 2 0.94921875 0.4557296875 2 0.7643234375 0.06640625 2 0 0 0 0 0 0
1 0.740234375 0.2402421875 0.43359375 0.397140625 0.7356765625 0.0533859375 2 0.5299484375 0.0520828125 2 0.9401046875 0.05078125 2 0.71484375 0.4283859375 2 0 0 0 0 0 0
1 0.48371875 0.2395859375 0.42578125 0.408859375 0.4908859375 0.4322921875 2 0.27734375 0.4309890625 2 0.6901046875 0.4309890625 2 0.5091140625 0.0364578125 2 0 0 0 0 0 0
1 0.2962265625 0.7298203125 0.436203125 0.407546875 0.2955734375 0.5403640625 2 0.0885421875 0.5390625 2 0.5 0.5390625 2 0.2760421875 0.9283859375 2 0 0 0 0 0 0
1 0.2578046875 0.7480546875 0.434890625 0.420578125 0.2565109375 0.9388015625 2 0.0481765625 0.9479171875 2 0.46484375 0.9322921875 2 0.2630203125 0.5559890625 2 0 0 0 0 0 0
1 0.7734296875 0.74675 0.434890625 0.40234375 0.7682296875 0.9348953125 2 0.5611984375 0.9388015625 2 0.9765625 0.9296875 2 0.7864578125 0.5520828125 2 0 0 0 0 0 0
1 0.755859375 0.7259140625 0.43359375 0.397140625 0.7513015625 0.5390625 2 0.5455734375 0.5377609375 2 0.9557296875 0.5364578125 2 0.7356765625 0.9140625 2 0 0 0 0 0 0
1 0.5084609375 0.720703125 0.438796875 0.41015625 0.5091140625 0.9127609375 2 0.2955734375 0.9114578125 2 0.7083328125 0.9114578125 2 0.5208328125 0.52734375 2 0 0 0 0 0 0
