2 0.2117598684 0.290375 0.1118421053 0.0644537037 0.2130756579 0.2609111111 2 0.2658930921 0.2606944444 2 0.1574358553 0.2609111111 2 0.2125115132 0.3198416667 2 0.2662697368 0.31995 2 0.1572467105 0.3198416667 2
2 0.3528947368 0.1925694444 0.1167105263 0.0649722222 0.3487236842 0.1629768519 2 0.4047615132 0.1619333333 2 0.2963930921 0.1637592593 2 0.3552072368 0.2216638889 2 0.4080032895 0.2206203704 2 0.2987072368 0.2229675926 2
2 0.4117269737 0.1967361111 0.1167105263 0.0649722222 0.4075526316 0.16715 2 0.4635904605 0.1661064815 2 0.3552220395 0.1679324074 2 0.4140361842 0.2258361111 2 0.4668322368 0.2247935185 2 0.3575361842 0.2271407407 2
2 0.2941118421 0.1975231481 0.1167105263 0.0649722222 0.2899358553 0.1679324074 2 0.3459720395 0.1668888889 2 0.2376052632 0.1687148148 2 0.2963930921 0.2274018519 2 0.3477976974 0.2263583333 2 0.2399194079 0.2279231481 2
2 0.5270559211 0.2092546296 0.1167105263 0.0649722222 0.5228815789 0.1796694444 2 0.5789194079 0.1786259259 2 0.4705509868 0.1804518519 2 0.5293651316 0.2383555556 2 0.5821611842 0.237312963 2 0.4728651316 0.2396601852 2
2 0.5831085526 0.2032638889 0.1167105263 0.0639351852 0.5784276316 0.1743240741 2 0.6330756579 0.1727592593 2 0.5266003289 0.1757564815 2 0.5844490132 0.2319675926 2 0.6377072368 0.2304027778 2 0.5316529605 0.2330111111 2
2 0.6410032895 0.2063935185 0.1167105263 0.0639351852 0.6363305921 0.1774537037 2 0.6909786184 0.1758888889 2 0.5845032895 0.1788861111 2 0.6423371711 0.2352277778 2 0.6956101974 0.2335324074 2 0.5886167763 0.2370537037 2
2 0.6711184211 0.2841157407 0.1167105263 0.0681018519 0.6680411184 0.2545287037 2 0.72109375 0.2515287037 2 0.6147828947 0.257137037 2 0.6735986842 0.3139981481 2 0.7268552632 0.3121722222 2 0.6203404605 0.3160842593 2
2 0.7280921053 0.2775972222 0.1167105263 0.0681018519 0.7250164474 0.2480083333 2 0.7780707237 0.2450083333 2 0.6717598684 0.2506166667 2 0.7305740132 0.3074768519 2 0.7838322368 0.3056509259 2 0.6773157895 0.3095638889 2
2 0.7869243421 0.2801990741 0.1167105263 0.0681018519 0.7838470395 0.2506157407 2 0.8368996711 0.2476157407 2 0.7305888158 0.2532240741 2 0.7894029605 0.3100851852 2 0.8426348684 0.3079990741 2 0.7361463816 0.3121712963 2
2 0.6901480263 0.3720138889 0.1167105263 0.0681018519 0.6870690789 0.3424277778 2 0.7401233553 0.3394277778 2 0.6338108553 0.3450361111 2 0.6935115132 0.3984722222 2 0.7444539474 0.396125 2 0.6416430921 0.4008203704 2
2 0.7452796053 0.3662731481 0.1167105263 0.0681018519 0.7421940789 0.3366888889 2 0.7952467105 0.3336888889 2 0.6889358553 0.3392972222 2 0.7486365132 0.3927342593 2 0.7995789474 0.390387037 2 0.6967680921 0.3950814815 2
2 0.8027138158 0.3670601852 0.1167105263 0.0681018519 0.7996332237 0.3374712963 2 0.8526875 0.3344712963 2 0.746375 0.3400796296 2 0.8060756579 0.3935157407 2 0.8570180921 0.3911685185 2 0.7542072368 0.3958638889 2
2 0.2701315789 0.285162037 0.1118421053 0.0644537037 0.2714407895 0.2556944444 2 0.3242598684 0.2554777778 2 0.2158009868 0.2556944444 2 0.2708766447 0.314625 2 0.3246348684 0.3147333333 2 0.2156134868 0.314625 2
2 0.3284868421 0.2901157407 0.1118421053 0.0644537037 0.3298075658 0.26065 2 0.382625 0.2604333333 2 0.2741677632 0.26065 2 0.3292434211 0.3195805556 2 0.3830016447 0.3196888889 2 0.2739786184 0.3195805556 2
2 0.1557565789 0.3730601852 0.1118421053 0.0644537037 0.1570789474 0.3435935185 2 0.2098980263 0.3433768519 2 0.1014391447 0.3435935185 2 0.1565164474 0.4025240741 2 0.2102746711 0.4026324074 2 0.1012516447 0.4025240741 2
2 0.2113569079 0.3665324074 0.1035032895 0.0644537037 0.2125690789 0.3370722222 2 0.2614506579 0.3368555556 2 0.1610756579 0.3370722222 2 0.2120476974 0.3960027778 2 0.2617976974 0.3961111111 2 0.1609013158 0.3960027778 2
2 0.2701891447 0.3727916667 0.1081414474 0.0644537037 0.2714523026 0.3433314815 2 0.3225213816 0.3431148148 2 0.21765625 0.3433314815 2 0.2709078947 0.402262037 2 0.3228848684 0.4023703704 2 0.2174736842 0.402262037 2
2 0.4390789474 0.2801990741 0.1167105263 0.0681018519 0.4362516447 0.2498185185 2 0.4936792763 0.248775 2 0.3820690789 0.2508611111 2 0.4399572368 0.311112963 2 0.49553125 0.3108518519 2 0.3853092105 0.3118953704 2
2 0.4988322368 0.2744675926 0.1167105263 0.0681018519 0.4960082237 0.2440796296 2 0.5534342105 0.2430361111 2 0.4418240132 0.2451231481 2 0.4997121711 0.3053740741 2 0.5552861842 0.3051138889 2 0.4450657895 0.3061564815 2
2 0.5590460526 0.2770694444 0.1167105263 0.0681018519 0.5568930921 0.2461324074 2 0.6124671053 0.2448287037 2 0.5027088816 0.2471759259 2 0.5596726974 0.3079490741 2 0.6154769737 0.3066444444 2 0.5052828947 0.3087648148 2
2 0.5359046053 0.360537037 0.1167105263 0.0722777778 0.5328125 0.3298583333 2 0.5888486842 0.32725 2 0.4795674342 0.3314231481 2 0.5374424342 0.3919361111 2 0.5923355263 0.3908925926 2 0.4800164474 0.393762037 2
2 0.4136759868 0.3627592593 0.1215625 0.0682592593 0.4105493421 0.3319453704 2 0.4647335526 0.3306407407 2 0.3535871711 0.3327277778 2 0.4161069079 0.3940222222 2 0.4726069079 0.3932398148 2 0.3596069079 0.3950657407 2
2 0.4734292763 0.3562407407 0.1215625 0.0682592593 0.4703042763 0.3254240741 2 0.5244884868 0.3241203704 2 0.4133421053 0.3262064815 2 0.4758618421 0.3875018519 2 0.5323618421 0.3867185185 2 0.4193618421 0.3885444444 2
2 0.1634786184 0.4564305556 0.1102138158 0.0616203704 0.1647763158 0.4282583333 2 0.2168289474 0.4280518519 2 0.1099424342 0.4282583333 2 0.1642203947 0.4845944444 2 0.2172006579 0.4846981481 2 0.1097582237 0.4845944444 2
2 0.2193996711 0.45225 0.1039638158 0.0610925926 0.2206233553 0.4243259259 2 0.2697236842 0.4241203704 2 0.1689013158 0.4243259259 2 0.2201003289 0.4801824074 2 0.2700740132 0.4802851852 2 0.1687253289 0.4801824074 2
2 0.2761348684 0.4570092593 0.1062828947 0.0604444444 0.2750888158 0.4290703704 2 0.3246414474 0.4290703704 2 0.2245065789 0.4293814815 2 0.2768470395 0.4846444444 2 0.3288108553 0.4841046296 2 0.2259983553 0.4854092593 2
2 0.4507401316 0.4525833333 0.1062828947 0.0604444444 0.4496973684 0.4246351852 2 0.49925 0.4246351852 2 0.3991151316 0.4249472222 2 0.4514539474 0.4802101852 2 0.5034177632 0.4796703704 2 0.4006069079 0.480975 2
2 0.5042351974 0.4469675926 0.1095230263 0.06175 0.5043305921 0.4194194444 2 0.5524934211 0.4183759259 2 0.4515345395 0.4202018519 2 0.5071085526 0.4747148148 2 0.5580509868 0.4736722222 2 0.4561661184 0.4757583333 2
2 0.5598273026 0.4499722222 0.1095230263 0.0635740741 0.5589769737 0.4217666667 2 0.60853125 0.4202018519 2 0.5066463816 0.4228101852 2 0.5626825658 0.4775842593 2 0.6126990132 0.4768018519 2 0.5103503289 0.478887963 2
2 0.7103536184 0.4456666667 0.1095230263 0.0643518519 0.7095032895 0.4170712963 2 0.7590559211 0.4155064815 2 0.6571710526 0.4181148148 2 0.7118042763 0.474462037 2 0.7636726974 0.4731583333 2 0.6617894737 0.4760277778 2
2 0.7673273026 0.4399259259 0.1095230263 0.0643518519 0.7664802632 0.4113333333 2 0.8160328947 0.4097685185 2 0.7141480263 0.4123759259 2 0.76878125 0.4687240741 2 0.8206496711 0.4674194444 2 0.7187648026 0.4702888889 2
2 0.8233799342 0.4422685185 0.1095230263 0.0643518519 0.8225296053 0.4136796296 2 0.8720822368 0.4121148148 2 0.7701990132 0.4147231481 2 0.8248322368 0.4710712963 2 0.8767006579 0.4697666667 2 0.7748157895 0.4726361111 2
2 0.7013815789 0.5243425926 0.1065131579 0.0597962963 0.7018486842 0.4973814815 2 0.7532532895 0.4965990741 2 0.6495164474 0.4981638889 2 0.7018486842 0.5524166667 2 0.7532993421 0.5517796296 2 0.6504424342 0.5524166667 2
2 0.7565131579 0.5196481481 0.1065131579 0.0597962963 0.7569720395 0.4926861111 2 0.8083782895 0.4919037037 2 0.7046398026 0.4934685185 2 0.7569720395 0.5477212963 2 0.8084243421 0.5470842593 2 0.7055657895 0.5477212963 2
2 0.8139473684 0.5238240741 0.1065131579 0.0597962963 0.8144111842 0.4968592593 2 0.8658174342 0.4960768519 2 0.7620805921 0.4976416667 2 0.8144111842 0.5518935185 2 0.8658634868 0.5512574074 2 0.7630065789 0.5518935185 2
2 0.5576233553 0.5277314815 0.1041940789 0.0597962963 0.5555049342 0.5015518519 2 0.6059835526 0.5007694444 2 0.5091924342 0.5023342593 2 0.5596726974 0.5552824074 2 0.6082993421 0.5545 2 0.50965625 0.5560648148 2
2 0.4983634868 0.5251296296 0.1041940789 0.0597962963 0.4962401316 0.4989435185 2 0.54671875 0.4981611111 2 0.4499276316 0.4997259259 2 0.5004078947 0.5526740741 2 0.5490345395 0.5518916667 2 0.4503914474 0.5534564815 2
2 0.4367845395 0.5300833333 0.1041940789 0.0597962963 0.4346595395 0.5038990741 2 0.4851381579 0.5031157407 2 0.3883470395 0.5046814815 2 0.4388273026 0.5576296296 2 0.4874539474 0.5568472222 2 0.3888108553 0.558412037 2
2 0.2906907895 0.5325601852 0.1065131579 0.0611018519 0.2878256579 0.5065092593 2 0.3378404605 0.5044231481 2 0.2396611842 0.508075 2 0.2933815789 0.5602407407 2 0.3425131579 0.5586722222 2 0.2433651316 0.5615444444 2
2 0.2346546053 0.5304768519 0.1065131579 0.0611018519 0.2318009868 0.5044231481 2 0.2818174342 0.5023361111 2 0.1836381579 0.505987963 2 0.2373585526 0.5581537037 2 0.2864901316 0.5565851852 2 0.1873421053 0.5594574074 2
2 0.181875 0.5356898148 0.1065131579 0.0611018519 0.1790213816 0.5096388889 2 0.2290361842 0.5075527778 2 0.1308569079 0.5112037037 2 0.1845789474 0.5633694444 2 0.2337088816 0.5618018519 2 0.1345625 0.5646740741 2
