3 0.430984375 0.3046953125 0.6796875 0.455734375 0.3424484375 0.1223953125 2 0.1223953125 0.5052078125 2 0.7408859375 0.40234375 2 0 0 0 0 0 0 0 0 0
3 0.4537734375 0.3977890625 0.709640625 0.430984375 0.3736984375 0.234375 2 0.1328125 0.6315109375 2 0.7604171875 0.5260421875 2 0 0 0 0 0 0 0 0 0
3 0.482421875 0.53971875 0.67578125 0.44921875 0.4192703125 0.3645828125 2 0.1653640625 0.7369796875 2 0.7981765625 0.6614578125 2 0 0 0 0 0 0 0 0 0
3 0.4934921875 0.6386640625 0.677078125 0.446609375 0.4388015625 0.4622390625 2 0.1705734375 0.8359375 2 0.8111984375 0.765625 2 0 0 0 0 0 0 0 0 0
3 0.0546875 0.42109375 0.109375 0.1671875 0 0 0 0 0 0 0.0885421875 0.48046875 2 0 0 0 0 0 0 0 0 0
3 0.0618515625 0.5273515625 0.123703125 0.166671875 0 0 0 0 0 0 0.1015625 0.5859375 2 0 0 0 0 0 0 0 0 0
3 0.0781171875 0.619796875 0.145828125 0.203125 0 0 0 0 0 0 0.12890625 0.6927078125 2 0 0 0 0 0 0 0 0 0
3 0.0859453125 0.7343671875 0.143234375 0.192703125 0 0 0 0 0 0 0.1341140625 0.7994796875 2 0 0 0 0 0 0 0 0 0
3 0.1028671875 0.834640625 0.127609375 0.203125 0 0 0 0 0 0 0.1341140625 0.90234375 2 0 0 0 0 0 0 0 0 0
3 0.5136796875 0.7408828125 0.701828125 0.447921875 0.4518234375 0.5638015625 2 0.18359375 0.9375 2 0.8450515625 0.8932296875 2 0 0 0 0 0 0 0 0 0
