1 0.2233819444 0.24838 0.2476805556 0.4066 0.2237652778 0.4308 2 0.0995375 0.423018 2 0.3441361111 0.43858 2 0.2376541667 0.045076 2 0 0 0 0 0 0
1 0.2527013889 0.22012 0.2554027778 0.4058 0.2554013889 0.035072 2 0.1282194444 0.022338 2 0.3773152778 0.042854 2 0.2391972222 0.416348 2 0 0 0 0 0 0
1 0.3674791667 0.24282 0.2511527778 0.3866 0.3695986111 0.41746 2 0.2469138889 0.416348 2 0.4907402778 0.425242 2 0.3842597222 0.051746 2 0 0 0 0 0 0
1 0.5038541667 0.23845 0.2345694444 0.40246 0.516975 0.056192 2 0.3912041667 0.0473 2 0.6188277778 0.062862 2 0.4976847222 0.434134 2 0 0 0 0 0 0
1 0.5067569444 0.26449 0.241125 0.39214 0.5123458333 0.449696 2 0.3888888889 0.44525 2 0.6257722222 0.450808 2 0.5316361111 0.06842 2 0 0 0 0 0 0
1 0.2060138889 0.72876 0.25 0.3936 0.2106486111 0.915454 2 0.0848763889 0.913232 2 0.3279319444 0.917678 2 0.2191361111 0.534178 2 0 0 0 0 0 0
1 0.2461388889 0.70522 0.2561666667 0.40268 0.2469138889 0.526396 2 0.1180555556 0.517504 2 0.3726847222 0.533066 2 0.2283958333 0.901004 2 0 0 0 0 0 0
1 0.3591805556 0.70987 0.2461388889 0.39806 0.3603402778 0.894334 2 0.2376541667 0.886552 2 0.4791666667 0.899892 2 0.3788583333 0.513058 2 0 0 0 0 0 0
1 0.5073333333 0.71217 0.2461388889 0.39322 0.5054013889 0.5364 2 0.3865736111 0.527508 2 0.6280861111 0.538624 2 0.4884263889 0.904338 2 0 0 0 0 0 0
1 0.511 0.7457 0.2496111111 0.39416 0.5123458333 0.924346 2 0.3881180556 0.9199 2 0.6311736111 0.932128 2 0.5254625 0.547516 2 0 0 0 0 0 0
1 0.6610694444 0.80579 0.2087222222 0.32382 0.6628083333 0.657564 2 0.5594138889 0.656452 2 0.7646611111 0.6609 2 0.6512347222 0.963254 2 0 0 0 0 0 0
1 0.6396527778 0.82517 0.1975277778 0.3241 0.6381180556 0.974368 2 0.7361111111 0.977704 2 0.5424388889 0.976592 1 0.6489194444 0.665346 2 0 0 0 0 0 0
1 0.7611805556 0.8085 0.2075555556 0.31744 0.7569444444 0.957694 2 0.6597222222 0.957694 2 0.8557097222 0.958806 2 0.7700611111 0.649784 2 0 0 0 0 0 0
1 0.875 0.80746 0.1944444444 0.32048 0.8695986111 0.659794 2 0.7808638889 0.656458 2 0.9706791667 0.65757 2 0.8564819444 0.962148 2 0 0 0 0 0 0
1 0.8713402778 0.82795 0.1994583333 0.31854 0.8688277778 0.97771 2 0.96855 0.983208 2 0.7731486111 0.978822 2 0.8858027778 0.674244 2 0 0 0 0 0 0
1 0.6398541667 0.41238 0.2172083333 0.33032 0.641975 0.258508 2 0.5324069444 0.257396 2 0.7453708333 0.25962 2 0.6327166667 0.570866 2 0 0 0 0 0 0
1 0.6246111111 0.43148 0.1905833333 0.32816 0.6180555556 0.58754 2 0.7152777778 0.58754 2 0.5293208333 0.586428 1 0.6257027778 0.271538 2 0 0 0 0 0 0
1 0.7395833333 0.41564 0.2013888889 0.32316 0.7391972222 0.564196 2 0.6404319444 0.563084 2 0.8379625 0.569754 2 0.7530861111 0.254062 2 0 0 0 0 0 0
1 0.85725 0.43315 0.2006111111 0.32482 0.8564819444 0.583094 2 0.7592597222 0.585316 2 0.9560180556 0.584206 2 0.8711416667 0.270736 2 0 0 0 0 0 0
1 0.85725 0.41016 0.2006111111 0.3192 0.8572527778 0.25962 2 0.7569444444 0.260732 2 0.954475 0.260732 2 0.8456791667 0.565308 2 0 0 0 0 0 0
