1 0.4924958264 0.5303651685 0.5533055092 0.7503932584 0.4889098497 0.8855 2 0.2265676127 0.8801498127 2 0.7584073456 0.8921891386 2 0.5163372287 0.15917603 2 0 0 0 0 0 0
1 0.0816861436 0.3129962547 0.1633722871 0.2996254682 0.0429282137 0.4400749064 2 0.1550200334 0.4494382022 2 0 0.4387378277 2 0.0250417362 0.1658632959 2 0 0 0 0 0 0
1 0.0934891486 0.2734082397 0.1869782972 0.3220973783 0.0584307179 0.1310861423 2 0.1717145242 0.1471367041 2 0.0011919866 0.1243988764 2 0.0775108514 0.4280355805 2 0 0 0 0 0 0
1 0.1937646077 0.2735393258 0.2682971619 0.3410861423 0.1991419032 0.1391123596 2 0.3124257095 0.1551629213 2 0.069163606 0.1163726592 2 0.1955642738 0.4333876404 2 0 0 0 0 0 0
1 0.1967529215 0.3036329588 0.2313355593 0.2996254682 0.1896010017 0.441411985 2 0.3016928214 0.4467621723 2 0.0894340568 0.4320486891 2 0.1741001669 0.1565 2 0 0 0 0 0 0
1 0.3678714524 0.2728745318 0.2516026711 0.3156741573 0.3648931553 0.1257359551 2 0.4805626043 0.1310861423 2 0.252803005 0.1257359551 2 0.3732404007 0.4186722846 2 0 0 0 0 0 0
1 0.355951586 0.2929307116 0.2516026711 0.3156741573 0.3529699499 0.4400749064 2 0.4650601002 0.444088015 1 0.2504173623 0.4360617978 2 0.3493923205 0.1538258427 2 0 0 0 0 0 0
1 0.7286560935 0.3189981273 0.1251919866 0.1547752809 0.7330066778 0.2608951311 2 0.7877095159 0.2495318352 2 0.6714173623 0.2745318352 2 0.743542571 0.3908895131 2 0 0 0 0 0 0
1 0.7810267112 0.3515730337 0.1333055092 0.164082397 0.7796043406 0.4208876404 2 0.7196360601 0.4308876404 2 0.8420066778 0.4113426966 2 0.7802621035 0.2715992509 2 0 0 0 0 0 0
1 0.8469699499 0.3246722846 0.1251919866 0.1752247191 0.8513255426 0.2563501873 2 0.9060283806 0.2449868914 2 0.7897345576 0.2699868914 2 0.8586193656 0.4081610487 2 0 0 0 0 0 0
1 0.8680383973 0.3392228464 0.1308681135 0.1752247191 0.8671285476 0.4117977528 2 0.8071585977 0.4208876404 2 0.9291235392 0.4054344569 2 0.8685392321 0.2557265918 2 0 0 0 0 0 0
1 0.9412520868 0.3351217228 0.1174958264 0.1752247191 0.9489782972 0.407252809 2 0.8877929883 0.4172509363 2 0.9996293823 0.4008895131 2 0.9534357262 0.2504419476 2 0 0 0 0 0 0
1 0.9374040067 0.315571161 0.1251919866 0.1788576779 0.9417662771 0.2454419476 2 0.9967929883 0.2390786517 2 0.8800951586 0.2545318352 2 0.9376327212 0.4008895131 2 0 0 0 0 0 0
