2 0.4633101045 0.1096078431 0.3505226481 0.0751568627 0.6333954704 0.1067117647 2 0.633912892 0.1413588235 1 0.2930522648 0.0752490196 2 0.294043554 0.1119519608 2 0.2945609756 0.1454352941 2 0.291456446 0.0764313725 2
2 0.4844163763 0.1474509804 0.3497038328 0.074 0.316804878 0.1492205882 2 0.3204250871 0.1827039216 2 0.3137003484 0.1148637255 2 0.654087108 0.1457264706 1 0.6535696864 0.1824127451 2 0.6548571429 0.1812794118 2
2 0.7621602787 0.1947254902 0.3578745645 0.075627451 0.5909773519 0.1952715686 2 0.5894268293 0.2302107843 2 0.5909773519 0.1603323529 1 0.9334337979 0.1935245098 2 0.9303310105 0.2258431373 2 0.9365836237 0.2292990196 2
2 0.7806707317 0.2308529412 0.3493902439 0.068 0.613738676 0.2313754902 2 0.6101184669 0.2636931373 2 0.6142560976 0.2031333333 2 0.9468832753 0.2299196078 2 0.9432630662 0.2628205882 2 0.9510226481 0.1976009804 2
2 0.7591027875 0.2663382353 0.352804878 0.0686372549 0.5909773519 0.2654343137 2 0.5889094077 0.3000813725 2 0.5914947735 0.2336980392 2 0.9267090592 0.2639784314 2 0.9241219512 0.2971696078 2 0.9298135889 0.2322421569 2
2 0.7804703833 0.3011960784 0.3448432056 0.0670784314 0.616325784 0.3015372549 2 0.6152909408 0.3341470588 2 0.616325784 0.2724215686 2 0.9431602787 0.2997833333 2 0.9411933798 0.3318176471 2 0.9468832753 0.2698009804 2
2 0.75771777 0.3361568627 0.3419512195 0.0664313725 0.5965644599 0.3370519608 2 0.5939790941 0.3682058824 2 0.5975993031 0.3058980392 2 0.9193641115 0.334722549 2 0.9162595819 0.3632558824 2 0.924369338 0.3665235294 2
2 0.7820296167 0.3679803922 0.3429790941 0.0650980392 0.6182909408 0.3687882353 2 0.6160087108 0.3379980392 2 0.6213954704 0.3361784314 2 0.9447108014 0.3673323529 2 0.9421254355 0.3984862745 2 0.9472979094 0.3364696078 2
2 0.7583797909 0.4019509804 0.3374912892 0.0617843137 0.9198815331 0.4013980392 2 0.9162595819 0.4316784314 2 0.594456446 0.3737068627 2 0.5970818815 0.4016892157 2 0.922869338 0.4302990196 2 0.5981167247 0.3708264706 2
2 0.26521777 0.209372549 0.3286933798 0.0748627451 0.1101898955 0.2182696078 2 0.1117421603 0.2450558824 2 0.1060522648 0.1862421569 2 0.4190209059 0.2074970588 2 0.4221254355 0.2354480392 2 0.4185034843 0.1722666667 2
2 0.2445470383 0.2441029412 0.3318118467 0.0723627451 0.087945993 0.2482588235 2 0.0894982578 0.2791215686 2 0.0832909408 0.2153578431 2 0.4024686411 0.2380686275 2 0.4060888502 0.2680578431 2 0.4003989547 0.2086617647 2
2 0.2644599303 0.272372549 0.3343902439 0.0723137255 0.1081219512 0.280577451 2 0.1101898955 0.3073637255 2 0.101912892 0.2488411765 2 0.4226428571 0.2709696078 2 0.4262630662 0.302122549 2 0.4216080139 0.237195098 2
2 0.2345993031 0.3066715686 0.3440069686 0.0759313725 0.0693222997 0.3114401961 2 0.0739790941 0.3437588235 2 0.0657020906 0.2814509804 2 0.3962595819 0.302704902 2 0.3998815331 0.3353147059 2 0.393674216 0.2695137255 2
2 0.2621254355 0.3415441176 0.3411149826 0.0737156863 0.1013954704 0.3431696078 2 0.1039825784 0.3757794118 2 0.0972578397 0.3128892157 2 0.4221254355 0.3376372549 2 0.4262630662 0.3696647059 2 0.4210905923 0.3047372549 2
2 0.255304878 0.3748676471 0.3398780488 0.0705 0.0977752613 0.3783862745 2 0.1029477352 0.4080843137 2 0.090533101 0.3463588235 2 0.4148832753 0.3725627451 2 0.4195383275 0.4008058824 2 0.4117787456 0.3422823529 2
2 0.2780662021 0.4063676471 0.337804878 0.0692254902 0.118466899 0.4118696078 2 0.1236393728 0.4401117647 2 0.1132944251 0.3789686275 2 0.4350574913 0.4034254902 2 0.4397142857 0.4331235294 2 0.4309198606 0.3725627451 2
