1 0.2480670103 0.2629951691 0.3400515464 0.38647343 0.2462783505 0.4320966184 2 0.0808994845 0.422705314 2 0.4138041237 0.437468599 2 0.2298118557 0.0778309179 2 0 0 0 0 0 0
1 0.2491494845 0.2301690821 0.3479381443 0.3824637681 0.2555850515 0.0563623188 2 0.0794664948 0.0563623188 2 0.4195309278 0.0630724638 2 0.2770618557 0.4186811594 2 0 0 0 0 0 0
1 0.4578350515 0.2354830918 0.3300515464 0.3797584541 0.4589072165 0.4066038647 2 0.2978247423 0.4025748792 2 0.618556701 0.4119710145 2 0.4417242268 0.0496521739 2 0 0 0 0 0 0
1 0.6303608247 0.2469082126 0.3543814433 0.3757487923 0.6292963918 0.0738067633 2 0.4589072165 0.0751497585 2 0.8025489691 0.0738067633 2 0.6357396907 0.4294154589 2 0 0 0 0 0 0
1 0.6650773196 0.2798067633 0.3407731959 0.3851207729 0.6636597938 0.4482028986 2 0.8297525773 0.4549130435 2 0.5011443299 0.4482028986 2 0.6579329897 0.0925942029 2 0 0 0 0 0 0
1 0.3404123711 0.7058695652 0.3414948454 0.3676811594 0.3393479381 0.5394541063 2 0.1754020619 0.5354251208 2 0.5090206186 0.5421352657 2 0.349371134 0.8789565217 2 0 0 0 0 0 0
1 0.3264561856 0.7507729469 0.3264690722 0.3716908213 0.3278917526 0.9084830918 2 0.165378866 0.8950628019 2 0.4861108247 0.9232415459 2 0.3245953608 0.5696328502 2 0 0 0 0 0 0
1 0.5222809278 0.7461352657 0.3329123711 0.3757487923 0.5211907216 0.909821256 2 0.6822731959 0.9205603865 2 0.3608247423 0.9044541063 2 0.5183273196 0.5676328502 2 0 0 0 0 0 0
1 0.6969458763 0.7474637681 0.3515206186 0.3462318841 0.6987396907 0.5891014493 2 0.869128866 0.5891014493 2 0.5254871134 0.5823961353 2 0.694443299 0.9138502415 2 0 0 0 0 0 0
1 0.7309536082 0.790410628 0.3336082474 0.3703864734 0.7273762887 0.9406859903 2 0.571306701 0.9393429952 2 0.8920386598 0.9554492754 2 0.7290515464 0.6098743961 2 0 0 0 0 0 0
