1 0.204556213 0.2254020101 0.3213017751 0.2344221106 0.1934201183 0.3157487437 2 0.0508994083 0.329798995 2 0.3563017751 0.3330452261 2 0.2303254438 0.1070854271 2 0 0 0 0 0 0
1 0.5255621302 0.1676130653 0.3181065089 0.2595477387 0.437739645 0.176281407 2 0.3855680473 0.2941256281 2 0.4441065089 0.0411356784 2 0.6744260355 0.2324974874 2 0 0 0 0 0 0
1 0.5407988166 0.3780653266 0.3410059172 0.2824623116 0.6095325444 0.3806130653 2 0.6158934911 0.5081909548 2 0.6782485207 0.250879397 2 0.3741183432 0.3752110553 2 0 0 0 0 0 0
1 0.8225739645 0.4631658291 0.354852071 0.2969849246 0.7813195266 0.481160804 2 0.6527988166 0.329798995 2 0.8182248521 0.6022462312 2 0.9900118343 0.3611557789 2 0 0 0 0 0 0
1 0.8076923077 0.6572361809 0.3518343195 0.2532663317 0.7584142012 0.6714422111 2 0.6387988166 0.5687336683 2 0.9709230769 0.5427839196 2 0.8156804734 0.7741507538 2 0 0 0 0 0 0
1 0.4284911243 0.5391708543 0.3340236686 0.2472864322 0.4886449704 0.5298140704 2 0.2786804734 0.4519698492 2 0.5913254438 0.4186331658 2 0.4351952663 0.6595477387 2 0 0 0 0 0 0
1 0.2236390533 0.4809798995 0.3136686391 0.2548241206 0.2226863905 0.5471105528 2 0.0707633136 0.6052060302 2 0.3817514793 0.5384623116 2 0.1845147929 0.3535879397 2 0 0 0 0 0 0
1 0.2290532544 0.8020603015 0.3282840237 0.2252261307 0.2303254438 0.8887537688 2 0.0738047337 0.9082110553 2 0.2417751479 0.6930653266 2 0.3741183432 0.9060502513 2 0 0 0 0 0 0
1 0.5125147929 0.8630904523 0.3034911243 0.2557286432 0.5090059172 0.9136180905 2 0.3645798817 0.9877537688 2 0.6553431953 0.8790201005 2 0.437739645 0.7395527638 2 0 0 0 0 0 0
1 0.7316568047 0.8642462312 0.3028402367 0.2587437186 0.7266035503 0.9114572864 2 0.6591597633 0.7417135678 2 0.8793017751 0.8746984925 2 0.594260355 0.972 2 0 0 0 0 0 0
1 0.8617159763 0.8299246231 0.2765680473 0.2257788945 0.8703964497 0.780638191 2 0.7266035503 0.8011809045 2 0.9900118343 0.7363115578 2 0.9403846154 0.9384824121 2 0 0 0 0 0 0
