1 0.703125 0.6653671875 0.4453125 0.403640625 0.5013015625 0.6575515625 2 0.5013015625 0.4700515625 2 0.49609375 0.83984375 2 0.9192703125 0.6549484375 2 0 0 0 0 0 0
1 0.733078125 0.6367109375 0.4375 0.380203125 0.9348953125 0.6315109375 2 0.93359375 0.4544265625 2 0.9361984375 0.81640625 2 0.5208328125 0.6341140625 2 0 0 0 0 0 0
1 0.7167890625 0.4348984375 0.438796875 0.369796875 0.5065109375 0.44140625 2 0.5013015625 0.6067703125 2 0.50390625 0.2565109375 2 0.9192703125 0.43359375 2 0 0 0 0 0 0
1 0.6901015625 0.2128984375 0.455734375 0.381515625 0.4895828125 0.2109375 2 0.48828125 0.3984375 2 0.48046875 0.0377609375 2 0.9049484375 0.2018234375 2 0 0 0 0 0 0
1 0.7233046875 0.2291640625 0.436203125 0.377609375 0.92578125 0.2330734375 2 0.9322921875 0.40625 2 0.9192703125 0.0416671875 2 0.5143234375 0.23828125 2 0 0 0 0 0 0
1 0.2161484375 0.237625 0.346359375 0.38671875 0.05859375 0.234375 2 0.0546875 0.4140625 2 0.0572921875 0.0546875 2 0.3828125 0.2265625 2 0 0 0 0 0 0
1 0.2356796875 0.2565078125 0.361984375 0.393234375 0.3919265625 0.2578125 2 0.390625 0.0716140625 2 0.3997390625 0.4388015625 2 0.0716140625 0.2630203125 2 0 0 0 0 0 0
1 0.2213515625 0.46940625 0.346359375 0.38671875 0.0638015625 0.4661453125 2 0.0598953125 0.6458328125 2 0.0625 0.2864578125 2 0.3880203125 0.4583328125 2 0 0 0 0 0 0
1 0.2044296875 0.697265625 0.346359375 0.38671875 0.046875 0.6940109375 2 0.04296875 0.8736984375 2 0.0455734375 0.5143234375 2 0.37109375 0.6861984375 2 0 0 0 0 0 0
1 0.2356796875 0.6562578125 0.361984375 0.393234375 0.3919265625 0.6575515625 2 0.390625 0.4713546875 2 0.3997390625 0.8385421875 2 0.0716140625 0.6627609375 2 0 0 0 0 0 0
