2 0.8380546875 0.357359375 0.155140625 0.10334375 0.8343 0.3107890625 2 0.903740625 0.3089109375 2 0.764234375 0.3107890625 2 0.84118125 0.402765625 2 0.9112484375 0.402765625 2 0.7667359375 0.402765625 2
2 0.6829765625 0.362234375 0.143765625 0.10859375 0.6885375 0.31579375 2 0.751096875 0.318921875 2 0.619721875 0.312665625 2 0.6841578125 0.40589375 2 0.751721875 0.409021875 2 0.6122140625 0.403390625 2
2 0.575 0.3905703125 0.13075 0.093203125 0.5753046875 0.34958125 2 0.5133703125 0.3477046875 2 0.6359875 0.3508328125 2 0.5728015625 0.431546875 2 0.51086875 0.430921875 2 0.6284796875 0.43405 2
2 0.4483125 0.3913203125 0.128875 0.091703125 0.4508109375 0.35020625 2 0.3913796875 0.34895625 2 0.5102421875 0.3508328125 2 0.4470578125 0.430921875 2 0.385125 0.4296703125 2 0.5058640625 0.4321734375 2
2 0.2981640625 0.366796875 0.143890625 0.09821875 0.299665625 0.32205 2 0.232728125 0.3214234375 2 0.3666046875 0.32205 2 0.2977890625 0.4108984375 2 0.2308515625 0.4108984375 2 0.3659796875 0.4108984375 2
2 0.17796875 0.3787734375 0.1325625 0.094203125 0.181515625 0.3368953125 2 0.242190625 0.337409375 2 0.1192984375 0.33638125 2 0.1779171875 0.4212359375 2 0.2380765625 0.422778125 2 0.113128125 0.4212359375 2
2 0.169640625 0.49615625 0.136875 0.09490625 0.1743171875 0.454640625 2 0.236534375 0.4551546875 2 0.1115859375 0.4536125 2 0.169175 0.53898125 2 0.2303640625 0.5405234375 2 0.1023296875 0.5384671875 2
2 0.140640625 0.6164765625 0.1516875 0.107265625 0.1408953125 0.5703515625 2 0.2149390625 0.5703515625 2 0.073021875 0.568809375 2 0.134725 0.664978125 2 0.214425 0.6654921875 2 0.0663375 0.66395 2
2 0.2885703125 0.6140625 0.147265625 0.10490625 0.289496875 0.5682953125 2 0.2221375 0.568809375 2 0.3583984375 0.567265625 2 0.2874390625 0.661378125 2 0.2190515625 0.6618921875 2 0.36096875 0.6618921875 2
2 0.3278046875 0.4957421875 0.134203125 0.097796875 0.3290890625 0.4515546875 2 0.264815625 0.4515546875 2 0.3918203125 0.45206875 2 0.327546875 0.537953125 2 0.263271875 0.537953125 2 0.3918203125 0.5384671875 2
2 0.4600546875 0.499390625 0.131328125 0.0976875 0.4627796875 0.456696875 2 0.3974765625 0.454640625 2 0.52036875 0.456696875 2 0.4591796875 0.5420671875 2 0.3954203125 0.5420671875 2 0.5208828125 0.543609375 2
2 0.470296875 0.6163359375 0.1343125 0.098328125 0.47100625 0.572409375 2 0.4067328125 0.5713796875 2 0.5342515625 0.5729234375 2 0.469978125 0.6618921875 2 0.4041609375 0.662921875 2 0.536309375 0.6634359375 2
2 0.6054140625 0.6163359375 0.133078125 0.098328125 0.6062390625 0.5718953125 2 0.540421875 0.570865625 2 0.6710265625 0.572409375 2 0.6072671875 0.661378125 2 0.5399078125 0.661378125 2 0.6710265625 0.66240625 2
2 0.591125 0.5004296875 0.13328125 0.093578125 0.5902984375 0.4587546875 2 0.5275671875 0.458240625 2 0.65354375 0.458240625 2 0.589784375 0.5441234375 2 0.5255109375 0.5430953125 2 0.65354375 0.5446375 2
2 0.73 0.497390625 0.13934375 0.1023125 0.72769375 0.4539203125 2 0.793509375 0.4539203125 2 0.6613625 0.4523765625 2 0.7312921875 0.543403125 2 0.7976234375 0.5428890625 2 0.6613625 0.543403125 2
2 0.868328125 0.496109375 0.140375 0.09975 0.8649828125 0.45340625 2 0.800709375 0.4528921875 2 0.92925625 0.45340625 2 0.8706390625 0.5418609375 2 0.8156203125 0.5418609375 2 0.935940625 0.5418609375 2
2 0.74034375 0.618171875 0.13225 0.09728125 0.7369484375 0.5742484375 2 0.67473125 0.5732203125 2 0.8022515625 0.573734375 2 0.7395203125 0.6621890625 2 0.67473125 0.662703125 2 0.804821875 0.662703125 2
2 0.8727421875 0.619046875 0.132765625 0.09759375 0.8670390625 0.5747625 2 0.8079078125 0.5742484375 2 0.931828125 0.5747625 2 0.871153125 0.6637328125 2 0.808421875 0.6637328125 2 0.9354265625 0.664246875 2
