1 0.2246015625 0.0885390625 0.446609375 0.138015625 0.0130203125 0.0885421875 2 0.0130203125 0.1497390625 2 0.015625 0.0234375 2 0.4440109375 0.0403640625 2 0 0 0 0 0 0
1 0.2389296875 0.1751328125 0.462234375 0.141921875 0.0325515625 0.171875 2 0.0182296875 0.234375 2 0.0377609375 0.1080734375 2 0.4596359375 0.1471359375 2 0 0 0 0 0 0
1 0.2493515625 0.2610703125 0.462234375 0.141921875 0.04296875 0.2578125 2 0.0286453125 0.3203125 2 0.0481765625 0.1940109375 2 0.4635421875 0.2369796875 2 0 0 0 0 0 0
1 0.2662734375 0.3470078125 0.462234375 0.141921875 0.0598953125 0.34375 2 0.0455734375 0.40625 2 0.0651046875 0.2799484375 2 0.4635421875 0.3307296875 2 0 0 0 0 0 0
1 0.2571640625 0.4368515625 0.462234375 0.141921875 0.0455734375 0.4348953125 2 0.0390625 0.4973953125 2 0.0559890625 0.3697921875 2 0.4661453125 0.421875 2 0 0 0 0 0 0
1 0.2714765625 0.5201796875 0.462234375 0.141921875 0.0625 0.51953125 2 0.0533859375 0.5807296875 2 0.0703125 0.453125 2 0.4791671875 0.51171875 2 0 0 0 0 0 0
1 0.2779921875 0.5970078125 0.462234375 0.141921875 0.0690109375 0.5963546875 2 0.0559890625 0.6549484375 2 0.0768234375 0.5299484375 2 0.4622390625 0.59375 2 0 0 0 0 0 0
1 0.2513046875 0.6842421875 0.424484375 0.141921875 0.0611984375 0.68359375 2 0.0481765625 0.7421875 2 0.0690109375 0.6171875 2 0.4544265625 0.6809890625 2 0 0 0 0 0 0
1 0.26496875 0.7740859375 0.40234375 0.141921875 0.0859375 0.7734375 2 0.0729171875 0.83203125 2 0.09375 0.70703125 2 0.4583328125 0.7734375 2 0 0 0 0 0 0
1 0.278 0.8574140625 0.44921875 0.141921875 0.0716140625 0.859375 2 0.0625 0.9153640625 2 0.0833328125 0.7903640625 2 0.4947921875 0.8606765625 2 0 0 0 0 0 0
1 0.279296875 0.9290390625 0.44921875 0.141921875 0.0729171875 0.9309890625 2 0.0638015625 0.9869796875 2 0.0846359375 0.8619796875 2 0.4934890625 0.9479171875 2 0 0 0 0 0 0
1 0.7649765625 0.8040390625 0.470046875 0.141921875 0.5481765625 0.8059890625 2 0.5390625 0.8619796875 2 0.5598953125 0.7369796875 2 0.9908859375 0.8138015625 2 0 0 0 0 0 0
1 0.7200546875 0.7304609375 0.520828125 0.153640625 0.4778640625 0.7265625 2 0.4674484375 0.796875 2 0.4895828125 0.6575515625 2 0.9674484375 0.72265625 2 0 0 0 0 0 0
1 0.7233046875 0.6158828125 0.545578125 0.153640625 0.46875 0.6119796875 2 0.4583328125 0.6822921875 2 0.48046875 0.54296875 2 0.984375 0.6106765625 2 0 0 0 0 0 0
1 0.7591171875 0.5286484375 0.481765625 0.153640625 0.5364578125 0.5247390625 2 0.5260421875 0.5950515625 1 0.548178125 0.4557296875 2 1 0.5130203125 2 0 0 0 0 0 0
1 0.7356796875 0.4453046875 0.481765625 0.153640625 0.5130203125 0.44140625 2 0.5026046875 0.51171875 2 0.524740625 0.3723953125 2 0.9765625 0.4296875 2 0 0 0 0 0 0
1 0.7298203125 0.3528671875 0.501296875 0.153640625 0.4973953125 0.3489578125 2 0.4869796875 0.4192703125 2 0.509115625 0.2799484375 2 0.9739578125 0.3372390625 2 0 0 0 0 0 0
1 0.7128828125 0.2708359375 0.501296875 0.153640625 0.48046875 0.2669265625 2 0.470053125 0.3372390625 2 0.4921875 0.1979171875 2 0.9596359375 0.2434890625 2 0 0 0 0 0 0
1 0.7089765625 0.188171875 0.501296875 0.16271875 0.4765625 0.1888015625 2 0.4788734375 0.25725625 2 0.4678578125 0.1121046875 2 0.953125 0.12890625 2 0 0 0 0 0 0
