1 0.3515703125 0.2812578125 0.393234375 0.401046875 0.3541671875 0.09765625 2 0.16015625 0.1002609375 2 0.5377609375 0.0911453125 2 0.3359375 0.4778640625 2 0 0 0 0 0 0
1 0.3059921875 0.3098984375 0.393234375 0.401046875 0.30859375 0.4934890625 2 0.12109375 0.4986984375 2 0.4947921875 0.4973953125 2 0.32421875 0.1171875 2 0 0 0 0 0 0
1 0.5468828125 0.2981796875 0.393234375 0.401046875 0.5494796875 0.4817703125 2 0.3619796875 0.4869796875 2 0.7356765625 0.4817703125 2 0.5651046875 0.10546875 2 0 0 0 0 0 0
1 0.7753984375 0.2825546875 0.397140625 0.393234375 0.7903640625 0.1002609375 2 0.96484375 0.0989578125 2 0.5833328125 0.1015625 2 0.78125 0.4739578125 2 0 0 0 0 0 0
1 0.7708359375 0.30078125 0.419265625 0.3828125 0.7552078125 0.4791671875 2 0.9739578125 0.4752609375 2 0.5664828125 0.4873625 2 0.773228125 0.1142 2 0 0 0 0 0 0
1 0.3658828125 0.736984375 0.385421875 0.3984375 0.3723953125 0.5546875 2 0.1783859375 0.55859375 2 0.5520828125 0.5494796875 2 0.3528640625 0.9296875 2 0 0 0 0 0 0
1 0.324875 0.7649765625 0.39453125 0.407546875 0.3216140625 0.9440109375 2 0.13671875 0.9505203125 2 0.5104171875 0.9388015625 2 0.3372390625 0.5651046875 2 0 0 0 0 0 0
1 0.5533828125 0.7311171875 0.388015625 0.391921875 0.55859375 0.9166671875 2 0.7421875 0.9114578125 2 0.364265625 0.92214375 2 0.5729171875 0.5455734375 2 0 0 0 0 0 0
1 0.7897109375 0.7526015625 0.376296875 0.393234375 0.796875 0.9309890625 2 0.60546875 0.9361984375 2 0.9661453125 0.9244796875 2 0.8216140625 0.5598953125 2 0 0 0 0 0 0
1 0.7845 0.7265625 0.39453125 0.3984375 0.7799484375 0.5481765625 2 0.9752609375 0.5416671875 2 0.5950515625 0.5533859375 2 0.7643234375 0.9166671875 2 0 0 0 0 0 0
