1 0.3242265625 0.1660078125 0.229171875 0.251296875 0.41796875 0.1627609375 2 0.41796875 0.2825515625 2 0.4153640625 0.0442703125 2 0.2135421875 0.234375 2 0 0 0 0 0 0
1 0.30859375 0.322265625 0.2265625 0.26171875 0.3984375 0.3125 2 0.4127609375 0.1953125 2 0.38671875 0.4440109375 2 0.1953125 0.3463546875 2 0 0 0 0 0 0
1 0.279953125 0.4140546875 0.2265625 0.278640625 0.1809890625 0.4192703125 2 0.1848953125 0.2799484375 2 0.1744796875 0.5325515625 2 0.3893234375 0.3424484375 2 0 0 0 0 0 0
1 0.3033828125 0.462234375 0.231765625 0.265625 0.390625 0.4557296875 2 0.4114578125 0.3333328125 2 0.3671875 0.5859375 2 0.1953125 0.45703125 2 0 0 0 0 0 0
1 0.4960859375 0.5325546875 0.208328125 0.268234375 0.4153640625 0.5299484375 2 0.4322921875 0.4010421875 2 0.3971359375 0.6536453125 2 0.59375 0.5325515625 2 0 0 0 0 0 0
1 0.5195390625 0.5559921875 0.205734375 0.252609375 0.5963546875 0.5546875 2 0.6158859375 0.43359375 2 0.578125 0.6744796875 2 0.421875 0.5533859375 2 0 0 0 0 0 0
1 0.5351640625 0.2623671875 0.197921875 0.248703125 0.4609375 0.2604171875 2 0.4752609375 0.1393234375 2 0.4388015625 0.3815109375 2 0.6263015625 0.2721359375 2 0 0 0 0 0 0
1 0.5638046875 0.2545546875 0.200515625 0.240890625 0.6393234375 0.2552078125 2 0.65625 0.1419265625 2 0.62109375 0.37109375 2 0.46875 0.2408859375 2 0 0 0 0 0 0
1 0.5364609375 0.4036484375 0.205734375 0.239578125 0.6106765625 0.3984375 2 0.6276046875 0.29296875 2 0.58984375 0.5182296875 2 0.4375 0.3880203125 2 0 0 0 0 0 0
1 0.7102890625 0.5000078125 0.188796875 0.252609375 0.6419265625 0.4934890625 2 0.6575515625 0.3763015625 2 0.6223953125 0.6197921875 2 0.7981765625 0.49609375 2 0 0 0 0 0 0
1 0.733078125 0.517578125 0.1875 0.24609375 0.8059890625 0.51171875 2 0.8190109375 0.3971359375 2 0.7903640625 0.6276046875 2 0.6419265625 0.51171875 2 0 0 0 0 0 0
1 0.7408828125 0.3711015625 0.182296875 0.236984375 0.8098953125 0.375 2 0.7955734375 0.4817703125 2 0.82421875 0.2526046875 2 0.6510421875 0.359375 2 0 0 0 0 0 0
1 0.73828125 0.2337265625 0.1796875 0.235671875 0.6705734375 0.23828125 2 0.6861984375 0.1158859375 2 0.6536453125 0.3359375 2 0.8229171875 0.25 2 0 0 0 0 0 0
1 0.7701875 0.2311171875 0.18359375 0.233078125 0.8372390625 0.2317703125 2 0.8229171875 0.34375 2 0.85546875 0.1276046875 2 0.6809890625 0.2161453125 2 0 0 0 0 0 0
1 0.900390625 0.48828125 0.16796875 0.2421875 0.8359375 0.48046875 2 0.8502609375 0.3684890625 2 0.8203125 0.5950515625 2 0.9830734375 0.4869796875 2 0 0 0 0 0 0
1 0.9158828125 0.501953125 0.165109375 0.23828125 0.9856765625 0.50390625 2 0.9986984375 0.4075515625 2 0.96875 0.61328125 2 0.8424484375 0.4973953125 2 0 0 0 0 0 0
1 0.9251328125 0.237625 0.147140625 0.23046875 0.8671875 0.2408859375 2 0.8828125 0.1263015625 2 0.85546875 0.3333328125 2 0.99609375 0.2473953125 2 0 0 0 0 0 0
