2 0.5627 0.1688666667 0.3317333333 0.1874666667 0.7137566667 0.1736666667 2 0.7084666667 0.2551833333 2 0.7201066667 0.0826233333 2 0.40582 0.1694333333 2 0.40582 0.2615366667 2 0.4026466667 0.07627 2
2 0.42355 0.2826166667 0.1370333333 0.1356333333 0.3698133333 0.2884666667 2 0.3730166667 0.3483466667 2 0.3650033333 0.22451 2 0.4804833333 0.2795266667 2 0.48392 0.33729 2 0.4770466667 0.21901 2
2 0.5804833333 0.2609 0.1340333333 0.1264 0.6385833333 0.2609566667 2 0.6413333333 0.19769 1 0.6372066667 0.32285 2 0.52654 0.2609566667 2 0.5272266667 0.19838 2 0.52585 0.3214733333 2
2 0.6873833333 0.3906666667 0.1251 0.137 0.68945 0.3276633333 2 0.7465033333 0.3262866667 2 0.62621 0.3276633333 2 0.6873866667 0.45076 2 0.7375666667 0.44801 2 0.63102 0.45351 2
2 0.8114666667 0.3846666667 0.1258 0.1294 0.8138666667 0.3269766667 2 0.87092 0.3249133333 2 0.7595633333 0.3269766667 2 0.8063066667 0.44457 2 0.8619833333 0.4452566667 2 0.7506266667 0.4438833333 2
2 0.7477166667 0.4070166667 0.1185666667 0.1369666667 0.7506266667 0.3427933333 2 0.8063066667 0.3427933333 2 0.6922 0.3421066667 2 0.74444 0.4700133333 2 0.7980566667 0.4693266667 2 0.68945 0.47139 2
2 0.8735166667 0.40375 0.1158333333 0.1325 0.8722933333 0.3441666667 2 0.9307233333 0.3448566667 2 0.81799 0.34348 2 0.86542 0.4652 2 0.9114766667 0.4645133333 2 0.8200533333 0.4665766667 2
2 0.68325 0.5206 0.1251 0.1410666667 0.6818866667 0.5807333333 2 0.7355033333 0.5766066667 2 0.6241466667 0.5855466667 2 0.6853233333 0.4603866667 2 0.7437533333 0.4576366667 2 0.62621 0.4631366667 2
2 0.7398 0.5328 0.116 0.1274666667 0.73834 0.5884166667 2 0.78953 0.5867633333 2 0.69004 0.5900666667 2 0.7416433333 0.47484 2 0.7949 0.4740133333 2 0.6904533333 0.4752533333 2
2 0.80265 0.51515 0.1191 0.1318333333 0.8056333333 0.5735466667 2 0.85352 0.5718966667 2 0.7474233333 0.5747866667 2 0.8130633333 0.4566666667 2 0.8617766667 0.4566666667 2 0.7540266667 0.4562533333 2
2 0.8555833333 0.5291 0.1172333333 0.1225333333 0.8568233333 0.58346 2 0.90347 0.5838733333 2 0.7986133333 0.5855233333 2 0.86508 0.4731866667 2 0.9129666667 0.4731866667 2 0.8180166667 0.4715333333 2
2 0.6318166667 0.6630666667 0.1172333333 0.1355333333 0.6355466667 0.6060933333 2 0.57445 0.6065066667 2 0.6875633333 0.6036166667 2 0.6367866667 0.7176066667 2 0.57734 0.72339 2 0.6838466667 0.71389 2
2 0.76405 0.6573833333 0.1187 0.1279 0.7676533333 0.6003133333 2 0.82297 0.6007266667 2 0.7065533333 0.6003133333 2 0.7622833333 0.71265 2 0.81265 0.71141 2 0.7053166667 0.7159533333 2
2 0.6964333333 0.674 0.116 0.1351333333 0.69004 0.6127033333 2 0.74701 0.6118766667 2 0.6400866667 0.6139433333 2 0.6892133333 0.7341266667 2 0.7399933333 0.7324733333 1 0.64339 0.7353666667 1
2 0.6376 0.7897166667 0.1180666667 0.1333 0.6413266667 0.7337133333 2 0.5822933333 0.7382566667 2 0.69458 0.72752 2 0.6392633333 0.84316 2 0.5839433333 0.8493566667 2 0.6949933333 0.8369633333 2
2 0.7015 0.7972333333 0.1199333333 0.1286666667 0.7011866667 0.85018 2 0.75444 0.84729 2 0.6450433333 0.8547233333 2 0.7036633333 0.7428 2 0.7606333333 0.74032 2 0.64628 0.7448633333 2
2 0.766 0.7792666667 0.1156 0.1324 0.7684766667 0.8349 2 0.8163666667 0.8324233333 2 0.71192 0.8382033333 2 0.7693033333 0.7266933333 2 0.8225566667 0.7238 2 0.71646 0.7287566667 2
2 0.8192666667 0.7839166667 0.1114666667 0.1243666667 0.81843 0.8365533333 2 0.86797 0.8328366667 2 0.7664133333 0.8394433333 1 0.8209066667 0.7312366667 2 0.8733366667 0.7295833333 2 0.7750833333 0.7328866667 2
2 0.8170833333 0.6565166667 0.0997 0.1165666667 0.8093466667 0.7118233333 2 0.7713666667 0.71265 1 0.8572366667 0.7109966667 2 0.8118233333 0.60527 2 0.7726066667 0.60568 2 0.8634266667 0.6036166667 2
2 0.2808333333 0.5308333333 0.1342 0.1363333333 0.34107 0.52461 2 0.34336 0.5830033333 2 0.3387833333 0.4662133333 2 0.2208933333 0.52976 2 0.2231833333 0.5950266667 2 0.2180333333 0.4707933333 2
2 0.4079 0.5185333333 0.1233333333 0.1206666667 0.3519433333 0.5206 2 0.3502266667 0.46106 2 0.3525166667 0.5755633333 2 0.46239 0.51831 2 0.4629633333 0.4616333333 2 0.46239 0.57728 2
2 0.2878666667 0.6836666667 0.1419333333 0.1478666667 0.2935733333 0.6248 2 0.35366 0.6185 2 0.2214666667 0.62938 2 0.2970066667 0.74789 2 0.35824 0.74102 2 0.2334833333 0.7536133333 2
2 0.2985 0.8106 0.1368 0.1445333333 0.3007333333 0.86999 2 0.36467 0.8588333333 2 0.2397666667 0.8781733333 2 0.2996166667 0.7532166667 2 0.3613233333 0.7494966667 2 0.2427433333 0.75619 2
2 0.3672666667 0.8119 0.1278666667 0.1464 0.3702466667 0.8703633333 2 0.4293533333 0.8632966667 2 0.3077933333 0.8778 2 0.36876 0.7573066667 2 0.42898 0.7524733333 2 0.3037066667 0.7632566667 2
2 0.3628166667 0.6913666667 0.1345666667 0.1422666667 0.3635566667 0.6316066667 2 0.4271233333 0.62863 2 0.2966433333 0.6349533333 2 0.3657866667 0.7513566667 2 0.4282366667 0.7454066667 2 0.3007333333 0.7569333333 1
2 0.4376333333 0.6634 0.1247333333 0.1342666667 0.4379033333 0.60483 2 0.4992366667 0.6033433333 2 0.3780533333 0.6059466667 2 0.4386466667 0.72421 2 0.49515 0.7219766667 2 0.3758233333 0.72607 2
2 0.4343833333 0.7866333333 0.1215666667 0.1322666667 0.4353 0.8417266667 2 0.4940333333 0.8376366667 2 0.3735933333 0.8469333333 2 0.43567 0.73016 2 0.4947766667 0.7268133333 2 0.37545 0.73202 2
2 0.49365 0.79425 0.1197 0.1237 0.49329 0.8473066667 2 0.5457033333 0.84582 2 0.43753 0.8495366667 2 0.4962633333 0.7387133333 2 0.5538833333 0.7372266667 2 0.4408766667 0.7402 2
2 0.5013 0.67575 0.1193333333 0.1303666667 0.5029566667 0.6159866667 2 0.55983 0.6137566667 2 0.4427333333 0.61673 2 0.5014666667 0.7335066667 2 0.5542533333 0.7327633333 2 0.4423633333 0.7349933333 2
