3 0.3699278846 0.3793990385 0.154375 0.1166826923 0.3632475962 0.4291899038 2 0.3002139423 0.3297884615 2 0.4444447115 0.3329927885 2 0 0 0 0 0 0 0 0 0
3 0.3824879808 0.3345192308 0.1559855769 0.1166826923 0.3760697115 0.3842980769 2 0.3076923077 0.2795528846 2 0.4540600962 0.2848966346 2 0 0 0 0 0 0 0 0 0
3 0.375 0.2821634615 0.1538461538 0.1145192308 0.3707259615 0.3276490385 2 0.3055552885 0.2314543269 2 0.4476490385 0.2314543269 2 0 0 0 0 0 0 0 0 0
3 0.3728725962 0.2303245192 0.1559855769 0.1198317308 0.3707259615 0.2795528846 2 0.3034182692 0.1790817308 2 0.4433774038 0.1833557692 2 0 0 0 0 0 0 0 0 0
3 0.3800721154 0.1843629808 0.1479807692 0.1176682692 0.3760697115 0.2325240385 2 0.3079543269 0.1272163462 2 0.4529927885 0.1341899038 2 0 0 0 0 0 0 0 0 0
3 0.3776682692 0.1322836538 0.1527884615 0.1128365385 0.3728629808 0.1833557692 2 0.3055552885 0.0818173077 2 0.4519230769 0.0850240385 2 0 0 0 0 0 0 0 0 0
3 0.3792788462 0.08125 0.1495673077 0.1229807692 0.3728629808 0.1309831731 2 0.3087620192 0.0251682692 2 0.4476490385 0.0326490385 2 0 0 0 0 0 0 0 0 0
3 0.2988822115 0.4013100962 0.1458413462 0.1220432692 0.2927355769 0.3468894231 2 0.2275649038 0.4484278846 2 0.3664543269 0.4559110577 2 0 0 0 0 0 0 0 0 0
3 0.2975480769 0.3526442308 0.1549038462 0.1226923077 0.2970096154 0.3019975962 2 0.3730480769 0.4122427885 2 0.2232908654 0.40246875 2 0 0 0 0 0 0 0 0 0
3 0.3066225962 0.3045673077 0.1559855769 0.1162980769 0.3069591346 0.2576322115 2 0.3756923077 0.3584399038 2 0.2348918269 0.3530985577 2 0 0 0 0 0 0 0 0 0
3 0.3061298077 0.2549278846 0.1504807692 0.1134134615 0.3069591346 0.2062283654 2 0.3763605769 0.3056995192 2 0.2368918269 0.3030288462 2 0 0 0 0 0 0 0 0 0
3 0.3029567308 0.2033774038 0.1508173077 0.1144471154 0.3036225962 0.1554903846 2 0.3716899038 0.2576322115 2 0.2308870192 0.2536274038 2 0 0 0 0 0 0 0 0 0
3 0.3089663462 0.1585216346 0.1508173077 0.1160336538 0.3089615385 0.1105168269 2 0.3783629808 0.2113245192 2 0.2382283654 0.2073197115 2 0 0 0 0 0 0 0 0 0
3 0.3062860577 0.105625 0.1521394231 0.1157211538 0.3096298077 0.0531033654 2 0.3770264423 0.1585841346 2 0.2355576923 0.1552451923 2 0 0 0 0 0 0 0 0 0
3 0.3019591346 0.0562259615 0.1528125 0.1124519231 0.3082956731 0.0064158654 2 0.3710216346 0.1058870192 2 0.2355576923 0.1005480769 2 0 0 0 0 0 0 0 0 0
3 0.2260576923 0.3841706731 0.1458173077 0.1110336538 0.2208774038 0.4336778846 2 0.1588197115 0.3348725962 2 0.2936129808 0.3402139423 1 0 0 0 0 0 0 0 0 0
3 0.2238822115 0.3462980769 0.1474759615 0.1173557692 0.216875 0.3929543269 2 0.1534807692 0.2908125 2 0.2916129808 0.2981538462 1 0 0 0 0 0 0 0 0 0
3 0.2295673077 0.2908894231 0.1508173077 0.1146634615 0.2235480769 0.3375432692 2 0.1581514423 0.2387403846 2 0.2982860577 0.2447475962 2 0 0 0 0 0 0 0 0 0
3 0.2275600962 0.2401682692 0.1468028846 0.1133173077 0.2228798077 0.2874735577 2 0.1588197115 0.1893365385 2 0.2969495192 0.1926754808 2 0 0 0 0 0 0 0 0 0
3 0.2332091346 0.1902764423 0.1461298077 0.1116105769 0.2262163462 0.23940625 2 0.16415625 0.1399350962 2 0.3016225962 0.1439399038 1 0 0 0 0 0 0 0 0 0
3 0.2318870192 0.1435576923 0.1474759615 0.1142788462 0.2248822115 0.1933413462 2 0.1634903846 0.0905336538 2 0.2996201923 0.0932043269 2 0 0 0 0 0 0 0 0 0
3 0.2310456731 0.0894831731 0.1518028846 0.1182451923 0.2268846154 0.1399350962 2 0.1581514423 0.037125 2 0.3022884615 0.0417980769 2 0 0 0 0 0 0 0 0 0
3 0.1491346154 0.0552163462 0.1501442308 0.1104326923 0.1514783654 0 2 0.2142043269 0.1012139423 2 0.0794086538 0.0992115385 2 0 0 0 0 0 0 0 0 0
3 0.1549759615 0.1034855769 0.1444711538 0.11 0.1554807692 0.0524807692 2 0.2215456731 0.1559567308 2 0.08675 0.1499495192 2 0 0 0 0 0 0 0 0 0
3 0.1584855769 0.1548677885 0.1434615385 0.1113221154 0.1594855769 0.1072235577 2 0.2248822115 0.2066947115 2 0.0907524038 0.2020216346 2 0 0 0 0 0 0 0 0 0
3 0.1502524038 0.2 0.1425240385 0.1138461538 0.1535456731 0.1505793269 2 0.2182451923 0.2537692308 2 0.08275 0.2481418269 2 0 0 0 0 0 0 0 0 0
3 0.1518990385 0.2522836538 0.1420673077 0.1133653846 0.1530769231 0.2021754808 2 0.2211418269 0.3073461538 2 0.08415625 0.3025504808 2 0 0 0 0 0 0 0 0 0
3 0.1528365385 0.3036418269 0.1458173077 0.1091105769 0.1544831731 0.2579903846 2 0.2219951923 0.3560216346 2 0.08696875 0.3518004808 2 0 0 0 0 0 0 0 0 0
3 0.1441706731 0.3900240385 0.1462740385 0.1121153846 0.1427620192 0.3428870192 2 0.0761875 0.4432620192 2 0.2121490385 0.4413870192 2 0 0 0 0 0 0 0 0 0
3 0.0870793269 0.3725841346 0.1310336538 0.1113221154 0.0752475962 0.4216875 2 0.0227379808 0.3363197115 2 0.1483870192 0.32178125 2 0 0 0 0 0 0 0 0 0
3 0.0853365385 0.334375 0.1383173077 0.1099038462 0.080875 0.3827548077 2 0.0175817308 0.2809735577 2 0.1512019231 0.2847259615 2 0 0 0 0 0 0 0 0 0
3 0.0867427885 0.2855048077 0.1411298077 0.1204326923 0.0836875 0.3325697115 2 0.0203942308 0.2296105769 2 0.1535456731 0.2373533654 2 0 0 0 0 0 0 0 0 0
3 0.0828605769 0.2349639423 0.1432211538 0.1121875 0.07759375 0.2802668269 2 0.0152379808 0.1803605769 2 0.1512019231 0.1859903846 2 0 0 0 0 0 0 0 0 0
3 0.0850961538 0.1878245192 0.1378365385 0.1135817308 0.07759375 0.2324254808 2 0.0180504808 0.1339254808 2 0.1521394231 0.1409615385 1 0 0 0 0 0 0 0 0 0
3 0.0860336538 0.1367307692 0.1397115385 0.1098557692 0.08134375 0.1883966346 2 0.0199254808 0.0842692308 2 0.1521394231 0.0908341346 2 0 0 0 0 0 0 0 0 0
3 0.6693990385 0.4430048077 0.3325 0.4621634615 0.5214951923 0.3925697115 2 0.8254350962 0.2197211538 2 0.6089399038 0.6705408654 2 0 0 0 0 0 0 0 0 0
3 0.7727043269 0.3946634615 0.3543509615 0.4882211538 0.6124663462 0.3572956731 2 0.9454350962 0.1575336538 1 0.71471875 0.6359711538 2 0 0 0 0 0 0 0 0 0
3 0.2250841346 0.8995913462 0.2841105769 0.1870673077 0.2261658654 0.9818822115 2 0.0869206731 0.8153365385 2 0.3576274038 0.8088317308 2 0 0 0 0 0 0 0 0 0
3 0.6845552885 0.8824879808 0.3079086538 0.2104086538 0.6836875 0.7937163462 2 0.5366586538 0.9797475962 2 0.8281225962 0.9806129808 2 0 0 0 0 0 0 0 0 0
3 0.7792548077 0.8265144231 0.2551442308 0.1680288462 0.7917980769 0.8975480769 1 0.8981778846 0.7487235577 2 0.6793629808 0.7495889423 1 0 0 0 0 0 0 0 0 0
3 0.8175240385 0.8795072115 0.2590384615 0.1883894231 0.8212019231 0.9607115385 1 0.9379615385 0.7954471154 2 0.6983894231 0.8032355769 1 0 0 0 0 0 0 0 0 0
