1 0.3600234375 0.7623671875 0.399734375 0.384109375 0.3567703125 0.5833328125 2 0.1731765625 0.5794265625 2 0.5481765625 0.5872390625 2 0.3450515625 0.9505203125 2 0 0 0 0 0 0
1 0.7753828125 0.7610703125 0.399734375 0.384109375 0.7721359375 0.58203125 2 0.5885421875 0.578125 2 0.9635421875 0.5859375 2 0.7604171875 0.94921875 2 0 0 0 0 0 0
1 0.3131484375 0.7845078125 0.399734375 0.384109375 0.3111984375 0.9622390625 2 0.5 0.9674484375 2 0.125 0.9596359375 2 0.3111984375 0.609375 2 0 0 0 0 0 0
1 0.5618515625 0.7636640625 0.399734375 0.384109375 0.5598953125 0.94140625 2 0.7473953125 0.94140625 2 0.3736984375 0.9388015625 2 0.5690109375 0.5872390625 2 0 0 0 0 0 0
1 0.8001328125 0.7858046875 0.399734375 0.384109375 0.7981765625 0.9635421875 2 0.9856765625 0.9635421875 2 0.6119796875 0.9609375 2 0.8072921875 0.609375 2 0 0 0 0 0 0
1 0.2558671875 0.391921875 0.264328125 0.265625 0.26171875 0.5104171875 2 0.3776046875 0.5143234375 2 0.1393234375 0.5104171875 2 0.2591140625 0.2734375 2 0 0 0 0 0 0
1 0.2558671875 0.391921875 0.264328125 0.265625 0.26171875 0.5104171875 2 0.3776046875 0.5143234375 2 0.1393234375 0.5104171875 2 0.2591140625 0.2734375 2 0 0 0 0 0 0
1 0.2779921875 0.3795546875 0.259109375 0.256515625 0.28125 0.265625 2 0.3958328125 0.2669265625 2 0.1614578125 0.2630203125 2 0.27734375 0.4934890625 2 0 0 0 0 0 0
1 0.4082109375 0.37890625 0.264328125 0.265625 0.4140625 0.4973953125 2 0.5299484375 0.5013015625 2 0.2916671875 0.4973953125 2 0.4114578125 0.2721359375 2 0 0 0 0 0 0
1 0.5423203125 0.3847734375 0.259109375 0.256515625 0.5455734375 0.2708328125 2 0.66015625 0.2721359375 2 0.42578125 0.2682296875 2 0.5416671875 0.4986984375 2 0 0 0 0 0 0
1 0.5527421875 0.39453125 0.264328125 0.265625 0.55859375 0.5130203125 2 0.6744796875 0.5169265625 2 0.4361984375 0.5130203125 2 0.5598953125 0.2786453125 2 0 0 0 0 0 0
