1 0.7701484375 0.3175390625 0.459703125 0.367359375 0.590125 0.3136265625 2 0.553975 0.4875375 2 0.6194359375 0.1514390625 2 0.9516265625 0.4025359375 2 0 0 0 0 0 0
1 0.6900390625 0.7034609375 0.459703125 0.367359375 0.510009375 0.699553125 2 0.473859375 0.8734640625 2 0.5354125 0.5354125 2 0.8754171875 0.7845546875 2 0 0 0 0 0 0
1 0.218125 0.5334609375 0.43625 0.367359375 0.0263796875 0.52955 2 0 0 0 0.055690625 0.368340625 2 0.3917890625 0.6145515625 2 0 0 0 0 0 0
1 0.282609375 0.1685390625 0.46165625 0.337078125 0.103565625 0.1494859375 2 0.067415625 0.323396875 2 0 0 0 0.4689734375 0.2344875 2 0 0 0 0 0 0
1 0.3270625 0.2071328125 0.43528125 0.371265625 0.492921875 0.209084375 2 0.529071875 0.0351734375 2 0.4636109375 0.37029375 2 0.1275140625 0.1240828125 2 0 0 0 0 0 0
1 0.2445 0.65021875 0.44015625 0.36834375 0.41280625 0.654609375 2 0.44895625 0.4806984375 2 0.3834953125 0.81581875 2 0.047396875 0.5696078125 2 0 0 0 0 0 0
1 0.26696875 0.423546875 0.44015625 0.36834375 0.4352765625 0.4279390625 2 0.471428125 0.254028125 2 0.4059671875 0.5891484375 2 0.06986875 0.3429375 2 0 0 0 0 0 0
1 0.74396875 0.589296875 0.44015625 0.36834375 0.912275 0.5936984375 2 0.93999375 0.419534375 2 0.8898609375 0.755953125 2 0.546865625 0.508696875 2 0 0 0 0 0 0
1 0.731796875 0.811453125 0.44015625 0.36834375 0.9001015625 0.8158421875 2 0.9278203125 0.641678125 2 0.8776875 0.978096875 2 0.5163078125 0.74149375 2 0 0 0 0 0 0
1 0.793609375 0.366140625 0.41278125 0.36834375 0.9756046875 0.370540625 2 0 0 0 0.953190625 0.53279375 2 0.606584375 0.2911203125 2 0 0 0 0 0 0
