3 0.5961418269 0.8003846154 0.3205048077 0.2272115385 0.5822644231 0.7049495192 2 0.4444447115 0.8748966346 2 0.7478629808 0.9016177885 2 0 0 0 0 0 0 0 0 0
3 0.5667788462 0.7218389423 0.3279807692 0.2112259615 0.5523509615 0.62371875 2 0.7190168269 0.8214543269 2 0.4134615385 0.8107668269 2 0 0 0 0 0 0 0 0 0
3 0.533125 0.6617427885 0.3312019231 0.2192548077 0.5224350962 0.5702764423 2 0.6880336538 0.7669423077 2 0.3760697115 0.7509110577 2 0 0 0 0 0 0 0 0 0
3 0.5237740385 0.5535456731 0.3274519231 0.2144951923 0.5106850962 0.4601850962 2 0.6773509615 0.6547139423 2 0.3717956731 0.6515072115 2 0 0 0 0 0 0 0 0 0
3 0.4885216346 0.4715264423 0.3338701923 0.2150721154 0.4700865385 0.3757475962 2 0.6431634615 0.5692067308 2 0.3322644231 0.5692067308 2 0 0 0 0 0 0 0 0 0
3 0.4858413462 0.37828125 0.3327884615 0.2252644231 0.4679495192 0.2902403846 2 0.6399567308 0.47621875 2 0.3344014423 0.4815625 2 0 0 0 0 0 0 0 0 0
3 0.5138942308 0.2850480769 0.3312019231 0.2290384615 0.5 0.1897692308 2 0.6688028846 0.3725408654 2 0.35790625 0.39178125 2 0 0 0 0 0 0 0 0 0
3 0.5021274038 0.2102524038 0.3290625 0.2312259615 0.4914543269 0.1160192308 2 0.6570504808 0.3041346154 2 0.3450865385 0.3148245192 2 0 0 0 0 0 0 0 0 0
3 0.4973197115 0.1223557692 0.3386778846 0.2307211538 0.4797019231 0.0273052885 2 0.6538461538 0.2058028846 2 0.3397427885 0.2293173077 2 0 0 0 0 0 0 0 0 0
3 0.3637860577 0.1045072115 0.3044951923 0.2090144231 0.3536322115 0.1993894231 1 0.2179495192 0.0433389423 2 0.5 0.0005841346 1 0 0 0 0 0 0 0 0 0
3 0.3499038462 0.19 0.3023557692 0.2282692308 0.3429495192 0.2838269231 2 0.2051274038 0.1192259615 2 0.4914543269 0.0807475962 2 0 0 0 0 0 0 0 0 0
3 0.3482932692 0.2778966346 0.2991346154 0.2213701923 0.3397427885 0.3757475962 2 0.2040600962 0.2058028846 2 0.4871802885 0.1694615385 2 0 0 0 0 0 0 0 0 0
3 0.3704567308 0.3580408654 0.3018269231 0.2085817308 0.3600432692 0.4505673077 1 0.2254278846 0.2923774038 2 0.5053413462 0.2603125 2 0 0 0 0 0 0 0 0 0
3 0.3343990385 0.4526201923 0.3034134615 0.2246634615 0.3269230769 0.544625 2 0.1923076923 0.3746778846 2 0.4775649038 0.3500961538 2 0 0 0 0 0 0 0 0 0
3 0.3808653846 0.5346153846 0.3322596154 0.2316346154 0.3728629808 0.62371875 2 0.23290625 0.4527043269 1 0.5160264423 0.4452235577 1 0 0 0 0 0 0 0 0 0
3 0.3763221154 0.6273197115 0.2943269231 0.2151201923 0.3707259615 0.7167067308 2 0.2350432692 0.5350048077 2 0.5192307692 0.5296610577 2 0 0 0 0 0 0 0 0 0
3 0.3683173077 0.729375 0.3039423077 0.2140865385 0.3611105769 0.8150408654 2 0.2243581731 0.63440625 2 0.5085480769 0.6397524038 2 0 0 0 0 0 0 0 0 0
3 0.3910216346 0.8079086538 0.2948798077 0.2109134615 0.3835480769 0.8909278846 2 0.2489326923 0.7102956731 2 0.5288461538 0.7135024038 2 0 0 0 0 0 0 0 0 0
3 0.1963221154 0.1502043269 0.2740384615 0.2159855769 0.1891033654 0.0593701923 2 0.0694447115 0.2485552885 2 0.3279927885 0.2186274038 2 0 0 0 0 0 0 0 0 0
3 0.2056610577 0.2490504808 0.2767067308 0.2213701923 0.1955120192 0.1609110577 2 0.0758557692 0.3511634615 2 0.3386754808 0.3190985577 2 0 0 0 0 0 0 0 0 0
3 0.216875 0.3277884615 0.2799038462 0.2076442308 0.2008557692 0.2421418269 2 0.0833341346 0.4259831731 2 0.3450865385 0.4078125 2 0 0 0 0 0 0 0 0 0
3 0.1848317308 0.4044591346 0.2777884615 0.2177644231 0.1688028846 0.3116177885 2 0.3162403846 0.48690625 2 0.0555552885 0.5040072115 2 0 0 0 0 0 0 0 0 0
3 0.1909735577 0.4985096154 0.2761778846 0.2091826923 0.1720096154 0.4110192308 2 0.0576923077 0.5937908654 2 0.3205120192 0.5852403846 2 0 0 0 0 0 0 0 0 0
3 0.2214182692 0.5727764423 0.2729807692 0.2016586538 0.2061971154 0.4879759615 2 0.0908125 0.6675408654 2 0.3504278846 0.6557836538 2 0 0 0 0 0 0 0 0 0
3 0.22890625 0.6678966346 0.2761778846 0.2037740385 0.2094014423 0.5873774038 2 0.35790625 0.7615985577 2 0.0982908654 0.7498413462 2 0 0 0 0 0 0 0 0 0
3 0.2371754808 0.7341466346 0.2564182692 0.1930528846 0.2361105769 0.6450961538 1 0.1143173077 0.8139735577 2 0.3632475962 0.8171778846 1 0 0 0 0 0 0 0 0 0
3 0.2735096154 0.7894471154 0.2585576923 0.1882211538 0.2681634615 0.6996057692 1 0.1581201923 0.8599326923 2 0.3888894231 0.8438990385 1 0 0 0 0 0 0 0 0 0
