1 0.15690625 0.2727890625 0.29296875 0.423171875 0.1575515625 0.0716140625 2 0.0182296875 0.0690109375 2 0.2981765625 0.07421875 2 0.1510421875 0.4765625 2 0 0 0 0 0 0
1 0.1432265625 0.2923203125 0.286453125 0.420578125 0.1276046875 0.48828125 2 0.2747390625 0.48828125 2 0.0013015625 0.4869796875 2 0.1302078125 0.0859375 2 0 0 0 0 0 0
1 0.3046953125 0.2701796875 0.283859375 0.420578125 0.2994796875 0.4609375 2 0.4361984375 0.46484375 2 0.1653640625 0.4609375 2 0.306309375 0.065196875 2 0 0 0 0 0 0
1 0.3274765625 0.2363359375 0.298171875 0.428390625 0.3255203125 0.0299484375 2 0.1822921875 0.03125 2 0.4674484375 0.0299484375 2 0.3257703125 0.4451203125 2 0 0 0 0 0 0
1 0.463546875 0.2858046875 0.3046875 0.420578125 0.4557296875 0.484375 2 0.3203125 0.4895828125 2 0.6067703125 0.4869796875 2 0.4609375 0.0807296875 2 0 0 0 0 0 0
1 0.481765625 0.2584609375 0.296875 0.423171875 0.4791671875 0.0572921875 2 0.33984375 0.0598953125 2 0.6223953125 0.0559890625 2 0.480075 0.4647171875 2 0 0 0 0 0 0
1 0.6282578125 0.2799453125 0.243484375 0.416671875 0.6145828125 0.4739578125 2 0.5091140625 0.4752609375 2 0.7473953125 0.4739578125 2 0.6197921875 0.0755203125 2 0 0 0 0 0 0
1 0.65559375 0.2532578125 0.27734375 0.430984375 0.6393234375 0.0494796875 2 0.5234375 0.0481765625 2 0.78515625 0.0520828125 2 0.6341140625 0.45703125 2 0 0 0 0 0 0
1 0.800125 0.283859375 0.30078125 0.421875 0.7942703125 0.0846359375 2 0.6536453125 0.0859375 2 0.9440109375 0.0846359375 2 0.7916671875 0.4856765625 2 0 0 0 0 0 0
1 0.7825546875 0.3059921875 0.315109375 0.419265625 0.7643234375 0.5065109375 2 0.6302078125 0.5052078125 2 0.9270828125 0.5052078125 2 0.7669265625 0.0989578125 2 0 0 0 0 0 0
1 0.1764296875 0.7311171875 0.298171875 0.430984375 0.1731765625 0.5299484375 2 0.03125 0.5299484375 2 0.3177078125 0.5286453125 2 0.1747296875 0.94118125 2 0 0 0 0 0 0
1 0.154296875 0.7656171875 0.30078125 0.427078125 0.1484375 0.9739578125 2 0.007696875 0.9737828125 2 0.300896875 0.9737828125 2 0.1525796875 0.5574671875 2 0 0 0 0 0 0
1 0.3255234375 0.75 0.299484375 0.421875 0.3294265625 0.9557296875 2 0.17955625 0.9556203125 2 0.4714859375 0.9556203125 2 0.3307296875 0.54296875 2 0 0 0 0 0 0
1 0.3378984375 0.7187421875 0.311203125 0.434890625 0.3385421875 0.5130203125 2 0.1875 0.515625 2 0.4908859375 0.5130203125 2 0.3361140625 0.930715625 2 0 0 0 0 0 0
1 0.4986953125 0.744140625 0.286453125 0.42578125 0.4973953125 0.5390625 2 0.3606765625 0.5403640625 2 0.63671875 0.5390625 2 0.49609375 0.9518234375 2 0 0 0 0 0 0
1 0.673171875 0.732421875 0.328125 0.44140625 0.6707515625 0.5172828125 2 0.51325 0.5172828125 2 0.833103125 0.5172828125 2 0.671303125 0.9475609375 2 0 0 0 0 0 0
1 0.48503125 0.7662734375 0.30078125 0.436203125 0.4817703125 0.9700515625 2 0.3359375 0.96875 2 0.62890625 0.9713546875 2 0.484375 0.5546875 2 0 0 0 0 0 0
1 0.64909375 0.75846875 0.26953125 0.41015625 0.6471359375 0.9557296875 2 0.5182296875 0.9557296875 2 0.7799484375 0.953125 2 0.6536453125 0.55859375 2 0 0 0 0 0 0
1 0.8359375 0.739578125 0.3046875 0.4296875 0.8307296875 0.53515625 2 0.6888015625 0.5416671875 2 0.9778640625 0.5325515625 2 0.834196875 0.9490109375 2 0 0 0 0 0 0
1 0.8131484375 0.7688828125 0.295578125 0.430984375 0.8190109375 0.9739578125 2 0.669090625 0.9789421875 2 0.9583328125 0.9739578125 2 0.8114625 0.55881875 2 0 0 0 0 0 0
