3 0.44465625 0.2766875 0.69140625 0.41796875 0.3932296875 0.109375 2 0.1223953125 0.45703125 2 0.7552078125 0.4309890625 2 0 0 0 0 0 0 0 0 0
3 0.4453125 0.3977890625 0.6953125 0.438796875 0.4140625 0.2200515625 2 0.1223953125 0.5859375 2 0.7591140625 0.5572921875 2 0 0 0 0 0 0 0 0 0
3 0.46875 0.5162734375 0.6953125 0.438796875 0.4375 0.3385421875 2 0.13671875 0.7018234375 2 0.76953125 0.6927078125 2 0 0 0 0 0 0 0 0 0
3 0.46875 0.6165390625 0.6953125 0.415359375 0.4375 0.4505203125 2 0.1341140625 0.79296875 2 0.76953125 0.8046875 2 0 0 0 0 0 0 0 0 0
3 0.4668046875 0.73371875 0.717453125 0.44140625 0.4466140625 0.5546875 2 0.13671875 0.890625 2 0.78125 0.921875 2 0 0 0 0 0 0 0 0 0
3 0.06171875 0.378125 0.1234375 0.19375 0 0 0 0 0 0 0.0885421875 0.421875 2 0 0 0 0 0 0 0 0 0
3 0.06171875 0.478125 0.1234375 0.19375 0 0 0 0 0 0 0.0885421875 0.5208328125 2 0 0 0 0 0 0 0 0 0
3 0.0657578125 0.5800859375 0.123703125 0.194015625 0 0 0 0 0 0 0.1015625 0.6484375 2 0 0 0 0 0 0 0 0 0
3 0.0618515625 0.6725234375 0.123703125 0.194015625 0 0 0 0 0 0 0.09765625 0.7408859375 2 0 0 0 0 0 0 0 0 0
3 0.0618515625 0.7871171875 0.123703125 0.194015625 0 0 0 0 0 0 0.09765625 0.85546875 2 0 0 0 0 0 0 0 0 0
