3 0.3275120192 0.3874519231 0.2971394231 0.2411057692 0.3613293269 0.2855120192 2 0.1916947115 0.4281875 2 0.4680985577 0.5030168269 2 0 0 0 0 0 0 0 0 0
3 0.3288701923 0.426875 0.2844711538 0.2321153846 0.3563389423 0.3274182692 2 0.1916947115 0.4790721154 2 0.4675072115 0.5396105769 2 0 0 0 0 0 0 0 0 0
3 0.3238701923 0.4677644231 0.2844711538 0.2321153846 0.3513485577 0.3683245192 2 0.1867043269 0.5199783654 2 0.4625168269 0.5805168269 2 0 0 0 0 0 0 0 0 0
3 0.3188942308 0.5076923077 0.2844711538 0.2321153846 0.3463605769 0.4082331731 2 0.1817139423 0.5598870192 2 0.456125 0.6047860577 2 0 0 0 0 0 0 0 0 0
3 0.3168990385 0.5485817308 0.2844711538 0.2321153846 0.3443653846 0.4491394231 2 0.17971875 0.6007932692 2 0.4541298077 0.6456923077 2 0 0 0 0 0 0 0 0 0
3 0.3129086538 0.5810216346 0.2924519231 0.2191586538 0.3363822115 0.4880504808 2 0.1827115385 0.6456923077 2 0.4511346154 0.6676418269 2 0 0 0 0 0 0 0 0 0
3 0.3174519231 0.6219951923 0.2821634615 0.2229326923 0.3348389423 0.5255745192 2 0.18759375 0.6843052885 2 0.45575 0.7160096154 2 0 0 0 0 0 0 0 0 0
3 0.3254927885 0.6942908654 0.2782451923 0.1979086538 0.3305745192 0.6119543269 2 0.1937163462 0.7685600962 2 0.4580625 0.7778870192 2 0 0 0 0 0 0 0 0 0
3 0.3270192308 0.7329807692 0.2813461538 0.1954326923 0.3293100962 0.6485288462 2 0.1968245192 0.8083629808 2 0.4561971154 0.8096057692 2 0 0 0 0 0 0 0 0 0
3 0.3337259615 0.7651682692 0.2800961538 0.1916826923 0.3298100962 0.6859302885 2 0.1993125 0.8581153846 2 0.4611730769 0.8438125 2 0 0 0 0 0 0 0 0 0
3 0.3309975962 0.8078605769 0.2768990385 0.1930288462 0.3299134615 0.7279519231 2 0.2018004808 0.8927788462 2 0.4605504808 0.8772307692 2 0 0 0 0 0 0 0 0 0
3 0.3206490385 0.6594350962 0.2907211538 0.2057932692 0.3337692308 0.5715769231 2 0.1935985577 0.7288485577 2 0.4525384615 0.7438269231 2 0 0 0 0 0 0 0 0 0
3 0.6919591346 0.3867307692 0.2971394231 0.2411057692 0.7257788462 0.2847932692 2 0.5626778846 0.4217115385 2 0.8159447115 0.4949038462 2 0 0 0 0 0 0 0 0 0
3 0.6857451923 0.4333052885 0.2676442308 0.2430528846 0.7275192308 0.3283798077 2 0.5584711538 0.4553629808 2 0.8075288462 0.5411778846 2 0 0 0 0 0 0 0 0 0
3 0.6710697115 0.4704086538 0.2600721154 0.2337980769 0.71075 0.3701298077 2 0.5441658654 0.4890144231 2 0.7915432692 0.5765120192 2 0 0 0 0 0 0 0 0 0
3 0.6568389423 0.5065504808 0.2600721154 0.2346394231 0.6965048077 0.4058317308 2 0.5323870192 0.5260336538 2 0.7772379808 0.6160528846 2 0 0 0 0 0 0 0 0 0
3 0.6455889423 0.5428125 0.2651201923 0.2304326923 0.6827307692 0.4442139423 2 0.5222884615 0.5672572115 2 0.7663004808 0.6505456731 2 0 0 0 0 0 0 0 0 0
3 0.63234375 0.5773557692 0.2613221154 0.22 0.6661706731 0.4822860577 2 0.5121923077 0.6110048077 2 0.7536778846 0.6783100962 2 0 0 0 0 0 0 0 0 0
3 0.6297355769 0.6162259615 0.2586057692 0.2229326923 0.6589014423 0.5198076923 2 0.5029375 0.6513894231 2 0.7519951923 0.7161682692 2 0 0 0 0 0 0 0 0 0
3 0.6188461538 0.6767668269 0.2555288462 0.1979086538 0.6352836538 0.5944110577 2 0.4978894231 0.7385216346 2 0.739375 0.7637620192 2 0 0 0 0 0 0 0 0 0
3 0.6283653846 0.7196394231 0.2813461538 0.1954326923 0.6306538462 0.6351899038 2 0.4962067308 0.789 2 0.7461057692 0.8049855769 2 0 0 0 0 0 0 0 0 0
3 0.6249759615 0.7518269231 0.2800961538 0.1916826923 0.6210552885 0.6725913462 2 0.4877908654 0.8386370192 2 0.7435817308 0.8361129808 2 0 0 0 0 0 0 0 0 0
3 0.62140625 0.7928365385 0.2768990385 0.1930288462 0.6203173077 0.7129302885 2 0.4922067308 0.8777572115 2 0.7509567308 0.8622091346 2 0 0 0 0 0 0 0 0 0
3 0.6329326923 0.6427283654 0.2907211538 0.2057932692 0.6460504808 0.554875 2 0.4953629808 0.6985024038 2 0.7435817308 0.7372019231 2 0 0 0 0 0 0 0 0 0
