1 0.2695234375 0.2285234375 0.419265625 0.381515625 0.2747390625 0.0559890625 2 0.0690109375 0.0559890625 2 0.4765625 0.0559890625 2 0.27734375 0.4127609375 2 0 0 0 0 0 0
1 0.2421796875 0.2519609375 0.419265625 0.381515625 0.2473953125 0.4244796875 2 0.0416671875 0.4244796875 2 0.44921875 0.4244796875 2 0.24609375 0.0690109375 2 0 0 0 0 0 0
1 0.7005234375 0.2154921875 0.419265625 0.381515625 0.7057296875 0.04296875 2 0.5 0.04296875 2 0.9075515625 0.04296875 2 0.703125 0.39453125 2 0 0 0 0 0 0
1 0.4882734375 0.2233046875 0.419265625 0.381515625 0.4934890625 0.3958328125 2 0.2916671875 0.3971359375 2 0.6953125 0.3958328125 2 0.4921875 0.0403640625 2 0 0 0 0 0 0
1 0.7226484375 0.2389296875 0.419265625 0.381515625 0.7278640625 0.4114578125 2 0.5377609375 0.4114578125 2 0.9296875 0.4114578125 2 0.734375 0.0546875 2 0 0 0 0 0 0
1 0.2825546875 0.7402265625 0.419265625 0.462234375 0.2877609375 0.953125 2 0.08203125 0.953125 2 0.4778640625 0.9518234375 2 0.2760421875 0.5182296875 2 0 0 0 0 0 0
1 0.5156171875 0.71484375 0.419265625 0.4609375 0.5208328125 0.9270828125 2 0.328125 0.9322921875 2 0.7083328125 0.9192703125 2 0.5169265625 0.4986984375 2 0 0 0 0 0 0
1 0.7578046875 0.720046875 0.419265625 0.4609375 0.7630203125 0.9322921875 2 0.5703125 0.9375 2 0.9505203125 0.9244796875 2 0.7682296875 0.5169265625 2 0 0 0 0 0 0
1 0.3020859375 0.705734375 0.419265625 0.453125 0.3072921875 0.4973953125 2 0.1119796875 0.5 2 0.5091140625 0.4973953125 2 0.3125 0.9231765625 2 0 0 0 0 0 0
1 0.7200546875 0.69921875 0.419265625 0.453125 0.7252609375 0.4908859375 2 0.5364578125 0.4934890625 2 0.9192703125 0.4895828125 2 0.7252609375 0.9140625 2 0 0 0 0 0 0
