2 0.8328919861 0.1575147059 0.1056097561 0.117245098 0.8349860627 0.1028058824 2 0.8828135889 0.1022676471 2 0.7857229965 0.1033441176 2 0.8333135889 0.213095098 2 0.8805383275 0.2129205882 2 0.7845383275 0.213095098 2
2 0.7825174216 0.1528627451 0.0991114983 0.1155686275 0.7814303136 0.0987362745 2 0.8308292683 0.0978617647 2 0.7332752613 0.0990852941 2 0.7820522648 0.2083745098 2 0.8311393728 0.2076745098 2 0.7335853659 0.2083745098 2
2 0.728989547 0.1583186275 0.0986759582 0.1151470588 0.728304878 0.1046813725 2 0.77521777 0.1036323529 2 0.6823240418 0.1053803922 2 0.728304878 0.2136205882 2 0.7767700348 0.213095098 2 0.6807700348 0.2143196078 2
2 0.6265156794 0.1628137255 0.0965505226 0.1128039216 0.6257160279 0.1094029412 2 0.6732508711 0.1094029412 2 0.5856393728 0.1092284314 2 0.6263379791 0.2176421569 2 0.6735609756 0.2169431373 2 0.5797351916 0.2174676471 2
2 0.5764721254 0.1571470588 0.0978571429 0.1136470588 0.5753867596 0.1029333333 2 0.6244738676 0.1025833333 2 0.5284738676 0.1029333333 2 0.5753867596 0.2116970588 2 0.6241637631 0.211172549 2 0.5306480836 0.2120470588 2
2 0.5245296167 0.1635147059 0.0998606272 0.1142058824 0.5241236934 0.1087039216 2 0.5741428571 0.1081794118 2 0.4746010453 0.109404902 2 0.5256777003 0.2179921569 2 0.5729006969 0.2174676471 2 0.4781428571 0.2183421569 2
2 0.4345209059 0.1612941176 0.1062543554 0.1148039216 0.4404250871 0.1080058824 2 0.4857857143 0.108704902 1 0.3956881533 0.1067813725 2 0.4301724739 0.2144960784 2 0.475533101 0.2157205882 2 0.3820174216 0.213272549 2
2 0.3805226481 0.1650294118 0.1086062718 0.1143137255 0.3857456446 0.1113284314 2 0.4339006969 0.1115029412 2 0.3347944251 0.1108029412 2 0.3770470383 0.2176441176 2 0.4230278746 0.2190431373 2 0.3282700348 0.2169441176 2
2 0.2895644599 0.1488970588 0.0966898955 0.1139313725 0.2885017422 0.0942970588 2 0.3360348432 0.0942970588 2 0.2422108014 0.0941215686 2 0.2903658537 0.2041098039 2 0.3372787456 0.2037598039 2 0.2425209059 0.2046343137 2
2 0.2390940767 0.1449117647 0.0994076655 0.1156078431 0.2369285714 0.0901 2 0.2844616725 0.0901 2 0.1906376307 0.0901 2 0.2391027875 0.1999137255 2 0.2857055749 0.1997382353 2 0.1906376307 0.2004382353 2
2 0.1878397213 0.1495441176 0.1012891986 0.1143823529 0.1856655052 0.0946470588 2 0.2347543554 0.0948215686 2 0.1390644599 0.0946470588 2 0.1890836237 0.2049843137 2 0.2369285714 0.2048098039 2 0.1393745645 0.2048098039 2
2 0.166402439 0.2860931373 0.0956968641 0.1126372549 0.1704425087 0.2329421569 2 0.2139372822 0.2331166667 2 0.1241515679 0.2317176471 2 0.1660940767 0.3394333333 2 0.2123850174 0.3404823529 2 0.118869338 0.3383833333 2
2 0.2205226481 0.282245098 0.0980487805 0.1133333333 0.2204616725 0.2292705882 2 0.2689285714 0.229445098 2 0.1751027875 0.2283960784 2 0.2173554007 0.3357607843 2 0.2652003484 0.3368098039 2 0.1713745645 0.3354107843 2
2 0.2699912892 0.2879264706 0.10228223 0.1142058824 0.2723466899 0.2343411765 2 0.3201916376 0.2352156863 2 0.2238797909 0.2334666667 2 0.2676864111 0.3424058824 2 0.3167735192 0.343104902 2 0.2195296167 0.3415313725 2
2 0.3797735192 0.2958088235 0.0951916376 0.1115196078 0.3792212544 0.2429794118 2 0.4258240418 0.2438539216 2 0.3338623693 0.2426294118 2 0.3767351916 0.3484215686 2 0.4224059233 0.3489460784 2 0.3329303136 0.347372549 2
2 0.4280662021 0.2926323529 0.0980487805 0.1122843137 0.4301724739 0.2391323529 2 0.4761533101 0.2393078431 2 0.3826393728 0.2387833333 2 0.4273763066 0.3450990196 2 0.4742891986 0.3459735294 2 0.3807752613 0.3443990196 2
2 0.5219599303 0.28875 0.10228223 0.1158529412 0.5215121951 0.2333627451 2 0.5724651568 0.2330127451 2 0.4739790941 0.2337117647 2 0.5205801394 0.3442245098 2 0.5668728223 0.3443990196 2 0.4714930314 0.34405 2
2 0.5727787456 0.2846568627 0.1031533101 0.1160588235 0.5743292683 0.2292019608 2 0.6249703833 0.2288519608 2 0.526174216 0.2288519608 2 0.5718449477 0.3402392157 2 0.621554007 0.3402392157 2 0.522445993 0.3397147059 2
2 0.6267508711 0.2891519608 0.1045818815 0.1158137255 0.6283885017 0.234272549 2 0.6777857143 0.2340980392 2 0.5808536585 0.2340980392 2 0.6234163763 0.3453098039 2 0.6715731707 0.3451352941 2 0.5749512195 0.3453098039 2
2 0.7311933798 0.2910539216 0.1050696864 0.1155 0.733087108 0.2365460784 2 0.7827961672 0.2361960784 2 0.6833780488 0.2367205882 2 0.7284268293 0.3463588235 2 0.7759616725 0.3463588235 2 0.6796498258 0.3465343137 2
2 0.7855662021 0.2860245098 0.1044425087 0.1147352941 0.7871463415 0.2313 2 0.8371655052 0.2314754902 2 0.736815331 0.2313 2 0.782174216 0.3416382353 2 0.8318850174 0.3416 2 0.7340191638 0.3414627451 2
2 0.8377264808 0.2914068627 0.1088675958 0.1140294118 0.8399616725 0.2363333333 2 0.8896707317 0.2366833333 2 0.7905644599 0.2365078431 2 0.8337491289 0.3463215686 2 0.8825261324 0.3464960784 2 0.7843501742 0.3466705882 2
2 0.8328832753 0.4275098039 0.114825784 0.1156078431 0.8377874564 0.3732343137 2 0.8896707317 0.3734088235 2 0.7896324042 0.3728843137 2 0.8262926829 0.482172549 2 0.877554007 0.4833970588 2 0.7765836237 0.4809490196 2
2 0.7792247387 0.4219411765 0.1133972125 0.1145294118 0.7846620209 0.3674637255 2 0.8349912892 0.3676382353 2 0.7340209059 0.3669392157 2 0.7716132404 0.4757029412 2 0.8228745645 0.476577451 2 0.7225243902 0.4750029412 2
2 0.7237630662 0.4247009804 0.1143205575 0.1145980392 0.7302926829 0.3707862745 2 0.7806219512 0.3709607843 2 0.6808937282 0.3700862745 2 0.7160017422 0.47885 2 0.7663310105 0.4802490196 2 0.6675348432 0.4776264706 2
2 0.6172735192 0.4245539216 0.1025261324 0.1096960784 0.6194390244 0.3718696078 2 0.6679059233 0.3718696078 2 0.5731480836 0.3718696078 2 0.6141585366 0.4771362745 2 0.6598275261 0.4774852941 2 0.5663135889 0.4769607843 2
2 0.5658536585 0.4196323529 0.1034494774 0.1111666667 0.5681777003 0.3662735294 2 0.6169547038 0.3664480392 2 0.5209547038 0.3659235294 2 0.5641393728 0.4722401961 2 0.6135365854 0.4725892157 2 0.5156724739 0.4718901961 2
2 0.5157055749 0.4240294118 0.0956271777 0.110745098 0.5181585366 0.3711696078 2 0.5607212544 0.3715196078 2 0.4696916376 0.3708196078 2 0.5147404181 0.4766117647 2 0.5625853659 0.4771362745 2 0.4684494774 0.4764362745 2
2 0.4246341463 0.4195098039 0.1000348432 0.1096666667 0.4255749129 0.368022549 2 0.4727996516 0.3690715686 1 0.3789738676 0.3664480392 2 0.4196724739 0.4703166667 2 0.4650313589 0.4718901961 2 0.3755557491 0.4690921569 2
2 0.3675696864 0.4208578431 0.1028397213 0.1115196078 0.3695888502 0.3695960784 2 0.4177456446 0.3704705882 2 0.3242299652 0.3681980392 2 0.3639965157 0.4731147059 2 0.4109094077 0.4741637255 2 0.3167735192 0.4725901961 2
2 0.2531184669 0.4194215686 0.1005923345 0.1094901961 0.2512212544 0.3673235294 2 0.3003083624 0.368022549 2 0.2039965157 0.3667990196 2 0.2509094077 0.4717156863 2 0.2984442509 0.4720656863 2 0.2043083624 0.4713656863 2
2 0.2008972125 0.413872549 0.0968118467 0.1093137255 0.2023797909 0.3622176471 2 0.2483606272 0.3622176471 2 0.1545348432 0.3620431373 2 0.2015418118 0.4638490196 2 0.2464965157 0.4657362745 2 0.1542247387 0.4652117647 2
2 0.1514547038 0.4186176471 0.0956271777 0.1099803922 0.1520505226 0.3664147059 2 0.1974094077 0.3660647059 2 0.1045156794 0.3660647059 2 0.1511184669 0.4713313725 2 0.1964773519 0.4709823529 2 0.1110400697 0.4711568627 2
