1 0.2665594059 0.2403873239 0.4531683168 0.4076408451 0.2741806931 0.0473996479 2 0.0552178218 0.0473996479 2 0.4836262376 0.0473996479 2 0.2513316832 0.4333697183 2 0 0 0 0 0 0
1 0.7311633663 0.2458098592 0.4531683168 0.4076408451 0.7387673267 0.0528169014 2 0.5198019802 0.0528169014 2 0.948210396 0.0528169014 2 0.7121089109 0.429306338 2 0 0 0 0 0 0
1 0.2265841584 0.2593485915 0.4531683168 0.4076408451 0.2208688119 0.4523292254 2 0.0152326733 0.4523292254 2 0.4436410891 0.4523292254 2 0.2399084158 0.0609419014 2 0 0 0 0 0 0
1 0.7521039604 0.2620598592 0.4531683168 0.4076408451 0.7463811881 0.4550387324 2 0.5407475248 0.4550387324 2 0.9691534653 0.4550387324 2 0.769230198 0.0663591549 2 0 0 0 0 0 0
1 0.4931435644 0.2390316901 0.4531683168 0.4076408451 0.4874331683 0.4320158451 2 0.2817970297 0.4320158451 2 0.6987821782 0.4306602113 2 0.5102821782 0.0433362676 2 0 0 0 0 0 0
1 0.258960396 0.7495950704 0.4531683168 0.4076408451 0.2532376238 0.9425792254 2 0.0476014851 0.9425792254 2 0.476009901 0.9425792254 2 0.2608539604 0.5566091549 2 0 0 0 0 0 0
1 0.2932178218 0.7347007042 0.4531683168 0.4076408451 0.3008366337 0.5417112676 2 0.0818737624 0.5417112676 2 0.5102821782 0.5417112676 2 0.2856064356 0.9290352113 2 0 0 0 0 0 0
1 0.515990099 0.719806338 0.4531683168 0.4076408451 0.5102821782 0.9127852113 2 0.3046460396 0.9127852113 2 0.7330544554 0.9127852113 2 0.5217054455 0.5403573944 2 0 0 0 0 0 0
1 0.7734158416 0.7441725352 0.4531683168 0.4076408451 0.7677079208 0.9371619718 2 0.5620717822 0.9371619718 2 0.990480198 0.9371619718 2 0.7768465347 0.5552552817 2 0 0 0 0 0 0
1 0.744480198 0.7306338028 0.4531683168 0.4076408451 0.7520940594 0.5376496479 2 0.5331311881 0.5376496479 2 0.961539604 0.5376496479 2 0.7368613861 0.9249735915 2 0 0 0 0 0 0
