3 0.2644110577 0.2268149038 0.5265625 0.4536298077 0.3670072115 0.0011394231 2 0.0159567308 0.4376706731 2 0.5265745192 0.1550096154 2 0 0 0 0 0 0 0 0 0
3 0.2826682692 0.3082932692 0.4946634615 0.4274038462 0.4011995192 0.1572884615 2 0.0832043269 0.5151754808 2 0.5254350962 0.2712644231 2 0 0 0 0 0 0 0 0 0
3 0.32484375 0.3613221154 0.4034855769 0.3123076923 0.3977788462 0.2678461538 2 0.1800841346 0.5140360577 2 0.5220144231 0.3818221154 2 0 0 0 0 0 0 0 0 0
3 0.3841105769 0.4240024038 0.3031730769 0.1846394231 0.4068990385 0.3943605769 2 0.2872211538 0.5151754808 2 0.5254350962 0.5049182692 2 0 0 0 0 0 0 0 0 0
3 0.6918028846 0.1296875 0.3176923077 0.259375 0.7070673077 0.0062668269 2 0.5336947115 0.1650168269 2 0.8397091346 0.2496153846 2 0 0 0 0 0 0 0 0 0
3 0.6876201923 0.1798076923 0.3176923077 0.259375 0.7028894231 0.0563990385 2 0.5295168269 0.2151490385 2 0.8376201923 0.2945240385 2 0 0 0 0 0 0 0 0 0
3 0.6844951923 0.2247355769 0.3176923077 0.2698076923 0.6945360577 0.1044423077 2 0.5263846154 0.26528125 2 0.8323966346 0.3394350962 2 0 0 0 0 0 0 0 0 0
3 0.6813461538 0.2268269231 0.3135096154 0.259375 0.6945360577 0.1033966346 2 0.5295168269 0.2631923077 2 0.8323966346 0.3404783654 2 0 0 0 0 0 0 0 0 0
3 0.6854567308 0.2703605769 0.3176923077 0.2698076923 0.6955072115 0.1500889423 2 0.5273557692 0.3109278846 2 0.8333701923 0.3850817308 2 0 0 0 0 0 0 0 0 0
3 0.6825360577 0.3048557692 0.3060336538 0.2455288462 0.6867644231 0.1967067308 2 0.53221875 0.3554591346 2 0.8264927885 0.4195600962 2 0 0 0 0 0 0 0 0 0
3 0.6825360577 0.3514663462 0.3060336538 0.2455288462 0.6867644231 0.2433245192 2 0.53221875 0.4020769231 2 0.8264927885 0.4661778846 2 0 0 0 0 0 0 0 0 0
3 0.6806129808 0.4009855769 0.3060336538 0.2455288462 0.6848221154 0.2928557692 2 0.5283341346 0.4603509615 2 0.8245504808 0.4991995192 2 0 0 0 0 0 0 0 0 0
3 0.6776802885 0.4204206731 0.3060336538 0.1892067308 0.6819086538 0.3404447115 2 0.5351322115 0.5098822115 2 0.8060985577 0.5137668269 2 0 0 0 0 0 0 0 0 0
3 0.6737980769 0.4456850962 0.2458173077 0.1503605769 0.6799663462 0.3851177885 2 0.569125 0.5137668269 2 0.7827884615 0.5166802885 2 0 0 0 0 0 0 0 0 0
3 0.6806129808 0.46703125 0.1797836538 0.1076201923 0.6819086538 0.4278509615 2 0.6089447115 0.5147379808 2 0.7478269231 0.5118245192 2 0 0 0 0 0 0 0 0 0
