1 0.1796875 0.8984296875 0.3125 0.200515625 0.0677078125 0.9440109375 2 0.08203125 0.99609375 2 0.03515625 0.8125 2 0.3020828125 0.8880203125 2 0 0 0 0 0 0
1 0.184890625 0.7701796875 0.3125 0.256515625 0.0729171875 0.7877609375 2 0.1015625 0.8841140625 2 0.0403640625 0.65625 2 0.3072921875 0.7317703125 2 0 0 0 0 0 0
1 0.178390625 0.6412734375 0.3125 0.256515625 0.06640625 0.6588546875 2 0.0950515625 0.7552078125 2 0.0338546875 0.52734375 2 0.30078125 0.6028640625 2 0 0 0 0 0 0
1 0.1875 0.487625 0.3125 0.26953125 0.0755203125 0.4921875 2 0.1158859375 0.60546875 2 0.0403640625 0.3736984375 2 0.3098953125 0.4361984375 2 0 0 0 0 0 0
1 0.178390625 0.324875 0.3125 0.26953125 0.06640625 0.3294265625 2 0.1067703125 0.4427078125 2 0.03125 0.2109375 2 0.30078125 0.2734375 2 0 0 0 0 0 0
1 0.178390625 0.166015625 0.3125 0.26953125 0.06640625 0.1705734375 2 0.1067703125 0.2838546875 2 0.03125 0.0520828125 2 0.3190109375 0.1106765625 2 0 0 0 0 0 0
1 0.2851484375 0.1503828125 0.325515625 0.266921875 0.390625 0.1471359375 2 0.3502609375 0.0338546875 2 0.4309890625 0.2643234375 2 0.14453125 0.2135421875 2 0 0 0 0 0 0
1 0.2968671875 0.3092421875 0.325515625 0.266921875 0.40234375 0.3059890625 2 0.3619796875 0.1927078125 2 0.4427078125 0.4231765625 2 0.15625 0.3723953125 2 0 0 0 0 0 0
1 0.307296875 0.4589765625 0.28125 0.266921875 0.390625 0.4557296875 2 0.3684890625 0.3450515625 2 0.4309890625 0.5729171875 2 0.1809890625 0.5 2 0 0 0 0 0 0
1 0.2773359375 0.6217421875 0.325515625 0.266921875 0.3828125 0.6184890625 2 0.3567703125 0.50390625 2 0.4205734375 0.7486984375 2 0.1393234375 0.671875 2 0 0 0 0 0 0
1 0.6796796875 0.7792890625 0.325515625 0.266921875 0.78515625 0.7760421875 2 0.7591140625 0.6614578125 2 0.8229171875 0.90625 2 0.5390625 0.8138015625 2 0 0 0 0 0 0
1 0.69140625 0.6178359375 0.3203125 0.266921875 0.8059890625 0.6106765625 2 0.77734375 0.49609375 2 0.8372390625 0.7447921875 2 0.5533859375 0.65234375 2 0 0 0 0 0 0
1 0.7044296875 0.4576796875 0.325515625 0.266921875 0.81640625 0.4505203125 2 0.7877609375 0.3359375 2 0.8606765625 0.5768234375 2 0.5677078125 0.5104171875 2 0 0 0 0 0 0
1 0.696609375 0.2962265625 0.3359375 0.266921875 0.8033859375 0.2890625 2 0.7604171875 0.1744796875 2 0.8541671875 0.41015625 2 0.5559890625 0.3580734375 2 0 0 0 0 0 0
1 0.727859375 0.1256484375 0.3359375 0.251296875 0.8346359375 0.1106765625 2 0.796875 0 2 0.8854171875 0.2317703125 2 0.5872390625 0.1796875 2 0 0 0 0 0 0
1 0.583984375 0.3033828125 0.33984375 0.270828125 0.4856765625 0.30859375 2 0.52734375 0.4192703125 2 0.4401046875 0.1875 2 0.7213546875 0.2369796875 2 0 0 0 0 0 0
1 0.5963515625 0.46159375 0.325515625 0.26171875 0.5052078125 0.4713546875 2 0.5403640625 0.578125 2 0.4596359375 0.3502609375 2 0.7408859375 0.3997390625 2 0 0 0 0 0 0
1 0.5846328125 0.60221875 0.299484375 0.26171875 0.48046875 0.6119796875 2 0.5013015625 0.7213546875 2 0.4518234375 0.4817703125 2 0.7252609375 0.55859375 2 0 0 0 0 0 0
1 0.5742265625 0.759765625 0.299484375 0.26171875 0.4778640625 0.7734375 2 0.5078125 0.8828125 2 0.4375 0.6419265625 2 0.71484375 0.7161453125 2 0 0 0 0 0 0
1 0.579421875 0.1243515625 0.3203125 0.248703125 0.46875 0.1171875 2 0.5104171875 0.234375 2 0.4322921875 0.0143234375 2 0.7252609375 0.0572921875 2 0 0 0 0 0 0
1 0.2708359375 0.760421875 0.309890625 0.234375 0.3802078125 0.7369796875 2 0.3619796875 0.6497390625 2 0.4114578125 0.87109375 2 0.1276046875 0.7786453125 1 0 0 0 0 0 0
