1 0.2805405405 0.2639906832 0.3877702703 0.4226397516 0.2805506757 0.0634627329 2 0.0940067568 0.0702142857 2 0.4695540541 0.0579875776 2 0.2937736486 0.463136646 2 0 0 0 0 0 0
1 0.6756756757 0.2599223602 0.3877702703 0.4226397516 0.6756756757 0.0594130435 2 0.4920675676 0.0607608696 2 0.8607533784 0.0621118012 2 0.6888952703 0.4590869565 2 0 0 0 0 0 0
1 0.2687837838 0.2916459627 0.3877702703 0.429378882 0.2717398649 0.4928447205 2 0.0896013514 0.4995962733 2 0.4465337838 0.4901428571 2 0.2511756757 0.0823664596 2 0 0 0 0 0 0
1 0.7153378378 0.290310559 0.3877702703 0.429378882 0.7182736486 0.4914937888 2 0.5420101351 0.4928447205 2 0.8930675676 0.4887919255 2 0.7094594595 0.0796645963 2 0 0 0 0 0 0
1 0.4847297297 0.278136646 0.3877702703 0.429378882 0.4876621622 0.4793416149 2 0.3113986486 0.4806925466 2 0.6624560811 0.4766397516 2 0.478847973 0.0675124224 2 0 0 0 0 0 0
1 0.2467567568 0.7757298137 0.3877702703 0.3497204969 0.2497060811 0.9370776398 2 0.0675675676 0.9438291925 2 0.4245 0.934378882 2 0.2394256757 0.6089658385 2 0 0 0 0 0 0
1 0.2673310811 0.7547981366 0.3877702703 0.353757764 0.2702702703 0.5954627329 2 0.0881317568 0.6022142857 2 0.4480033784 0.5900621118 2 0.2761452703 0.9195248447 2 0 0 0 0 0 0
1 0.7035810811 0.7487111801 0.3877702703 0.3497204969 0.7065236486 0.9100714286 2 0.5243817568 0.9168229814 2 0.8813175676 0.9073726708 2 0.7021148649 0.5927639752 2 0 0 0 0 0 0
1 0.6639189189 0.7399223602 0.3877702703 0.353757764 0.6668614865 0.5806086957 2 0.484722973 0.5873602484 2 0.8445945946 0.5752080745 2 0.6727364865 0.9046708075 2 0 0 0 0 0 0
1 0.4759121622 0.7527795031 0.3877702703 0.3497204969 0.478847973 0.9141242236 2 0.2967094595 0.9208757764 2 0.6536418919 0.9114223602 2 0.4700337838 0.5941118012 2 0 0 0 0 0 0
