3 0.2556850962 0.3513822115 0.2266586538 0.2992067308 0.1644615385 0.3634735577 2 0.3385961538 0.2149038462 2 0.3600168269 0.4899278846 2 0 0 0 0 0 0 0 0 0
3 0.16515625 0.3244350962 0.2266586538 0.2992067308 0.0739375 0.3365240385 2 0.2480745192 0.1879543269 2 0.2694951923 0.4629783654 2 0 0 0 0 0 0 0 0 0
3 0.0967427885 0.3251322115 0.1934855769 0.2992067308 0 0 0 0.1630793269 0.1886466346 2 0.1845 0.4636706731 2 0 0 0 0 0 0 0 0 0
3 0.1191947115 0.1848557692 0.2383894231 0.3296153846 0.2197427885 0.1893365385 2 0.0138197115 0.04284375 2 0.0483701923 0.3254663462 2 0 0 0 0 0 0 0 0 0
3 0.3427283654 0.3520793269 0.2086778846 0.2992067308 0.2605120192 0.3641634615 2 0.4346466346 0.2155961538 2 0.4422475962 0.4664326923 2 0 0 0 0 0 0 0 0 0
3 0.1945072115 0.1744711538 0.2383894231 0.3296153846 0.2950625 0.1789735577 2 0.0891418269 0.0324783654 2 0.1236923077 0.3151009615 2 0 0 0 0 0 0 0 0 0
3 0.2138701923 0.0939783654 0.2314903846 0.1879567308 0.1250745192 0.0504447115 2 0 0 0 0.3275408654 0.1817355769 2 0 0 0 0 0 0 0 0 0
3 0.3099158654 0.2000480769 0.2383894231 0.3296153846 0.4028605769 0.1997019231 2 0.2045384615 0.0580456731 2 0.2280336538 0.3303028846 2 0 0 0 0 0 0 0 0 0
3 0.1258653846 0.0914423077 0.2474519231 0.1828846154 0.0242524038 0.0156129808 2 0 0 0 0.2299471154 0.1632163462 2 0 0 0 0 0 0 0 0 0
3 0.3078365385 0.0939783654 0.2314903846 0.1879567308 0.2190504808 0.0504447115 2 0 0 0 0.4215168269 0.1817355769 2 0 0 0 0 0 0 0 0 0
3 0.0696033654 0.1848557692 0.1392067308 0.3296153846 0.1205504808 0.1893365385 2 0 0 0 0 0 0 0 0 0 0 0 0 0 0 0
3 0.8747716346 0.3872355769 0.2086778846 0.2378846154 0.7925432692 0.4299903846 2 0.9666802885 0.2814230769 2 0.8963389423 0.5040769231 2 0 0 0 0 0 0 0 0 0
3 0.8341947115 0.3894951923 0.2086778846 0.2351923077 0.7519663462 0.4335985577 2 0.9261009615 0.28503125 2 0.8557596154 0.5076850962 2 0 0 0 0 0 0 0 0 0
3 0.7936177885 0.3867788462 0.2086778846 0.2460096154 0.7113870192 0.4254831731 2 0.8936346154 0.2867572115 2 0.8106730769 0.5058822115 2 0 0 0 0 0 0 0 0 0
3 0.7494350962 0.3886057692 0.2086778846 0.2424038462 0.6671995192 0.4290889423 2 0.8494471154 0.2903629808 2 0.7664879808 0.5094879808 2 0 0 0 0 0 0 0 0 0
3 0.7169711538 0.3863221154 0.223125 0.2450961538 0.6312235577 0.4193149038 2 0.8260024038 0.2894615385 2 0.7268100962 0.5058822115 2 0 0 0 0 0 0 0 0 0
3 0.6754927885 0.3935456731 0.2321394231 0.2288701923 0.5852355769 0.4184110577 2 0.7791129808 0.2975769231 2 0.6808221154 0.5049807692 2 0 0 0 0 0 0 0 0 0
3 0.6321995192 0.3917427885 0.2321394231 0.2288701923 0.5419519231 0.4166081731 2 0.7421394231 0.2948725962 2 0.6258149038 0.5013725962 2 0 0 0 0 0 0 0 0 0
3 0.5790024038 0.3944591346 0.2321394231 0.2288701923 0.4887475962 0.4193149038 2 0.6889375 0.2975769231 2 0.5726105769 0.5040769231 2 0 0 0 0 0 0 0 0 0
3 0.5578125 0.3917427885 0.215 0.2360817308 0.4589903846 0.4130024038 2 0.6591802885 0.2912644231 2 0.5428533654 0.4977668269 2 0 0 0 0 0 0 0 0 0
3 0.5465264423 0.3858774038 0.1942548077 0.2478125 0.4102956731 0.4075913462 1 0.6285192308 0.2849519231 2 0.5031754808 0.5067836538 2 0 0 0 0 0 0 0 0 0
3 0.86921875 0.1336899038 0.2064663462 0.2673798077 0.7786322115 0.1160673077 2 0 0 0 0.9570913462 0.2531850962 2 0 0 0 0 0 0 0 0 0
3 0.8291466346 0.1336899038 0.2064663462 0.2673798077 0.7385697115 0.1160673077 2 0.8947692308 0.0005576923 2 0.9159134615 0.2570793269 2 0 0 0 0 0 0 0 0 0
3 0.7707091346 0.1336899038 0.1919951923 0.2673798077 0.6994567308 0.0996033654 2 0.8530360577 0 2 0.8636081731 0.2554110577 2 0 0 0 0 0 0 0 0 0
3 0.7289783654 0.1336899038 0.1919951923 0.2673798077 0.6577211538 0.0996033654 2 0.8113028846 0 2 0.821875 0.2554110577 2 0 0 0 0 0 0 0 0 0
3 0.6911418269 0.1336899038 0.1919951923 0.2673798077 0.6098677885 0.08625 2 0.7734639423 0 2 0.7667860577 0.2520721154 2 0 0 0 0 0 0 0 0 0
3 0.6421754808 0.1336899038 0.1919951923 0.2673798077 0.5798197115 0.0734519231 2 0.7244951923 0 2 0.7244951923 0.2481754808 2 0 0 0 0 0 0 0 0 0
3 0.5948918269 0.1336899038 0.1919951923 0.2673798077 0.5341899038 0.0639903846 2 0.6771971154 0 2 0.6727451923 0.2403870192 2 0 0 0 0 0 0 0 0 0
3 0.5645552885 0.1128245192 0.1658413462 0.2256490385 0.4980216346 0.0467427885 2 0.6020769231 0 2 0.6171009615 0.2192403846 2 0 0 0 0 0 0 0 0 0
3 0.5133774038 0.0997475962 0.1268990385 0.1994951923 0.4529495192 0.0333870192 2 0.5314086538 0 2 0.5725865385 0.1941995192 2 0 0 0 0 0 0 0 0 0
3 0.1842788462 0.7542307692 0.3685576923 0.4915384615 0 0.8810697115 2 0.3317548077 0.5096514423 2 0.1473557692 0.9875961538 2 0 0 0 0 0 0 0 0 0
3 0.2569951923 0.7542307692 0.3817788462 0.4915384615 0.1093822115 0.8630408654 2 0.4459447115 0.5252764423 2 0.2656442308 0.9988677885 2 0 0 0 0 0 0 0 0 0
3 0.3471634615 0.7842908654 0.2808173077 0.4314182692 0.2500168269 0.8365961538 2 0.5865793269 0.4988317308 2 0.4062788462 0.9724230769 2 0 0 0 0 0 0 0 0 0
3 0.38140625 0.8383774038 0.1377644231 0.3064182692 0.3557932692 0.8281826923 2 0.4471466346 0.7476490385 2 0.4495504808 0.9159278846 2 0 0 0 0 0 0 0 0 0
3 0.7265865385 0.7228485577 0.5468269231 0.2953605769 0.8828052885 0.5904975962 2 0.4610192308 0.8474927885 2 1 0.7768677885 2 0 0 0 0 0 0 0 0 0
3 0.7265865385 0.6384975962 0.5468269231 0.2953605769 0.8945745192 0.5218341346 2 0.4610192308 0.7631346154 2 1 0.6925096154 2 0 0 0 0 0 0 0 0 0
