1 0.2648654709 0.2517521368 0.4064125561 0.4527350427 0.2606502242 0.0454059829 2 0.0770762332 0.0440726496 2 0.4386233184 0.0414017094 2 0.2774663677 0.4700854701 2 0 0 0 0 0 0
1 0.6502466368 0.2490598291 0.4064125561 0.4527350427 0.6460224215 0.0427350427 2 0.4624439462 0.0414017094 2 0.8239910314 0.0387307692 2 0.662838565 0.4674145299 2 0 0 0 0 0 0
1 0.28867713 0.7665598291 0.4064125561 0.3552564103 0.2872780269 0.6022991453 2 0.1023004484 0.6049700855 2 0.4596412556 0.6036324786 2 0.3012914798 0.9361666667 2 0 0 0 0 0 0
1 0.6670627803 0.7639102564 0.4064125561 0.3552564103 0.6656412556 0.5996282051 2 0.4806636771 0.6022991453 2 0.8478161435 0.5942863248 2 0.6796547085 0.9334957265 2 0 0 0 0 0 0
1 0.2634753363 0.2811111111 0.4064125561 0.4527350427 0.2592511211 0.4874487179 2 0.0756726457 0.4887820513 2 0.4372197309 0.4914529915 2 0.2298206278 0.0560897436 2 0 0 0 0 0 0
1 0.4820852018 0.2624358974 0.4064125561 0.4527350427 0.4778609865 0.4687521368 2 0.2942825112 0.4700854701 2 0.6558295964 0.4727564103 2 0.4624439462 0.0387307692 2 0 0 0 0 0 0
1 0.7049103139 0.2731196581 0.4064125561 0.4527350427 0.7006726457 0.4794358974 2 0.5170986547 0.4807692308 2 0.8716367713 0.4767649573 2 0.6852600897 0.0494145299 2 0 0 0 0 0 0
1 0.2613452915 0.7925854701 0.388161435 0.3619230769 0.2508430493 0.953525641 2 0.0980941704 0.9588675214 2 0.423206278 0.9521923077 2 0.2648565022 0.6196581197 2 0 0 0 0 0 0
1 0.4953811659 0.7672435897 0.388161435 0.3619230769 0.4848654709 0.9281538462 2 0.3321210762 0.9334957265 2 0.6572331839 0.9268162393 2 0.4778609865 0.5956196581 2 0 0 0 0 0 0
1 0.7153811659 0.7925854701 0.388161435 0.3619230769 0.7048789238 0.953525641 2 0.5521300448 0.9588675214 2 0.8772421525 0.9521923077 2 0.696470852 0.6169871795 2 0 0 0 0 0 0
