1 0.3475 0.2842782609 0.4014912281 0.4080347826 0.3559385965 0.0936452174 2 0.1602565789 0.1030104348 2 0.53475 0.0923078261 2 0.3340087719 0.4775913043 2 0 0 0 0 0 0
1 0.7773245614 0.2829391304 0.3947368421 0.4080347826 0.8076929825 0.0923078261 2 0.6039144737 0.1016730435 2 0.9564780702 0.0896313043 2 0.7877872807 0.4575252174 2 0 0 0 0 0 0
1 0.3019517544 0.307026087 0.4014912281 0.4080347826 0.3103903509 0.4976591304 2 0.1315789474 0.500333913 2 0.4892039474 0.4989965217 2 0.3272609649 0.1110365217 2 0 0 0 0 0 0
1 0.5431798246 0.2896347826 0.4014912281 0.4080347826 0.5516184211 0.4802678261 2 0.3728070175 0.4829426087 2 0.7304320175 0.4816052174 2 0.5617412281 0.1070226087 2 0 0 0 0 0 0
1 0.7641666667 0.2849478261 0.4352192982 0.4066956522 0.7557346491 0.476253913 2 0.5819846491 0.4829426087 2 0.9665986842 0.4668904348 2 0.7692302632 0.1083617391 2 0 0 0 0 0 0
1 0.3154605263 0.7525043478 0.4014912281 0.4080347826 0.3238859649 0.9431443478 2 0.1450745614 0.9458191304 2 0.5077587719 0.9404678261 2 0.3340087719 0.5712382609 2 0 0 0 0 0 0
1 0.7894736842 0.7391304348 0.4014912281 0.4080347826 0.7979078947 0.9297652174 2 0.6190964912 0.9324417391 2 0.9817807018 0.9270904348 2 0.8198377193 0.5658869565 2 0 0 0 0 0 0
1 0.3660526316 0.7371217391 0.4014912281 0.3959826087 0.3744934211 0.5525078261 2 0.1788114035 0.5618730435 2 0.5533070175 0.5511704348 2 0.3593114035 0.9257530435 2 0 0 0 0 0 0
1 0.7759868421 0.726426087 0.4014912281 0.3959826087 0.7844122807 0.5458191304 2 0.5887324561 0.5511704348 2 0.9632258772 0.5404678261 2 0.7658574561 0.9150504348 2 0 0 0 0 0 0
1 0.551622807 0.7244173913 0.4014912281 0.4080347826 0.5600548246 0.9150504348 2 0.3812412281 0.9177252174 2 0.7439276316 0.912373913 2 0.5701754386 0.5431443478 2 0 0 0 0 0 0
