1 0.21484375 0.2766953125 0.390625 0.430984375 0.21875 0.0768234375 2 0.0247390625 0.0755203125 2 0.40625 0.0755203125 2 0.265625 0.4856765625 2 0 0 0 0 0 0
1 0.23828125 0.3046875 0.3984375 0.4296875 0.2330734375 0.5 2 0.0481765625 0.5052078125 2 0.4270828125 0.4973953125 2 0.1966140625 0.0950515625 2 0 0 0 0 0 0
1 0.69921875 0.2897109375 0.3828125 0.430984375 0.6979171875 0.4856765625 2 0.5104171875 0.4895828125 2 0.8736984375 0.4830734375 2 0.6536453125 0.0755203125 2 0 0 0 0 0 0
1 0.6080703125 0.262375 0.377609375 0.42578125 0.62109375 0.0611984375 2 0.4388015625 0.0611984375 2 0.7864578125 0.0611984375 2 0.66796875 0.4700515625 2 0 0 0 0 0 0
1 0.4713515625 0.2793046875 0.395828125 0.420578125 0.4713546875 0.46875 2 0.27734375 0.4765625 2 0.65234375 0.4661453125 2 0.4283859375 0.07421875 2 0 0 0 0 0 0
1 0.220046875 0.7597734375 0.390625 0.358078125 0.2239578125 0.5963546875 2 0.0455734375 0.6067703125 2 0.4036453125 0.59375 2 0.2578125 0.9166671875 2 0 0 0 0 0 0
1 0.2226640625 0.7845 0.393234375 0.35546875 0.2200515625 0.9427078125 2 0.0416671875 0.9479171875 2 0.40625 0.9427078125 2 0.1901046875 0.6158859375 2 0 0 0 0 0 0
1 0.678390625 0.7740859375 0.3828125 0.352859375 0.6770828125 0.9309890625 2 0.4986984375 0.9361984375 2 0.8528640625 0.9283859375 2 0.6419265625 0.60546875 2 0 0 0 0 0 0
1 0.5989609375 0.7500078125 0.364578125 0.346359375 0.60546875 0.5885421875 2 0.4309890625 0.59375 2 0.7708328125 0.5885421875 2 0.6393234375 0.9088546875 2 0 0 0 0 0 0
1 0.4479140625 0.7565078125 0.395828125 0.361984375 0.4479171875 0.9166671875 2 0.2708328125 0.921875 2 0.62890625 0.9140625 2 0.4153640625 0.5885421875 2 0 0 0 0 0 0
