1 0.6928942116 0.2907073643 0.3849500998 0.4346705426 0.6943253493 0.485879845 2 0.8753912176 0.484496124 2 0.5032794411 0.4900329457 2 0.6529800399 0.0775193798 2 0 0 0 0 0 0
1 0.6109281437 0.2671705426 0.3664071856 0.4263565891 0.6230399202 0.0636763566 2 0.7827205589 0.0636763566 2 0.4376966068 0.0636763566 2 0.6686626747 0.4678856589 2 0 0 0 0 0 0
1 0.4583732535 0.272005814 0.3977844311 0.4194379845 0.4719141717 0.4706531008 2 0.6515548902 0.4706531008 2 0.2822934132 0.4734224806 2 0.4248642715 0.0664457364 2 0 0 0 0 0 0
1 0.2359580838 0.3080135659 0.4006187625 0.4249806202 0.2338183633 0.4983391473 2 0.0427724551 0.5011065891 2 0.4234391218 0.4983391473 2 0.1996007984 0.094129845 2 0 0 0 0 0 0
1 0.2224251497 0.2810174419 0.3878043912 0.4346705426 0.2195608782 0.07475 2 0.4114211577 0.0691550388 2 0.0370678643 0.0816724806 2 0.2651836327 0.484496124 2 0 0 0 0 0 0
1 0.2224051896 0.7592732558 0.3706786427 0.3502131783 0.2209860279 0.598005814 2 0.03849501 0.6076957364 2 0.4030838323 0.5885775194 2 0.2566287425 0.9191589147 2 0 0 0 0 0 0
1 0.2238423154 0.7800484496 0.3678443114 0.3612984496 0.2224131737 0.9426918605 2 0.0456227545 0.950996124 2 0.3992015968 0.9371531008 2 0.1910459082 0.6118488372 2 0 0 0 0 0 0
1 0.4505289421 0.7648062016 0.3621357285 0.3391472868 0.4491017964 0.9205426357 2 0.618762475 0.915005814 2 0.2751636727 0.9260794574 2 0.4134590818 0.596622093 2 0 0 0 0 0 0
1 0.609491018 0.7482073643 0.3606986028 0.355755814 0.6073572854 0.5910852713 2 0.7827205589 0.5869321705 2 0.4376966068 0.5938546512 2 0.6415748503 0.9191589147 2 0 0 0 0 0 0
1 0.6829241517 0.774496124 0.3906387226 0.3446899225 0.6800678643 0.933001938 2 0.8668383234 0.9343856589 2 0.5004271457 0.933001938 2 0.6458502994 0.6063120155 2 0 0 0 0 0 0
