1 0.2545546875 0.6614609375 0.303390625 0.434890625 0.2513015625 0.4791671875 2 0.1066890625 0.4494921875 2 0.3841140625 0.4947921875 2 0.19921875 0.8723953125 2 0 0 0 0 0 0
1 0.6080703125 0.7115859375 0.302078125 0.444015625 0.6067703125 0.5234375 2 0.4596359375 0.4986984375 2 0.7513015625 0.5481765625 2 0.5651046875 0.9309890625 2 0 0 0 0 0 0
1 0.4238203125 0.7063828125 0.290359375 0.438796875 0.4270828125 0.5143234375 2 0.28230625 0.4925109375 2 0.5611984375 0.53125 2 0.37890625 0.9192703125 2 0 0 0 0 0 0
1 0.2220078125 0.7031171875 0.295578125 0.434890625 0.2239578125 0.8932296875 2 0.0807296875 0.8684890625 2 0.3619796875 0.9153640625 2 0.2708328125 0.4921875 2 0 0 0 0 0 0
1 0.5416640625 0.7532578125 0.315109375 0.436203125 0.5364578125 0.9375 2 0.3971359375 0.9166671875 2 0.6822921875 0.9635421875 2 0.5833328125 0.5338546875 2 0 0 0 0 0 0
1 0.2897109375 0.2181015625 0.303390625 0.342453125 0.29296875 0.3671875 2 0.1419265625 0.3489578125 2 0.42578125 0.3815109375 2 0.328125 0.0559890625 2 0 0 0 0 0 0
1 0.3118515625 0.17578125 0.305984375 0.3515625 0.3125 0.03515625 2 0.1627109375 0.00443125 2 0.44921875 0.0520828125 2 0.2682296875 0.34375 2 0 0 0 0 0 0
1 0.4889375 0.222 0.29296875 0.34765625 0.4817703125 0.0807296875 2 0.3450515625 0.0598953125 2 0.625 0.0989578125 2 0.44140625 0.39453125 2 0 0 0 0 0 0
1 0.6074140625 0.2688828125 0.305984375 0.352859375 0.6015625 0.4140625 2 0.4609375 0.3893234375 2 0.75 0.43359375 2 0.6393234375 0.1002609375 2 0 0 0 0 0 0
1 0.6660078125 0.2265625 0.298171875 0.3515625 0.6653640625 0.08203125 2 0.5234375 0.0625 2 0.8111984375 0.1106765625 2 0.62109375 0.3971359375 2 0 0 0 0 0 0
