1 0.3066484375 0.2903671875 0.131515625 0.151046875 0.3046875 0.26953125 2 0.24609375 0.3216140625 2 0.3580734375 0.22265625 2 0.359375 0.359375 2 0 0 0 0 0 0
1 0.4199296875 0.0950546875 0.108078125 0.153640625 0.4205734375 0.109375 2 0.367246875 0.1699375 2 0.4661453125 0.0703125 2 0.3697921875 0.0208328125 2 0 0 0 0 0 0
1 0.171875 0.5253828125 0.125 0.126296875 0.1875 0.5338546875 2 0.16015625 0.5807296875 2 0.2252609375 0.484375 2 0.1263015625 0.4817703125 2 0 0 0 0 0 0
1 0.3033828125 0.5436171875 0.135421875 0.139328125 0.3203125 0.5520828125 2 0.2877609375 0.6015625 2 0.37109375 0.5013015625 2 0.25 0.4765625 2 0 0 0 0 0 0
1 0.4433671875 0.8443984375 0.186203125 0.240890625 0.4440109375 0.8619796875 2 0.36328125 0.9544265625 2 0.5234375 0.77734375 2 0.3580734375 0.7408859375 2 0 0 0 0 0 0
1 0.0501328125 0.6861953125 0.092453125 0.111984375 0.0520828125 0.69140625 2 0.005071875 0.7407765625 2 0.0911453125 0.65234375 2 0.01171875 0.6328125 2 0 0 0 0 0 0
1 0.4309921875 0.618484375 0.119796875 0.1328125 0.4309890625 0.6197921875 2 0.3723953125 0.56640625 2 0.4856765625 0.6575515625 2 0.3971359375 0.671875 2 0 0 0 0 0 0
1 0.7226640625 0.5742109375 0.158859375 0.200515625 0.7682296875 0.5716140625 2 0.79296875 0.4778640625 2 0.7552078125 0.66015625 2 0.6614578125 0.5325515625 2 0 0 0 0 0 0
1 0.9203125 0.48203125 0.159375 0.1984375 0.9700515625 0.47265625 2 0.9270828125 0.5677078125 2 1 0.4166671875 2 0.8541671875 0.3971359375 2 0 0 0 0 0 0
1 0.8723984375 0.7421953125 0.174484375 0.221359375 0.91796875 0.7421875 2 0.94921875 0.6484375 2 0.890625 0.8372390625 2 0.7942703125 0.7057296875 2 0 0 0 0 0 0
1 0.4296875 0.497390625 0.125 0.140625 0.4296875 0.51953125 2 0.4713546875 0.55859375 2 0.3723953125 0.4791671875 2 0.48046875 0.4375 2 0 0 0 0 0 0
1 0.7408828125 0.1106796875 0.161453125 0.182296875 0.7473953125 0.05859375 2 0.68359375 0.01953125 2 0.8138015625 0.0989578125 2 0.68359375 0.1888015625 2 0 0 0 0 0 0
1 0.4596328125 0.3437578125 0.151046875 0.182296875 0.4973953125 0.34375 2 0.4856765625 0.2578125 2 0.5234375 0.4283859375 2 0.3880203125 0.3671875 2 0 0 0 0 0 0
1 0.8346328125 0.2936171875 0.135421875 0.173171875 0.8515625 0.3463546875 2 0.768634375 0.378025 2 0.8997390625 0.34375 2 0.8333328125 0.2109375 2 0 0 0 0 0 0
