0 0.2034948097 0.521267301 0.0370472895 0.012517301 0.1873125721 0.5269896194 2 0.1867358708 0.5162629758 2 0.2207612457 0.515916955 2 0.2208765859 0.5262110727 2 0 0 0 0 0 0
0 0.2401153403 0.5206617647 0.0369319493 0.012517301 0.2228373702 0.526384083 2 0.2223760092 0.5152249135 2 0.2570934256 0.5152249135 2 0.2570934256 0.5256055363 2 0 0 0 0 0 0
0 0.2765628604 0.5202292388 0.0369319493 0.012517301 0.2592848904 0.5259515571 2 0.2588235294 0.5147923875 2 0.2935409458 0.5147923875 2 0.2935409458 0.5251730104 2 0 0 0 0 0 0
0 0.2085121107 0.5223053633 0.0383160323 0.0133823529 0.1916955017 0.5176254325 2 0.1911188005 0.5283520761 2 0.2268742791 0.5276816609 2 0.2266435986 0.5166955017 2 0 0 0 0 0 0
0 0.2455940023 0.5216133218 0.0361245675 0.0133823529 0.2284890427 0.516933391 2 0.2284890427 0.5275951557 2 0.2626297578 0.5272491349 2 0.2626297578 0.516349481 2 0 0 0 0 0 0
0 0.2811188005 0.5209212803 0.0361245675 0.0133823529 0.2640138408 0.5162413495 2 0.2640138408 0.5269031142 2 0.2981545559 0.5265570934 2 0.2981545559 0.5156574394 2 0 0 0 0 0 0
0 0.2007266436 0.5063884083 0.0370472895 0.012517301 0.184544406 0.5121107266 2 0.1839677047 0.501384083 2 0.2179930796 0.5010380623 2 0.2181084198 0.5113321799 2 0 0 0 0 0 0
0 0.2376931949 0.5060423875 0.0369319493 0.012517301 0.2204152249 0.5117647059 2 0.2199538639 0.5006055363 2 0.2546712803 0.5006055363 2 0.2546712803 0.5109861592 2 0 0 0 0 0 0
0 0.2741407151 0.5058693772 0.0369319493 0.012517301 0.2568627451 0.5115916955 2 0.2564013841 0.500432526 2 0.2911188005 0.500432526 2 0.2911188005 0.5108131488 2 0 0 0 0 0 0
0 0.2060899654 0.5074264706 0.0383160323 0.0133823529 0.1892733564 0.5027465398 2 0.1886966551 0.5134731834 2 0.2244521338 0.5128027682 2 0.2242214533 0.501816609 2 0 0 0 0 0 0
0 0.2443252595 0.5081185121 0.0361245675 0.0133823529 0.2272202999 0.5034385813 2 0.2272202999 0.514100346 2 0.261361015 0.5137543253 2 0.261361015 0.5028546713 2 0 0 0 0 0 0
0 0.2804267589 0.5070804498 0.0361245675 0.0133823529 0.2633217993 0.502400519 2 0.2633217993 0.5130622837 2 0.2974625144 0.512716263 2 0.2974625144 0.501816609 2 0 0 0 0 0 0
0 0.19911188 0.493066609 0.0370472895 0.012517301 0.1829296424 0.4987889273 2 0.1823529412 0.4880622837 2 0.216378316 0.487716263 2 0.2164936563 0.4980103806 2 0 0 0 0 0 0
0 0.2364244521 0.4924610727 0.0369319493 0.012517301 0.2191464821 0.498183391 2 0.2186851211 0.4870242215 2 0.2534025375 0.4870242215 2 0.2534025375 0.4974048443 2 0 0 0 0 0 0
0 0.2731026528 0.4917690311 0.0369319493 0.012517301 0.2558246828 0.4974913495 2 0.2553633218 0.4863321799 2 0.2900807382 0.4863321799 2 0.2900807382 0.4967128028 2 0 0 0 0 0 0
0 0.2052825836 0.4942776817 0.0383160323 0.0133823529 0.1877739331 0.4897058824 2 0.1878892734 0.5003243945 2 0.223644752 0.4996539792 2 0.2234140715 0.4886678201 2 0 0 0 0 0 0
0 0.242710496 0.492634083 0.0361245675 0.0133823529 0.2256055363 0.4879541522 2 0.2256055363 0.498615917 2 0.2597462514 0.4982698962 2 0.2597462514 0.4873702422 2 0 0 0 0 0 0
0 0.2782352941 0.4919420415 0.0361245675 0.0133823529 0.2611303345 0.4872621107 2 0.2611303345 0.4979238754 2 0.2952710496 0.4975778547 2 0.2952710496 0.4866782007 2 0 0 0 0 0 0
0 0.197266436 0.4792690311 0.0379700115 0.0131228374 0.1799307958 0.4853806228 2 0.1800461361 0.4739619377 2 0.214994233 0.473615917 2 0.2151095732 0.4846020761 2 0 0 0 0 0 0
0 0.2349250288 0.4793122837 0.0369319493 0.012517301 0.2176470588 0.4850346021 2 0.2171856978 0.4738754325 2 0.2519031142 0.4738754325 2 0.2519031142 0.4842560554 2 0 0 0 0 0 0
0 0.2707958478 0.4788797578 0.0369319493 0.012517301 0.2535178777 0.4846020761 2 0.2530565167 0.4734429066 2 0.2877739331 0.4734429066 2 0.2877739331 0.4838235294 2 0 0 0 0 0 0
0 0.2040138408 0.4804368512 0.0376239908 0.0133823529 0.1863898501 0.4749134948 2 0.1862745098 0.486483564 2 0.2220299885 0.4858131488 2 0.221799308 0.4748269896 2 0 0 0 0 0 0
0 0.2408650519 0.4794420415 0.0370472895 0.012949827 0.2228373702 0.4743079585 2 0.2232987313 0.4856401384 2 0.2583621684 0.4850346021 2 0.2582468281 0.4740484429 2 0 0 0 0 0 0
0 0.2769665513 0.4795717993 0.0361245675 0.0133823529 0.2598615917 0.4748918685 2 0.2598615917 0.4855536332 2 0.2940023068 0.4852076125 2 0.2940023068 0.4743079585 2 0 0 0 0 0 0
0 0.2746597463 0.4655579585 0.0361245675 0.0133823529 0.2575547866 0.4608780277 2 0.2575547866 0.4715397924 2 0.2916955017 0.4711937716 2 0.2916955017 0.4602941176 2 0 0 0 0 0 0
0 0.2384429066 0.465817474 0.036816609 0.0133823529 0.2206459054 0.4601211073 2 0.2206459054 0.4715397924 2 0.2558246828 0.4714532872 2 0.2558246828 0.4597750865 2 0 0 0 0 0 0
0 0.2014186851 0.4657309689 0.036816609 0.0133823529 0.183621684 0.4600346021 2 0.183621684 0.4714532872 2 0.2188004614 0.471366782 2 0.2188004614 0.4596885813 2 0 0 0 0 0 0
0 0.1969204152 0.464649654 0.0379700115 0.0131228374 0.1795847751 0.4707612457 2 0.1797001153 0.4593425606 2 0.2146482122 0.4589965398 2 0.2147635525 0.469982699 2 0 0 0 0 0 0
0 0.2331372549 0.4640441176 0.0375086505 0.0131228374 0.2160322953 0.4701557093 2 0.2161476355 0.4587370242 2 0.2505190311 0.4588235294 2 0.2504036909 0.4696366782 2 0 0 0 0 0 0
0 0.2688927336 0.4636115917 0.0379700115 0.0131228374 0.2522491349 0.4692906574 2 0.2521337947 0.4583910035 2 0.2863898501 0.4584775087 2 0.2867358708 0.4689446367 2 0 0 0 0 0 0
0 0.319100346 0.5190873702 0.0364705882 0.0131228374 0.3024221453 0.5249134948 2 0.3026262976 0.5137785467 2 0.3361014994 0.5132352941 2 0.3362168397 0.524567474 2 0 0 0 0 0 0
0 0.3557785467 0.5186980969 0.0369319493 0.012517301 0.3384971165 0.5244186851 2 0.3380357555 0.5132595156 2 0.3727531719 0.5132595156 2 0.3727531719 0.5236401384 2 0 0 0 0 0 0
0 0.3909573241 0.5187846021 0.0353171857 0.012517301 0.3744832757 0.5245051903 2 0.3740219146 0.5133460208 2 0.4065743945 0.5130622837 2 0.4069204152 0.5238754325 2 0 0 0 0 0 0
0 0.3238292964 0.5205147059 0.0383160323 0.0133823529 0.3070092272 0.51583391 2 0.3066897347 0.5262110727 2 0.3411764706 0.5258650519 2 0.3407151096 0.5147923875 2 0 0 0 0 0 0
0 0.3601038062 0.519649654 0.0361245675 0.0133823529 0.3429953864 0.5149688581 2 0.3429953864 0.5256297578 2 0.3771361015 0.525283737 2 0.3771361015 0.514384083 2 0 0 0 0 0 0
0 0.3959746251 0.5190873702 0.0361245675 0.0131228374 0.3788662053 0.5142768166 2 0.3788662053 0.5249377163 2 0.4121107266 0.5244809689 2 0.4116493656 0.5135813149 2 0 0 0 0 0 0
0 0.3188119954 0.5056358131 0.0370472895 0.0145934256 0.3020761246 0.5115051903 2 0.3020495963 0.4995916955 2 0.3360749712 0.4992456747 2 0.3364475202 0.5110726644 2 0 0 0 0 0 0
0 0.3544521338 0.5046842561 0.0345098039 0.012517301 0.3383817762 0.5104048443 2 0.3379204152 0.4992456747 2 0.3703575548 0.4991349481 2 0.370472895 0.5097750865 2 0 0 0 0 0 0
0 0.3895732411 0.5042517301 0.0353171857 0.012517301 0.3730991926 0.5099723183 2 0.3726378316 0.4988131488 2 0.4058823529 0.4988754325 2 0.4059976932 0.5093425606 2 0 0 0 0 0 0
0 0.3235986159 0.5063278547 0.0367012687 0.0133823529 0.3065743945 0.5003460208 2 0.3063171857 0.5123737024 2 0.3411764706 0.5120242215 2 0.3410611303 0.5009515571 2 0 0 0 0 0 0
0 0.3173125721 0.4914489619 0.0370472895 0.0137283737 0.3006920415 0.4973192042 2 0.300550173 0.4858373702 2 0.3345755479 0.4854913495 2 0.3347174164 0.4968866782 2 0 0 0 0 0 0
0 0.353183391 0.49058391 0.035432526 0.012517301 0.3366516724 0.4963044983 2 0.3361903114 0.4851453287 2 0.3697808535 0.4852949827 2 0.3698961938 0.4957621107 2 0 0 0 0 0 0
0 0.3884775087 0.4902378893 0.035432526 0.012517301 0.3719457901 0.4959584775 2 0.3714844291 0.484799308 2 0.4048442907 0.4847750865 2 0.4050749712 0.4956747405 2 0 0 0 0 0 0
0 0.3230795848 0.4920544983 0.0365859285 0.0133823529 0.306432526 0.4874809689 2 0.3065478662 0.498100346 2 0.3402537486 0.4980112457 2 0.3401384083 0.4860735294 2 0 0 0 0 0 0
0 0.3591810842 0.4918814879 0.0361245675 0.0133823529 0.3420726644 0.487200692 2 0.3420726644 0.4978615917 2 0.3762133795 0.4975155709 2 0.3762133795 0.486615917 2 0 0 0 0 0 0
0 0.3944752018 0.4912759516 0.0361245675 0.0133823529 0.377366782 0.4865951557 2 0.377366782 0.4972560554 2 0.4115074971 0.4969100346 2 0.4115074971 0.4860103806 2 0 0 0 0 0 0
0 0.3164475202 0.4773918685 0.0362399077 0.0131228374 0.2999734717 0.4835017301 2 0.300088812 0.472083045 2 0.3335640138 0.4718858131 2 0.3333333333 0.4830449827 2 0 0 0 0 0 0
0 0.3524336794 0.4771756055 0.0369319493 0.012517301 0.3351522491 0.4828961938 2 0.3346908881 0.4717370242 2 0.3694083045 0.4717370242 2 0.3694083045 0.4821176471 2 0 0 0 0 0 0
0 0.3883044983 0.4761807958 0.0369319493 0.012949827 0.3710230681 0.4821176471 2 0.370561707 0.4709584775 2 0.4052791234 0.4709584775 2 0.4052791234 0.4813391003 2 0 0 0 0 0 0
0 0.3223298731 0.4798572664 0.0360092272 0.0133823529 0.3055098039 0.4743321799 2 0.3056516724 0.4848624567 2 0.3393310265 0.4847759516 2 0.3388696655 0.4741358131 2 0 0 0 0 0 0
0 0.3586043829 0.4786029412 0.0370472895 0.012949827 0.3405732411 0.473467128 2 0.3411764706 0.48408391 2 0.3747404844 0.4836513841 2 0.3745098039 0.4729247405 2 0 0 0 0 0 0
0 0.3934371396 0.4776081315 0.0352018454 0.0133823529 0.3767900807 0.4729273356 2 0.3767900807 0.4835882353 2 0.4089965398 0.4831323529 2 0.4093425606 0.472232699 2 0 0 0 0 0 0
0 0.3909573241 0.4641133218 0.0355478662 0.0133823529 0.3741372549 0.459432526 2 0.3741372549 0.4700934256 2 0.4070357555 0.469982699 2 0.4070357555 0.459083045 2 0 0 0 0 0 0
0 0.3560092272 0.4648053633 0.0357785467 0.0133823529 0.338727797 0.4591072664 2 0.338727797 0.4705259516 2 0.3724336794 0.4704152249 2 0.3722029988 0.4587370242 2 0 0 0 0 0 0
0 0.3201384083 0.4651513841 0.0360092272 0.0133823529 0.3027416378 0.4594532872 2 0.3027416378 0.4708719723 2 0.3370242215 0.4707612457 2 0.3370242215 0.4588235294 2 0 0 0 0 0 0
0 0.3155824683 0.4632915225 0.03727797 0.0131228374 0.2985893887 0.4694013841 2 0.298704729 0.457982699 2 0.3326412918 0.4578719723 2 0.3329873126 0.4687716263 2 0 0 0 0 0 0
0 0.3507612457 0.4630320069 0.0356632065 0.0131228374 0.3345755479 0.4691418685 2 0.3346908881 0.4577231834 2 0.3672433679 0.4576989619 2 0.3672433679 0.4685986159 2 0 0 0 0 0 0
0 0.3858246828 0.462599481 0.0379700115 0.0131228374 0.369177624 0.4682768166 2 0.3690622837 0.4573771626 2 0.4020761246 0.4576989619 2 0.4021914648 0.46816609 2 0 0 0 0 0 0
0 0.3598154556 0.5058953287 0.0360092272 0.0133823529 0.3431372549 0.4999134948 2 0.3428800461 0.5119411765 2 0.3765859285 0.5118512111 2 0.3765859285 0.5000865052 2 0 0 0 0 0 0
0 0.3955709343 0.5049437716 0.0360092272 0.0133823529 0.3788927336 0.4989619377 2 0.3786355248 0.5109896194 2 0.4123414072 0.510899654 2 0.4123414072 0.4991349481 2 0 0 0 0 0 0
0 0.4625259516 0.519217128 0.0361245675 0.0133823529 0.4454175317 0.5145363322 2 0.4454175317 0.5251972318 2 0.4798154556 0.5249134948 2 0.4794694348 0.5138408304 2 0 0 0 0 0 0
0 0.498627451 0.5189576125 0.0361245675 0.0133823529 0.4815190311 0.5142768166 2 0.4815190311 0.5249377163 2 0.515916955 0.5246539792 2 0.5155709343 0.5135813149 2 0 0 0 0 0 0
0 0.5344982699 0.5176600346 0.0361245675 0.0133823529 0.5173898501 0.5129792388 2 0.5173898501 0.5236401384 2 0.5517877739 0.5233564014 2 0.5514417532 0.512283737 2 0 0 0 0 0 0
0 0.4567012687 0.518049308 0.0367012687 0.0124307958 0.4395351788 0.5238131488 2 0.4390738178 0.5126539792 2 0.4737024221 0.5124567474 2 0.4738177624 0.5230103806 2 0 0 0 0 0 0
0 0.4929181084 0.517616782 0.0367012687 0.0124307958 0.4757520185 0.5233806228 2 0.4752906574 0.5122214533 2 0.5099192618 0.5120242215 2 0.5100346021 0.5225778547 2 0 0 0 0 0 0
0 0.5304036909 0.5172707612 0.0367012687 0.0124307958 0.5132376009 0.5230346021 2 0.5127762399 0.5118754325 2 0.5474048443 0.5116782007 2 0.5475201845 0.5222318339 2 0 0 0 0 0 0
0 0.5341522491 0.5029541522 0.0361245675 0.0133823529 0.5170438293 0.4982733564 2 0.5170438293 0.5089342561 2 0.5514417532 0.508650519 2 0.5510957324 0.4975778547 2 0 0 0 0 0 0
0 0.497704729 0.5045112457 0.0361245675 0.0133823529 0.4805963091 0.4998304498 2 0.4805963091 0.5104913495 2 0.514994233 0.5102076125 2 0.5146482122 0.4991349481 2 0 0 0 0 0 0
0 0.4617185698 0.5049437716 0.0361245675 0.0133823529 0.4446101499 0.5002629758 2 0.4446101499 0.5109238754 2 0.4790080738 0.5106401384 2 0.4786620531 0.499567474 2 0 0 0 0 0 0
0 0.456816609 0.5039922145 0.0367012687 0.0128633218 0.439650519 0.5095397924 2 0.439189158 0.4983806228 2 0.4738177624 0.498183391 2 0.4739331027 0.5087370242 2 0 0 0 0 0 0
0 0.4607958478 0.4904974048 0.0361245675 0.0133823529 0.4436874279 0.485816609 2 0.4436874279 0.4964775087 2 0.4780853518 0.4961937716 2 0.477739331 0.4851211073 2 0 0 0 0 0 0
0 0.4967820069 0.4895458478 0.0361245675 0.0133823529 0.4796735871 0.4848650519 2 0.4796735871 0.4955259516 2 0.514071511 0.4952422145 2 0.5137254902 0.4841695502 2 0 0 0 0 0 0
0 0.5329988466 0.4886807958 0.0361245675 0.0133823529 0.5158904268 0.484 2 0.5158904268 0.4946608997 2 0.5502883506 0.4943771626 2 0.5499423299 0.4833044983 2 0 0 0 0 0 0
0 0.4561245675 0.4898918685 0.0367012687 0.0128633218 0.4389584775 0.4954394464 2 0.4384971165 0.4842802768 2 0.4731257209 0.484083045 2 0.4732410611 0.4946366782 2 0 0 0 0 0 0
0 0.4922260669 0.4889403114 0.0367012687 0.0128633218 0.4750599769 0.4944878893 2 0.4745986159 0.4833287197 2 0.5092272203 0.4831314879 2 0.5093425606 0.4936851211 2 0 0 0 0 0 0
0 0.5284429066 0.4880752595 0.0367012687 0.0128633218 0.5112768166 0.4936228374 2 0.5108154556 0.4824636678 2 0.54544406 0.482266436 2 0.5455594002 0.4928200692 2 0 0 0 0 0 0
0 0.5316147636 0.474666955 0.0361245675 0.0133823529 0.5145063437 0.4699861592 2 0.5145063437 0.4806470588 2 0.5489042676 0.4803633218 2 0.5485582468 0.4692906574 2 0 0 0 0 0 0
0 0.4960899654 0.4759645329 0.0361245675 0.0133823529 0.4789815456 0.471283737 2 0.4789815456 0.4819446367 2 0.5133794694 0.4816608997 2 0.5130334487 0.4705882353 2 0 0 0 0 0 0
0 0.459527105 0.47691609 0.0361245675 0.0133823529 0.4424186851 0.4722352941 2 0.4424186851 0.4828961938 2 0.476816609 0.4826124567 2 0.4764705882 0.4715397924 2 0 0 0 0 0 0
0 0.4547404844 0.4752724913 0.0367012687 0.0128633218 0.4375743945 0.4808200692 2 0.4371130334 0.4696608997 2 0.4717416378 0.4694636678 2 0.4718569781 0.480017301 2 0 0 0 0 0 0
0 0.4911880046 0.4750129758 0.0367012687 0.0128633218 0.4740219146 0.4805605536 2 0.4735605536 0.4694013841 2 0.508189158 0.4692041522 2 0.5083044983 0.4797577855 2 0 0 0 0 0 0
0 0.5270588235 0.4736288927 0.0367012687 0.0128633218 0.5098927336 0.4791764706 2 0.5094313725 0.468017301 2 0.5440599769 0.4678200692 2 0.5441753172 0.4783737024 2 0 0 0 0 0 0
0 0.5297693195 0.4603070934 0.0361245675 0.0133823529 0.5126608997 0.4556262976 2 0.5126608997 0.4662871972 2 0.5470588235 0.4660034602 2 0.5467128028 0.4549307958 2 0 0 0 0 0 0
0 0.4938985006 0.4612586505 0.0361245675 0.0133823529 0.4767900807 0.4565778547 2 0.4767900807 0.4672387543 2 0.5111880046 0.4669550173 2 0.5108419839 0.4558823529 2 0 0 0 0 0 0
0 0.4576816609 0.4616911765 0.0361245675 0.0133823529 0.4405732411 0.4570103806 2 0.4405732411 0.4676712803 2 0.4749711649 0.4673875433 2 0.4746251442 0.4563148789 2 0 0 0 0 0 0
0 0.4528950404 0.460566609 0.0367012687 0.0128633218 0.4357289504 0.4661141869 2 0.4352675894 0.4549550173 2 0.4698961938 0.4547577855 2 0.470011534 0.4653114187 2 0 0 0 0 0 0
0 0.48911188 0.4593555363 0.0367012687 0.0128633218 0.4719457901 0.4649031142 2 0.4714844291 0.4537439446 2 0.5061130334 0.4535467128 2 0.5062283737 0.464100346 2 0 0 0 0 0 0
0 0.5257900807 0.4585769896 0.0367012687 0.0128633218 0.5086239908 0.4641245675 2 0.5081626298 0.4529653979 2 0.5427912341 0.4527681661 2 0.5429065744 0.4633217993 2 0 0 0 0 0 0
0 0.5745213379 0.4595285467 0.0361245675 0.0133823529 0.5574129181 0.4548477509 2 0.5574129181 0.4655086505 2 0.591810842 0.4652249135 2 0.5914648212 0.4541522491 2 0 0 0 0 0 0
0 0.6106228374 0.4582309689 0.0361245675 0.0133823529 0.5935144175 0.453550173 2 0.5935144175 0.4642110727 2 0.6279123414 0.4639273356 2 0.6275663206 0.4528546713 2 0 0 0 0 0 0
0 0.6462629758 0.4582309689 0.0361245675 0.0133823529 0.6291545559 0.453550173 2 0.6291545559 0.4642110727 2 0.6635524798 0.4639273356 2 0.6632064591 0.4528546713 2 0 0 0 0 0 0
0 0.5788465975 0.4575389273 0.0367012687 0.0128633218 0.5616805075 0.4630865052 2 0.5612191465 0.4519273356 2 0.5958477509 0.4517301038 2 0.5959630911 0.462283737 2 0 0 0 0 0 0
0 0.6147174164 0.456933391 0.0367012687 0.0128633218 0.5975513264 0.4624809689 2 0.5970899654 0.4513217993 2 0.6317185698 0.4511245675 2 0.63183391 0.4616782007 2 0 0 0 0 0 0
0 0.6509342561 0.4558088235 0.0367012687 0.0128633218 0.6337681661 0.4613564014 2 0.6333068051 0.4501972318 2 0.6679354095 0.45 2 0.6680507497 0.4605536332 2 0 0 0 0 0 0
0 0.579077278 0.4719852941 0.0367012687 0.0128633218 0.561911188 0.477532872 2 0.561449827 0.4663737024 2 0.5960784314 0.4661764706 2 0.5961937716 0.4767301038 2 0 0 0 0 0 0
0 0.6156401384 0.4717257785 0.0367012687 0.0128633218 0.5984740484 0.4772733564 2 0.5980126874 0.4661141869 2 0.6326412918 0.465916955 2 0.6327566321 0.4764705882 2 0 0 0 0 0 0
0 0.6512802768 0.4709472318 0.0360092272 0.0128633218 0.6344602076 0.4764948097 2 0.6339988466 0.4653356401 2 0.6678200692 0.4652249135 2 0.6679354095 0.4761245675 2 0 0 0 0 0 0
0 0.5739446367 0.4737153979 0.0361245675 0.0133823529 0.5568362168 0.4690346021 2 0.5568362168 0.4796955017 2 0.5912341407 0.4794117647 2 0.59088812 0.4683391003 2 0 0 0 0 0 0
0 0.5739446367 0.4737153979 0.0361245675 0.0133823529 0.5568362168 0.4690346021 2 0.5568362168 0.4796955017 2 0.5912341407 0.4794117647 2 0.59088812 0.4683391003 2 0 0 0 0 0 0
0 0.6103921569 0.4731098616 0.0361245675 0.0133823529 0.593283737 0.4684290657 2 0.593283737 0.4790899654 2 0.6276816609 0.4788062284 2 0.6273356401 0.467733564 2 0 0 0 0 0 0
0 0.579077278 0.4868641869 0.0367012687 0.0128633218 0.561911188 0.4924117647 2 0.561449827 0.4812525952 2 0.5960784314 0.4810553633 2 0.5961937716 0.4916089965 2 0 0 0 0 0 0
0 0.6155478662 0.4866565744 0.0367012687 0.0128633218 0.598384083 0.4921989619 2 0.597922722 0.4810397924 2 0.6325513264 0.4808425606 2 0.6326666667 0.4913961938 2 0 0 0 0 0 0
0 0.6513033449 0.4854455017 0.0367012687 0.0128633218 0.6341395617 0.4909878893 2 0.6336782007 0.4798287197 2 0.6683068051 0.4796314879 2 0.6684221453 0.4901851211 2 0 0 0 0 0 0
0 0.5744059977 0.4877292388 0.0361245675 0.0133823529 0.5572975779 0.4830484429 2 0.5572975779 0.4937093426 2 0.5916955017 0.4934256055 2 0.591349481 0.4823529412 2 0 0 0 0 0 0
0 0.6110841984 0.4875562284 0.0361245675 0.0133823529 0.5939757785 0.4828754325 2 0.5939757785 0.4935363322 2 0.6283737024 0.4932525952 2 0.6280276817 0.4821799308 2 0 0 0 0 0 0
0 0.646839677 0.4867776817 0.0361245675 0.0133823529 0.6297312572 0.4820968858 2 0.6297312572 0.4927577855 2 0.6641291811 0.4924740484 2 0.6637831603 0.4814013841 2 0 0 0 0 0 0
0 0.5805767013 0.5013105536 0.0367012687 0.0128633218 0.5634106113 0.5068581315 2 0.5629492503 0.4956989619 2 0.5975778547 0.4955017301 2 0.5976931949 0.5060553633 2 0 0 0 0 0 0
0 0.6526643599 0.4999264706 0.0367012687 0.0128633218 0.6354982699 0.5054740484 2 0.6356401384 0.4944636678 2 0.6689734717 0.4941176471 2 0.6689734717 0.5053633218 2 0 0 0 0 0 0
0 0.617254902 0.5009645329 0.0367012687 0.0128633218 0.600088812 0.5065121107 2 0.599627451 0.4953529412 2 0.6342560554 0.4951557093 2 0.6343713956 0.5057093426 2 0 0 0 0 0 0
0 0.5748673587 0.5026081315 0.0361245675 0.0133823529 0.5577589389 0.4979273356 2 0.5577589389 0.5085882353 2 0.5921568627 0.5083044983 2 0.591810842 0.4972318339 2 0 0 0 0 0 0
0 0.5825374856 0.516016436 0.0367012687 0.0128633218 0.5653713956 0.5215640138 2 0.5649100346 0.5104048443 2 0.599538639 0.5102076125 2 0.5996539792 0.5207612457 2 0 0 0 0 0 0
0 0.6187543253 0.5151513841 0.0367012687 0.0128633218 0.6015882353 0.5206989619 2 0.6011268743 0.5095397924 2 0.6357554787 0.5093425606 2 0.6358708189 0.5198961938 2 0 0 0 0 0 0
0 0.6111995386 0.50191609 0.0361245675 0.0133823529 0.5940911188 0.4972352941 2 0.5940911188 0.5078961938 2 0.6284890427 0.5076124567 2 0.6281430219 0.4965397924 2 0 0 0 0 0 0
0 0.6475317186 0.5007050173 0.0361245675 0.0133823529 0.6304232987 0.4960242215 2 0.6304232987 0.5066851211 2 0.6648212226 0.5064013841 2 0.6644752018 0.4953287197 2 0 0 0 0 0 0
0 0.575916955 0.5173053633 0.0361245675 0.0133823529 0.5588062284 0.5126202422 2 0.5588062284 0.5232811419 2 0.5932041522 0.5229974048 2 0.5928581315 0.5119247405 2 0 0 0 0 0 0
0 0.6116608997 0.5169679931 0.0361245675 0.0133823529 0.5945478662 0.512283737 2 0.5945478662 0.5229446367 2 0.6289446367 0.5226608997 2 0.6285986159 0.5115882353 2 0 0 0 0 0 0
0 0.6478431373 0.5153935986 0.0361245675 0.0133823529 0.6307381776 0.5107136678 2 0.6307381776 0.5213745675 2 0.6651349481 0.5210908304 2 0.6647889273 0.5100181661 2 0 0 0 0 0 0
0 0.6933217993 0.4579714533 0.0375086505 0.0128633218 0.6760092272 0.4637543253 2 0.6760980392 0.4523598616 2 0.7083044983 0.4526816609 2 0.7080738178 0.462716263 2 0 0 0 0 0 0
0 0.7272318339 0.4586634948 0.0375086505 0.0128633218 0.7102906574 0.4635527682 2 0.7100080738 0.4530519031 2 0.7429065744 0.4527681661 2 0.7427912341 0.4632352941 2 0 0 0 0 0 0
0 0.7567358708 0.4585769896 0.0280507497 0.0132958478 0.7441522491 0.4641444637 2 0.7442410611 0.45275 2 0.7788696655 0.4525527682 2 0.7789850058 0.4631064014 2 0 0 0 0 0 0
0 0.696355248 0.4608088235 0.0341637832 0.0133823529 0.6802249135 0.4561271626 2 0.6805017301 0.4654783737 2 0.7115847751 0.4654783737 2 0.7117566321 0.4560761246 2 0 0 0 0 0 0
0 0.7306920415 0.4595934256 0.035017301 0.0137716263 0.7141361015 0.454717128 2 0.7141361015 0.4653780277 2 0.746011534 0.4654844291 2 0.745839677 0.4549230104 2 0 0 0 0 0 0
0 0.7306920415 0.4598486159 0.035017301 0.0142820069 0.7141361015 0.454717128 2 0.7141361015 0.4653780277 2 0.746011534 0.4654844291 2 0.745839677 0.4549230104 2 0 0 0 0 0 0
0 0.6905651672 0.4722275087 0.0375086505 0.0128633218 0.6732479815 0.4780095156 2 0.6733367935 0.4666150519 2 0.7055432526 0.4669368512 2 0.7053125721 0.4769714533 2 0 0 0 0 0 0
0 0.7248327566 0.4723486159 0.0375086505 0.0128633218 0.7075247982 0.4781314879 2 0.7076136101 0.4667370242 2 0.7398200692 0.4670588235 2 0.7395893887 0.4770934256 2 0 0 0 0 0 0
0 0.7648096886 0.46058391 0.035017301 0.0142820069 0.7482514418 0.4554480969 2 0.7482514418 0.4661089965 2 0.7801268743 0.4662153979 2 0.7799550173 0.4556539792 2 0 0 0 0 0 0
0 0.758627451 0.4724697232 0.0375086505 0.0128633218 0.7413148789 0.4782534602 2 0.7414036909 0.4668589965 2 0.7736101499 0.4671807958 2 0.7733794694 0.4772145329 2 0 0 0 0 0 0
0 0.6549365629 0.5136980969 0.0367012687 0.0128633218 0.6377727797 0.5192422145 2 0.6379146482 0.5082309689 2 0.6712479815 0.5078849481 2 0.6712479815 0.5191306228 2 0 0 0 0 0 0
0 0.6935640138 0.4742949827 0.0341637832 0.0133823529 0.6774313725 0.4696115917 2 0.6777070358 0.4789628028 2 0.7087912341 0.4789628028 2 0.7089630911 0.4695605536 2 0 0 0 0 0 0
0 0.7273125721 0.4743468858 0.0341637832 0.0133823529 0.7111787774 0.469666955 2 0.7114544406 0.4790181661 2 0.742538639 0.4790181661 2 0.742710496 0.469615917 2 0 0 0 0 0 0
0 0.7609919262 0.4752984429 0.0341637832 0.0133823529 0.7448581315 0.4706185121 2 0.7451337947 0.4799697232 2 0.7762179931 0.4799697232 2 0.7763898501 0.470567474 2 0 0 0 0 0 0
0 0.6887197232 0.4858953287 0.0375086505 0.0128633218 0.6714025375 0.4916773356 2 0.6714913495 0.480282872 2 0.7036978085 0.4806046713 2 0.703467128 0.4906392734 2 0 0 0 0 0 0
0 0.7232064591 0.4862413495 0.0375086505 0.0128633218 0.7058892734 0.4920233564 2 0.7059780854 0.4806288927 2 0.7381845444 0.480950692 2 0.7379538639 0.4909852941 2 0 0 0 0 0 0
0 0.7579238754 0.4864143599 0.0375086505 0.0128633218 0.7406066897 0.4921963668 2 0.7406955017 0.4808019031 2 0.7729019608 0.4811237024 2 0.7726712803 0.4911583045 2 0 0 0 0 0 0
0 0.7630680507 0.4886202422 0.0341637832 0.0140743945 0.747289504 0.4823529412 2 0.7472099193 0.4936375433 2 0.7782941176 0.4936375433 2 0.7776239908 0.4816608997 2 0 0 0 0 0 0
0 0.7285236448 0.4882309689 0.0347404844 0.01433391 0.7124567474 0.4821799308 2 0.7129538639 0.4933780277 2 0.7440380623 0.4933780277 2 0.7441753172 0.4819204152 2 0 0 0 0 0 0
0 0.7626297578 0.5027032872 0.0352018454 0.0142474048 0.7468004614 0.4966911765 2 0.7472987313 0.5078027682 2 0.7783817762 0.5078027682 2 0.7786343714 0.4965181661 2 0 0 0 0 0 0
0 0.6946136101 0.4884039792 0.0347404844 0.01433391 0.6785467128 0.4823529412 2 0.6790438293 0.4935510381 2 0.7101280277 0.4935510381 2 0.7102652826 0.4820934256 2 0 0 0 0 0 0
0 0.7590311419 0.5006098616 0.0375086505 0.0128633218 0.7417197232 0.5063910035 2 0.7418085352 0.4949974048 2 0.7740149942 0.4953183391 2 0.7737843137 0.5053529412 2 0 0 0 0 0 0
0 0.7250749712 0.4999870242 0.0375086505 0.0128633218 0.7077623991 0.5057647059 2 0.7078523645 0.4943711073 2 0.7400576701 0.4946920415 2 0.7398269896 0.5047266436 2 0 0 0 0 0 0
0 0.7279815456 0.5023918685 0.0352018454 0.0142474048 0.7121487889 0.4963780277 2 0.7126459054 0.5074896194 2 0.7437301038 0.5074896194 2 0.743982699 0.4962050173 2 0 0 0 0 0 0
0 0.6916724337 0.5000908304 0.0375086505 0.0128633218 0.6743621684 0.5058693772 2 0.6744521338 0.4944749135 2 0.7066574394 0.4947967128 2 0.7064267589 0.5048313149 2 0 0 0 0 0 0
0 0.6944405998 0.5158520761 0.0352018454 0.0142474048 0.6786089965 0.5098425606 2 0.679106113 0.5209541522 2 0.7101903114 0.5209541522 1 0.7104429066 0.5096695502 2 0 0 0 0 0 0
0 0.6884775087 0.5135510381 0.0375086505 0.0128633218 0.6711614764 0.51933391 2 0.6712514418 0.5079394464 2 0.7034567474 0.5082612457 2 0.7032260669 0.5182958478 2 0 0 0 0 0 0
0 0.7288119954 0.5163711073 0.0352018454 0.0142474048 0.712982699 0.5103641869 2 0.7134809689 0.5214757785 1 0.7445651672 0.5214757785 1 0.744816609 0.5101911765 2 0 0 0 0 0 0
0 0.7257670127 0.514182526 0.0375086505 0.0128633218 0.7084590542 0.5199602076 2 0.7085478662 0.5085657439 2 0.7407543253 0.5088875433 2 0.7405236448 0.5189221453 2 0 0 0 0 0 0
0 0.7601499423 0.5145977509 0.0375086505 0.0128633218 0.7428327566 0.5203780277 1 0.742922722 0.508983564 2 0.7751280277 0.5093053633 2 0.7748973472 0.5193399654 1 0 0 0 0 0 0
0 0.7633217993 0.5170025952 0.0352018454 0.0142474048 0.7474971165 0.5109904844 2 0.747994233 0.5221020761 1 0.7790784314 0.5221020761 1 0.7793310265 0.510817474 2 0 0 0 0 0 0
0 0.7392041522 0.4342690311 0.0334717416 0.0126384083 0.724106113 0.4392733564 2 0.7242214533 0.4283737024 2 0.7541257209 0.4285717993 2 0.7542410611 0.4391254325 2 0 0 0 0 0 0
0 0.7062110727 0.4342690311 0.0350749712 0.0126384083 0.6899653979 0.4391868512 2 0.6899653979 0.4288062284 2 0.7219457901 0.4285717993 2 0.7220611303 0.4391254325 2 0 0 0 0 0 0
0 0.7348442907 0.4354282007 0.034094579 0.0142820069 0.7188004614 0.4303633218 2 0.7190311419 0.4410034602 2 0.7497081892 0.4410622837 2 0.7495363322 0.4305 2 0 0 0 0 0 0
0 0.6725317186 0.43375 0.0350749712 0.0126384083 0.6561707036 0.4397058824 2 0.6562860438 0.4282871972 2 0.688266436 0.4280527682 2 0.6883817762 0.4386064014 2 0 0 0 0 0 0
0 0.7007035755 0.4349091696 0.03455594 0.0142820069 0.684544406 0.4296712803 2 0.6846597463 0.4404844291 2 0.7157981546 0.4405432526 2 0.7156262976 0.4299809689 2 0 0 0 0 0 0
0 0.6695040369 0.4347361592 0.0300576701 0.0142820069 0.6552479815 0.4288927336 2 0.6554786621 0.4401384083 2 0.682349481 0.4403702422 2 0.682177624 0.4298079585 2 0 0 0 0 0 0
0 0.6375836217 0.4340095156 0.0350749712 0.0126384083 0.6212226067 0.4399653979 2 0.6213379469 0.4285467128 2 0.6533183391 0.4283122837 2 0.6534336794 0.438865917 2 0 0 0 0 0 0
0 0.6339792388 0.4352551903 0.0353633218 0.0142820069 0.6175317186 0.4297577855 2 0.6176470588 0.4410034602 2 0.6494775087 0.4408892734 2 0.6493056517 0.4303269896 2 0 0 0 0 0 0
0 0.5994925029 0.4359472318 0.0353633218 0.0142820069 0.5830449827 0.430449827 2 0.583160323 0.4416955017 2 0.6149907728 0.4415813149 2 0.6148189158 0.4310190311 2 0 0 0 0 0 0
0 0.5658131488 0.4372448097 0.0353633218 0.0142820069 0.5493656286 0.4317474048 2 0.5494809689 0.4429930796 2 0.5813114187 0.4428788927 2 0.5811395617 0.432316609 2 0 0 0 0 0 0
0 0.6036735871 0.4347015571 0.0350749712 0.0126384083 0.5873125721 0.4406574394 2 0.5874279123 0.4292387543 2 0.6194083045 0.4290043253 2 0.6195236448 0.4395579585 2 0 0 0 0 0 0
0 0.5696482122 0.435134083 0.0350749712 0.0126384083 0.5532871972 0.4410899654 2 0.5534025375 0.4296712803 2 0.5853829296 0.4294368512 2 0.5854982699 0.4399904844 2 0 0 0 0 0 0
0 0.5643137255 0.4229714533 0.0353633218 0.0142820069 0.5478662053 0.4174740484 2 0.5479815456 0.4287197232 2 0.5798119954 0.4286055363 2 0.5796401384 0.4180432526 2 0 0 0 0 0 0
0 0.5975317186 0.4221929066 0.0353633218 0.0142820069 0.5810841984 0.4166955017 2 0.5811995386 0.4279411765 2 0.6130299885 0.4278269896 2 0.6128581315 0.4172647059 2 0 0 0 0 0 0
0 0.6316724337 0.4219766436 0.0353633218 0.0133304498 0.6151095732 0.4162629758 2 0.6152249135 0.4271626298 2 0.6469434833 0.4273356401 2 0.6469988466 0.4165726644 2 0 0 0 0 0 0
0 0.638621684 0.419649654 0.0350749712 0.0126384083 0.622260669 0.4256055363 2 0.6223760092 0.4141868512 2 0.6543564014 0.4139524221 2 0.6544717416 0.4245060554 2 0 0 0 0 0 0
0 0.6035582468 0.4203416955 0.0350749712 0.0126384083 0.5871972318 0.4262975779 2 0.5873125721 0.4148788927 2 0.6192929642 0.4146444637 2 0.6194083045 0.4251980969 2 0 0 0 0 0 0
0 0.569532872 0.4216392734 0.0350749712 0.0126384083 0.553171857 0.4275951557 2 0.5532871972 0.4161764706 2 0.5852675894 0.4159420415 2 0.5853829296 0.4264956747 2 0 0 0 0 0 0
0 0.5637946943 0.4086548443 0.0347866205 0.013849481 0.5477508651 0.4028546713 2 0.5485582468 0.4146193772 2 0.5793540946 0.414532872 2 0.5802768166 0.4025951557 2 0 0 0 0 0 0
0 0.5982814302 0.4079628028 0.0347866205 0.013849481 0.5822376009 0.4021626298 2 0.5830449827 0.4139273356 2 0.6138408304 0.4138408304 2 0.6147635525 0.4019031142 2 0 0 0 0 0 0
0 0.6328835063 0.4069247405 0.0347866205 0.013849481 0.616839677 0.4011245675 2 0.6176470588 0.4128892734 2 0.6484429066 0.4128027682 2 0.6493656286 0.4008650519 2 0 0 0 0 0 0
0 0.6388523645 0.4054628028 0.0350749712 0.0126384083 0.6224913495 0.4114186851 2 0.6226066897 0.4 2 0.6545870819 0.3997655709 2 0.6547024221 0.4103192042 2 0 0 0 0 0 0
0 0.6043656286 0.4064143599 0.0350749712 0.0126384083 0.5880046136 0.4123702422 2 0.5881199539 0.4009515571 2 0.620100346 0.400717128 2 0.6202156863 0.4112707612 2 0 0 0 0 0 0
0 0.5698788927 0.4068468858 0.0350749712 0.0126384083 0.5535178777 0.4128027682 2 0.553633218 0.401384083 2 0.5856136101 0.401149654 2 0.5857289504 0.4117032872 2 0 0 0 0 0 0
0 0.5638523645 0.3941219723 0.0358246828 0.013849481 0.547289504 0.3883217993 2 0.5480968858 0.4000865052 2 0.5806228374 0.3996539792 2 0.5808535179 0.3882352941 2 0 0 0 0 0 0
0 0.5979930796 0.3936894464 0.0358246828 0.013849481 0.5814302191 0.3878892734 2 0.5822376009 0.3996539792 2 0.6147635525 0.3992214533 2 0.614994233 0.3878027682 2 0 0 0 0 0 0
0 0.6330565167 0.3929108997 0.0358246828 0.013849481 0.6164936563 0.3871107266 2 0.6173010381 0.3988754325 2 0.6498269896 0.3984429066 2 0.6500576701 0.3870242215 2 0 0 0 0 0 0
0 0.5689561707 0.3926600346 0.0350749712 0.0126384083 0.5525951557 0.398615917 2 0.552710496 0.3871972318 2 0.5855824683 0.3873702422 2 0.5856978085 0.3974048443 2 0 0 0 0 0 0
0 0.6033275663 0.3922275087 0.0350749712 0.0126384083 0.5869665513 0.398183391 2 0.5870818916 0.3867647059 2 0.6199538639 0.3869377163 2 0.6200692042 0.3969723183 2 0 0 0 0 0 0
0 0.6373529412 0.39058391 0.0350749712 0.0126384083 0.6209919262 0.3965397924 2 0.6211072664 0.3851211073 2 0.6539792388 0.3852941176 2 0.654094579 0.3953287197 2 0 0 0 0 0 0
0 0.5615455594 0.3806271626 0.0358246828 0.013849481 0.544982699 0.3748269896 2 0.5457900807 0.3865916955 2 0.5783160323 0.3861591696 2 0.5785467128 0.3747404844 2 0 0 0 0 0 0
0 0.5969550173 0.3796756055 0.0358246828 0.013849481 0.5803921569 0.3738754325 2 0.5811995386 0.3856401384 2 0.6137254902 0.3852076125 2 0.6139561707 0.3737889273 2 0 0 0 0 0 0
0 0.6317877739 0.3794593426 0.0358246828 0.0122058824 0.6153402537 0.3740484429 2 0.6160322953 0.3846020761 2 0.6485582468 0.3841695502 2 0.6486735871 0.3737024221 2 0 0 0 0 0 0
0 0.6005594002 0.3785596886 0.0350749712 0.0126384083 0.5841983852 0.3845155709 2 0.5843137255 0.3730968858 2 0.6171856978 0.3732698962 2 0.6173010381 0.3833044983 2 0 0 0 0 0 0
0 0.6348154556 0.3779541522 0.0350749712 0.0126384083 0.6184544406 0.3839100346 2 0.6185697809 0.3724913495 2 0.651 0.3729152249 2 0.6510957324 0.3826989619 2 0 0 0 0 0 0
0 0.7382814302 0.4215527682 0.0334717416 0.0126384083 0.723183391 0.4265570934 2 0.7232987313 0.4156574394 2 0.7532029988 0.4158555363 2 0.7533183391 0.4264091696 2 0 0 0 0 0 0
0 0.7024336794 0.4213278547 0.034094579 0.0142820069 0.6863898501 0.4162629758 2 0.6866205306 0.4269031142 2 0.7172975779 0.4269619377 2 0.7171257209 0.416399654 2 0 0 0 0 0 0
0 0.6715224913 0.4216738754 0.0292502884 0.0142820069 0.6554786621 0.4165224913 2 0.6555940023 0.4271626298 2 0.6839642445 0.4273079585 2 0.6837923875 0.4167456747 2 0 0 0 0 0 0
0 0.7351903114 0.4224091696 0.034094579 0.0129844291 0.7191464821 0.4166955017 2 0.7193771626 0.4273356401 2 0.7500542099 0.4273944637 2 0.7498823529 0.4168321799 2 0 0 0 0 0 0
0 0.7066782007 0.4202119377 0.0334717416 0.0127249135 0.6914648212 0.4259515571 2 0.6916955017 0.4142733564 2 0.7215997693 0.4144714533 2 0.7220299885 0.4258650519 2 0 0 0 0 0 0
0 0.6742675894 0.4202119377 0.0334717416 0.0127249135 0.6590542099 0.4259515571 2 0.6592848904 0.4142733564 2 0.689189158 0.4144714533 2 0.6896193772 0.4258650519 2 0 0 0 0 0 0
0 0.7347289504 0.4092603806 0.034094579 0.0129844291 0.7186851211 0.4035467128 2 0.7189158016 0.4141868512 2 0.7495928489 0.4142456747 2 0.7494209919 0.403683391 2 0 0 0 0 0 0
0 0.7025490196 0.4081358131 0.034094579 0.0129844291 0.6865051903 0.4024221453 2 0.6867358708 0.4130622837 2 0.7174129181 0.4131211073 2 0.7172410611 0.4025588235 2 0 0 0 0 0 0
0 0.7025490196 0.4081358131 0.034094579 0.0129844291 0.6865051903 0.4024221453 2 0.6867358708 0.4130622837 2 0.7174129181 0.4131211073 2 0.7172410611 0.4025588235 2 0 0 0 0 0 0
0 0.6711764706 0.4073572664 0.032710496 0.0129844291 0.6567474048 0.4015570934 2 0.6570934256 0.4128892734 2 0.6853483276 0.4123425606 2 0.6851764706 0.4017802768 2 0 0 0 0 0 0
0 0.7397808535 0.4079714533 0.0334717416 0.0126384083 0.7246828143 0.4129757785 2 0.7247981546 0.4020761246 2 0.7547024221 0.4022742215 2 0.7548177624 0.4128278547 2 0 0 0 0 0 0
0 0.7074855825 0.4068468858 0.0334717416 0.0126384083 0.6923875433 0.4118512111 2 0.6925028835 0.4009515571 2 0.7224071511 0.401149654 2 0.7225224913 0.4117032872 2 0 0 0 0 0 0
0 0.6747289504 0.4064143599 0.0334717416 0.0126384083 0.6596309112 0.4114186851 2 0.6597462514 0.4005190311 2 0.689650519 0.400717128 2 0.6897658593 0.4112707612 2 0 0 0 0 0 0
0 0.7388811995 0.3959385813 0.034094579 0.0129844291 0.7228373702 0.3902249135 2 0.7230680507 0.4008650519 2 0.753745098 0.4009238754 2 0.7535732411 0.3903615917 2 0 0 0 0 0 0
0 0.7062399077 0.395333045 0.034094579 0.0129844291 0.6901960784 0.3896193772 2 0.6904267589 0.4002595156 2 0.7211038062 0.4003183391 2 0.7209319493 0.3897560554 2 0 0 0 0 0 0
0 0.6738292964 0.3946410035 0.034094579 0.0129844291 0.6577854671 0.3889273356 2 0.6580161476 0.399567474 2 0.6886931949 0.3996262976 2 0.6885213379 0.3890640138 2 0 0 0 0 0 0
0 0.7426643599 0.394217128 0.0334717416 0.0126384083 0.7275663206 0.3992214533 2 0.7276816609 0.3883217993 2 0.7575859285 0.3885198962 2 0.7577012687 0.3990735294 2 0 0 0 0 0 0
0 0.7105997693 0.3936980969 0.0334717416 0.0126384083 0.6955017301 0.3987024221 2 0.6956170704 0.3878027682 2 0.7255213379 0.3880008651 2 0.7256366782 0.3985544983 2 0 0 0 0 0 0
0 0.6778431373 0.3930925606 0.0334717416 0.0126384083 0.662745098 0.3980968858 2 0.6628604383 0.3871972318 2 0.6927647059 0.3873953287 2 0.6928800461 0.3979489619 2 0 0 0 0 0 0
0 0.6754901961 0.3812413495 0.034094579 0.0129844291 0.6594394464 0.375533737 2 0.6596701269 0.3861738754 2 0.6903471742 0.386232699 2 0.6901753172 0.3756704152 2 0 0 0 0 0 0
0 0.7080622837 0.3813711073 0.034094579 0.0129844291 0.6920138408 0.3756574394 2 0.6922445213 0.3862975779 2 0.7229215686 0.3863564014 2 0.7227497116 0.3757949827 2 0 0 0 0 0 0
0 0.7399769319 0.3817430796 0.034094579 0.0129844291 0.7239273356 0.3760294118 2 0.7241580161 0.3866695502 2 0.7548350634 0.3867283737 2 0.7546632065 0.376166955 2 0 0 0 0 0 0
0 0.7429873126 0.3811980969 0.0334717416 0.0126384083 0.7278973472 0.386199827 2 0.7280126874 0.375300173 2 0.757916955 0.3754982699 2 0.7580322953 0.3860519031 2 0 0 0 0 0 0
0 0.7112456747 0.3800821799 0.0334717416 0.0126384083 0.6961487889 0.38508391 2 0.6962641292 0.3741842561 2 0.7261683968 0.3743823529 2 0.726283737 0.3849359862 2 0 0 0 0 0 0
0 0.679988466 0.3793382353 0.0334717416 0.0126384083 0.6648973472 0.3843391003 2 0.6650126874 0.3734403114 2 0.694916955 0.3736375433 2 0.6950322953 0.3841911765 2 0 0 0 0 0 0
0 0.5287716263 0.4367430796 0.0370126874 0.0142820069 0.5117716263 0.431450692 2 0.5121026528 0.4427361592 2 0.5450991926 0.4423823529 2 0.5449273356 0.4318209343 2 0 0 0 0 0 0
0 0.4937197232 0.4379887543 0.0370126874 0.0142820069 0.476716263 0.4326911765 2 0.4770472895 0.4439766436 2 0.5100438293 0.4436228374 2 0.5098719723 0.4330614187 2 0 0 0 0 0 0
0 0.4591637832 0.4377378893 0.0370126874 0.0142820069 0.4421568627 0.4324429066 2 0.4424878893 0.4437283737 2 0.4754844291 0.4433745675 2 0.4753125721 0.4328131488 2 0 0 0 0 0 0
0 0.5240080738 0.4356271626 0.0350749712 0.0126384083 0.5076493656 0.4415856401 2 0.5077647059 0.430166955 2 0.539745098 0.429932526 2 0.5398604383 0.4404861592 2 0 0 0 0 0 0
0 0.4883448674 0.4363278547 0.0350749712 0.0126384083 0.471982699 0.4422811419 2 0.4720980392 0.4308624567 2 0.5040784314 0.4306280277 2 0.5041937716 0.4411816609 2 0 0 0 0 0 0
0 0.4532352941 0.4367430796 0.0350749712 0.0126384083 0.4368777393 0.4427024221 2 0.4369930796 0.431283737 2 0.4689734717 0.431049308 2 0.469088812 0.4416029412 2 0 0 0 0 0 0
0 0.5266262976 0.4228589965 0.0370126874 0.0142820069 0.509621684 0.4175605536 2 0.5099527105 0.4288460208 2 0.5429492503 0.4284930796 2 0.5427773933 0.4179307958 2 0 0 0 0 0 0
0 0.4922318339 0.4232309689 0.0370126874 0.0142820069 0.4752283737 0.417932526 2 0.4755594002 0.4292179931 2 0.50855594 0.4288650519 2 0.508384083 0.4183027682 2 0 0 0 0 0 0
0 0.4556920415 0.4243468858 0.0370126874 0.0142820069 0.4386851211 0.419049308 2 0.4390161476 0.4303347751 2 0.4720126874 0.4299809689 2 0.4718408304 0.4194195502 2 0 0 0 0 0 0
0 0.4532352941 0.4367430796 0.0350749712 0.0126384083 0.4368777393 0.4427024221 2 0.4369930796 0.431283737 2 0.4689734717 0.431049308 2 0.469088812 0.4416029412 2 0 0 0 0 0 0
0 0.4488523645 0.4222102076 0.0350749712 0.0126384083 0.4324948097 0.4281695502 2 0.4326101499 0.4167508651 2 0.4645905421 0.416516436 2 0.4647058824 0.4270700692 2 0 0 0 0 0 0
0 0.4843771626 0.4222102076 0.0350749712 0.0126384083 0.4680196078 0.4281695502 2 0.4681349481 0.4167508651 2 0.5001153403 0.416516436 2 0.5002306805 0.4270700692 2 0 0 0 0 0 0
0 0.5200403691 0.4218641869 0.0350749712 0.0126384083 0.5036793541 0.427817474 2 0.5037946943 0.4163987889 2 0.5357750865 0.4161643599 2 0.5358904268 0.4267179931 2 0 0 0 0 0 0
0 0.5261534025 0.408516436 0.0370126874 0.0142820069 0.5091522491 0.4032205882 2 0.5094832757 0.4145060554 2 0.5424798155 0.4141522491 2 0.5423079585 0.4035908304 2 0 0 0 0 0 0
0 0.4909630911 0.409217128 0.0370126874 0.0142820069 0.4739619377 0.4039247405 2 0.4742929642 0.4152102076 2 0.507289504 0.4148564014 2 0.5071176471 0.4042949827 2 0 0 0 0 0 0
0 0.4546078431 0.4093987889 0.0370126874 0.0142820069 0.4375986159 0.404100346 2 0.4379296424 0.4153858131 2 0.4709261822 0.4150320069 2 0.4707543253 0.4044705882 2 0 0 0 0 0 0
0 0.4489677047 0.4079628028 0.0350749712 0.0126384083 0.4326124567 0.413916955 2 0.432727797 0.4024982699 2 0.4647081892 0.4022638408 2 0.4648235294 0.412817474 2 0 0 0 0 0 0
0 0.4849307958 0.4079628028 0.0361361015 0.0126384083 0.4680369089 0.413916955 2 0.4681522491 0.4024982699 2 0.5015836217 0.4024922145 2 0.5015836217 0.4126098616 2 0 0 0 0 0 0
0 0.5205824683 0.4075216263 0.0361361015 0.0126384083 0.5036966551 0.4134775087 2 0.5038119954 0.4020588235 2 0.5372433679 0.4020527682 2 0.5372433679 0.4121695502 2 0 0 0 0 0 0
0 0.5251038062 0.3949697232 0.0370126874 0.0142820069 0.5080968858 0.3896721453 2 0.5084279123 0.4009576125 2 0.5414244521 0.4006046713 2 0.5412525952 0.3900423875 2 0 0 0 0 0 0
0 0.4896828143 0.39558391 0.0370126874 0.0142820069 0.4726724337 0.3902880623 2 0.4730023068 0.4015735294 2 0.5059988466 0.4012197232 2 0.5058269896 0.3906583045 2 0 0 0 0 0 0
0 0.4539042676 0.3951427336 0.0370126874 0.0142820069 0.4368950404 0.3898486159 2 0.4372260669 0.401134083 2 0.4702226067 0.4007802768 2 0.4700507497 0.3902188581 2 0 0 0 0 0 0
0 0.4493252595 0.3939749135 0.0350749712 0.0126384083 0.4329642445 0.3999290657 2 0.4330795848 0.3885103806 2 0.4650599769 0.3882759516 2 0.4651753172 0.3988295848 2 0 0 0 0 0 0
0 0.4844002307 0.3937932526 0.0350749712 0.0126384083 0.4680369089 0.3997525952 2 0.4681522491 0.38833391 2 0.5001326413 0.388099481 2 0.5002479815 0.3986531142 2 0 0 0 0 0 0
0 0.5199365629 0.3937067474 0.0350749712 0.0126384083 0.5035801615 0.3996652249 2 0.5036955017 0.3882465398 2 0.5356747405 0.3880121107 2 0.5357912341 0.3985657439 2 0 0 0 0 0 0
0 0.5242848904 0.3804541522 0.0370126874 0.0142820069 0.5072756632 0.3751565744 2 0.5076066897 0.3864420415 2 0.5406032295 0.3860882353 2 0.5404313725 0.3755268166 2 0 0 0 0 0 0
0 0.4892099193 0.3805406574 0.0370126874 0.0142820069 0.4722029988 0.3752439446 2 0.4725340254 0.3865294118 2 0.5055305652 0.3861764706 2 0.5053587082 0.3756141869 2 0 0 0 0 0 0
0 0.4537773933 0.3806271626 0.0370126874 0.0142820069 0.4367773933 0.3753321799 2 0.4371084198 0.3866176471 2 0.4701049596 0.3862638408 2 0.4699331027 0.3757024221 2 0 0 0 0 0 0
0 0.4493252595 0.3795458478 0.0360207612 0.0126384083 0.4324948097 0.3855008651 2 0.4326101499 0.3740821799 2 0.465922722 0.3737240484 2 0.4658062284 0.3844567474 2 0 0 0 0 0 0
0 0.4844002307 0.3794593426 0.0360207612 0.0126384083 0.4675686275 0.3854126298 2 0.4676828143 0.3739939446 2 0.5009965398 0.3736358131 2 0.5008788927 0.3843693772 2 0 0 0 0 0 0
0 0.5193598616 0.3791046713 0.0360207612 0.0126384083 0.5025236448 0.3850605536 2 0.502638985 0.3736418685 2 0.5359527105 0.373283737 2 0.5358350634 0.384017301 2 0 0 0 0 0 0
0 0.4002825836 0.4380925606 0.0370126874 0.0142820069 0.383272203 0.4327949827 2 0.3836020761 0.4440804498 2 0.4165986159 0.4437266436 2 0.4164279123 0.4331652249 2 0 0 0 0 0 0
0 0.3639158016 0.4376513841 0.0370126874 0.0142820069 0.3469077278 0.4323546713 2 0.3472387543 0.4436401384 2 0.3802352941 0.4432863322 2 0.3800634371 0.4327249135 2 0 0 0 0 0 0
0 0.3264417532 0.4370371972 0.0392502884 0.0142820069 0.3090911188 0.4316124567 2 0.3090911188 0.4429610727 2 0.3438719723 0.4426712803 2 0.3437001153 0.4321089965 2 0 0 0 0 0 0
0 0.4069665513 0.4362153979 0.036839677 0.0136937716 0.3897946943 0.4419057093 2 0.3895594002 0.430116782 2 0.4235778547 0.4299930796 2 0.4241637832 0.4419939446 2 0 0 0 0 0 0
0 0.3711880046 0.436483564 0.036839677 0.0136937716 0.354017301 0.4421695502 2 0.3537831603 0.4303806228 2 0.3878004614 0.4302569204 2 0.3883863899 0.4422577855 2 0 0 0 0 0 0
0 0.3337716263 0.4359558824 0.036839677 0.0136937716 0.3165974625 0.4416418685 2 0.3163633218 0.4298529412 2 0.3503806228 0.4297292388 2 0.3509677047 0.4417301038 2 0 0 0 0 0 0
0 0.4040311419 0.4233088235 0.0370126874 0.0142820069 0.3870253749 0.4180147059 2 0.3873564014 0.429300173 2 0.4203529412 0.4289463668 2 0.4201810842 0.4183849481 2 0 0 0 0 0 0
0 0.3669607843 0.423049308 0.0370126874 0.0142820069 0.3499584775 0.4177508651 2 0.3502883506 0.4290363322 2 0.3832848904 0.428682526 2 0.3831130334 0.4181211073 2 0 0 0 0 0 0
0 0.3304786621 0.4223399654 0.038189158 0.0142820069 0.3121407151 0.4166565744 2 0.3126101499 0.4279178201 2 0.3473910035 0.4279792388 2 0.3472191465 0.417416955 2 0 0 0 0 0 0
0 0.4108304498 0.4220544983 0.036839677 0.0136937716 0.3936655133 0.4277413495 2 0.3934302191 0.4159524221 2 0.4274486736 0.4158287197 2 0.4280346021 0.4278295848 2 0 0 0 0 0 0
0 0.3742329873 0.4216133218 0.036839677 0.0136937716 0.3570668973 0.4273019031 2 0.3568327566 0.4155129758 2 0.3908500577 0.4153892734 2 0.3914359862 0.4273892734 2 0 0 0 0 0 0
0 0.3369319493 0.4215268166 0.036839677 0.0136937716 0.3197647059 0.4272136678 2 0.3195305652 0.4154247405 2 0.3535478662 0.4153010381 2 0.3541349481 0.4273019031 2 0 0 0 0 0 0
0 0.3320126874 0.4079195502 0.038189158 0.0142820069 0.3136655133 0.4022283737 2 0.3141349481 0.4134896194 2 0.3489158016 0.4135510381 2 0.3487439446 0.4029887543 2 0 0 0 0 0 0
0 0.3686101499 0.4084472318 0.038189158 0.0142820069 0.3502629758 0.4027560554 2 0.3507324106 0.414017301 2 0.3855144175 0.4140787197 2 0.3853425606 0.403517301 2 0 0 0 0 0 0
0 0.4053229527 0.4089749135 0.038189158 0.0142820069 0.3869792388 0.403283737 2 0.3874486736 0.4145449827 2 0.4222295271 0.4146064014 2 0.4220576701 0.4040449827 2 0 0 0 0 0 0
0 0.4100922722 0.4076946367 0.0366089965 0.0126384083 0.3931960784 0.4134896194 2 0.3931960784 0.4020527682 2 0.4265847751 0.402 2 0.4267001153 0.4125536332 2 0 0 0 0 0 0
0 0.3739561707 0.4073486159 0.0366089965 0.0126384083 0.3570668973 0.4131375433 2 0.3570668973 0.401700692 2 0.390455594 0.4016479239 2 0.3905709343 0.4122015571 2 0 0 0 0 0 0
0 0.3376585928 0.407166955 0.0381314879 0.0126384083 0.3205859285 0.4129619377 2 0.3204682814 0.4015242215 2 0.3549134948 0.4014723183 2 0.3550288351 0.4120259516 2 0 0 0 0 0 0
0 0.4041464821 0.3949870242 0.038189158 0.0142820069 0.3858062284 0.3892958478 2 0.3862756632 0.4005570934 2 0.4210565167 0.4006185121 2 0.4208846597 0.3900562284 2 0 0 0 0 0 0
0 0.3662572088 0.3942776817 0.038189158 0.0142820069 0.347916955 0.3885916955 2 0.3483863899 0.3998529412 2 0.3831683968 0.3999143599 2 0.3829965398 0.3893529412 2 0 0 0 0 0 0
0 0.329544406 0.3940181661 0.038189158 0.0142820069 0.3112018454 0.3883278547 2 0.3116712803 0.3995891003 2 0.3464521338 0.399650519 2 0.3462802768 0.3890891003 2 0 0 0 0 0 0
0 0.4080968858 0.3939749135 0.0366089965 0.0126384083 0.3912018454 0.3997647059 2 0.3912018454 0.3883278547 2 0.4245905421 0.3882759516 2 0.4247058824 0.3988295848 2 0 0 0 0 0 0
0 0.3723183391 0.3925648789 0.0366089965 0.0126384083 0.3554244521 0.3983572664 2 0.3554244521 0.3869204152 2 0.3888131488 0.3868676471 2 0.388928489 0.3974221453 2 0 0 0 0 0 0
0 0.3346597463 0.391950692 0.0366089965 0.0126384083 0.3177704729 0.3977413495 2 0.3177704729 0.3863044983 2 0.3511591696 0.3862525952 2 0.3512745098 0.3968062284 2 0 0 0 0 0 0
0 0.3308362168 0.3793209343 0.038189158 0.0142820069 0.3124925029 0.3736358131 2 0.3129619377 0.3848970588 2 0.3477427912 0.3849584775 2 0.3475709343 0.3743970588 2 0 0 0 0 0 0
0 0.4032237601 0.3801081315 0.038189158 0.0142820069 0.3848835063 0.374416955 2 0.3853529412 0.3856782007 2 0.4201337947 0.3857396194 2 0.4199619377 0.3751773356 2 0 0 0 0 0 0
0 0.3672376009 0.3801946367 0.038189158 0.0142820069 0.3488973472 0.3745034602 2 0.349366782 0.3857647059 2 0.3841476355 0.3858261246 2 0.3839757785 0.3752638408 2 0 0 0 0 0 0
0 0.4063033449 0.379199827 0.0360207612 0.0129844291 0.389472895 0.3849818339 2 0.3897347174 0.373183391 2 0.4229019608 0.3732050173 2 0.4230680507 0.3845155709 2 0 0 0 0 0 0
0 0.3706055363 0.3785077855 0.0370588235 0.0129844291 0.3532871972 0.384083045 2 0.353171857 0.3726643599 2 0.3877231834 0.3725129758 2 0.3878892734 0.3838235294 2 0 0 0 0 0 0
0 0.3348500577 0.3782482699 0.0370588235 0.0129844291 0.3175317186 0.3838235294 2 0.3174163783 0.3724048443 2 0.3519677047 0.3722534602 2 0.3521337947 0.3835640138 2 0 0 0 0 0 0
0 0.2842964245 0.3792257785 0.0370588235 0.0129844291 0.2669803922 0.3848010381 2 0.2668650519 0.3733823529 2 0.3014163783 0.3732309689 2 0.3015824683 0.3845415225 2 0 0 0 0 0 0
0 0.2476297578 0.3787153979 0.0370588235 0.0129844291 0.2303056517 0.3842941176 2 0.2301903114 0.3728754325 2 0.2647416378 0.3727240484 2 0.2649077278 0.3840346021 2 0 0 0 0 0 0
0 0.2104901961 0.3786288927 0.0370588235 0.0129844291 0.19316609 0.3842076125 2 0.1930507497 0.3727889273 2 0.2276020761 0.3726375433 2 0.2277681661 0.3839480969 2 0 0 0 0 0 0
0 0.2800865052 0.380099481 0.038189158 0.0142820069 0.2617427912 0.3744143599 2 0.2622122261 0.3856756055 2 0.2969930796 0.3857370242 2 0.2968212226 0.3751756055 2 0 0 0 0 0 0
0 0.242254902 0.3798399654 0.038189158 0.0142820069 0.223911188 0.3741548443 2 0.2243806228 0.38541609 2 0.2591614764 0.3854775087 2 0.2589896194 0.37491609 2 0 0 0 0 0 0
0 0.205461361 0.3795804498 0.038189158 0.0142820069 0.1871176471 0.3738953287 2 0.1875870819 0.3851565744 2 0.2223679354 0.3852179931 2 0.2221960784 0.3746565744 2 0 0 0 0 0 0
0 0.2111822376 0.3930752595 0.0370588235 0.0129844291 0.1938581315 0.3986539792 2 0.1937427912 0.3872352941 2 0.2282941176 0.38708391 2 0.2284602076 0.3983944637 2 0 0 0 0 0 0
0 0.2056920415 0.3950648789 0.038189158 0.0142820069 0.1873483276 0.3893797578 2 0.1878177624 0.4006410035 2 0.2225986159 0.4007024221 2 0.2224267589 0.3901410035 2 0 0 0 0 0 0
0 0.2493598616 0.3932482699 0.0370588235 0.0129844291 0.2320357555 0.3988269896 2 0.2319204152 0.3874083045 2 0.2664717416 0.3872569204 2 0.2666378316 0.398567474 2 0 0 0 0 0 0
0 0.243177624 0.3950648789 0.038189158 0.0142820069 0.22483391 0.3893797578 2 0.2253033449 0.4006410035 2 0.2600841984 0.4007024221 2 0.2599123414 0.3901410035 2 0 0 0 0 0 0
0 0.2797404844 0.3948918685 0.038189158 0.0142820069 0.2613967705 0.3892067474 2 0.2618662053 0.4004679931 2 0.2966470588 0.4005294118 2 0.2964752018 0.3899679931 2 0 0 0 0 0 0
0 0.285922722 0.3941133218 0.0370588235 0.0129844291 0.2685986159 0.3996920415 2 0.2684832757 0.3882733564 2 0.3030346021 0.3881219723 2 0.303200692 0.399432526 2 0 0 0 0 0 0
0 0.2118742791 0.4080406574 0.0370588235 0.0129844291 0.194550173 0.4136193772 2 0.1944348328 0.402200692 2 0.2289861592 0.402049308 2 0.2291522491 0.4133598616 2 0 0 0 0 0 0
0 0.2497058824 0.4078676471 0.0370588235 0.0129844291 0.2323817762 0.4134463668 2 0.232266436 0.4020276817 2 0.2668177624 0.4018762976 2 0.2669838524 0.4131868512 2 0 0 0 0 0 0
0 0.2874221453 0.4081271626 0.0370588235 0.0129844291 0.2700980392 0.4137058824 2 0.269982699 0.4022871972 2 0.3045340254 0.4021358131 2 0.3047001153 0.4134463668 2 0 0 0 0 0 0
0 0.205922722 0.4095112457 0.038189158 0.0132439446 0.1875790081 0.4033070934 2 0.1880484429 0.4145683391 2 0.2223760092 0.4144463668 2 0.2226574394 0.4040683391 2 0 0 0 0 0 0
0 0.243177624 0.4089922145 0.038189158 0.0142820069 0.22483391 0.4033070934 2 0.2253033449 0.4145683391 2 0.2596309112 0.4144463668 2 0.2599123414 0.4040683391 2 0 0 0 0 0 0
0 0.2800865052 0.4089057093 0.038189158 0.0142820069 0.2617427912 0.4032205882 2 0.2622122261 0.4144818339 2 0.2965397924 0.4143598616 2 0.2968212226 0.4039818339 2 0 0 0 0 0 0
0 0.2146424452 0.4220544983 0.0370588235 0.0129844291 0.1973183391 0.427633218 2 0.1972029988 0.4162145329 2 0.2317543253 0.4160631488 2 0.2319204152 0.4273737024 2 0 0 0 0 0 0
0 0.2518973472 0.4220544983 0.0370588235 0.0129844291 0.2345732411 0.427633218 2 0.2344579008 0.4162145329 2 0.2690092272 0.4160631488 2 0.2691753172 0.4273737024 2 0 0 0 0 0 0
0 0.2886908881 0.422400519 0.0370588235 0.0129844291 0.271366782 0.4279792388 2 0.2712514418 0.4165605536 2 0.3058027682 0.4164091696 2 0.3059688581 0.4277197232 2 0 0 0 0 0 0
0 0.2081141869 0.424217128 0.038189158 0.0132439446 0.1897704729 0.4180129758 2 0.1902399077 0.4292742215 2 0.224567474 0.4291522491 2 0.2248489043 0.4187742215 2 0 0 0 0 0 0
0 0.2461764706 0.4240441176 0.038189158 0.0132439446 0.2278327566 0.4178399654 2 0.2283021915 0.4291012111 2 0.2626297578 0.4289792388 2 0.262911188 0.4186012111 2 0 0 0 0 0 0
0 0.2834313725 0.4241306228 0.038189158 0.0132439446 0.2650876586 0.4179264706 2 0.2655570934 0.4291877163 2 0.2998846597 0.4290657439 2 0.30016609 0.4186877163 2 0 0 0 0 0 0
0 0.2904209919 0.4363278547 0.0370588235 0.0129844291 0.2730968858 0.4419065744 2 0.2729815456 0.4304878893 2 0.307532872 0.4303365052 2 0.3076989619 0.4416470588 2 0 0 0 0 0 0
0 0.252704729 0.4359818339 0.0370588235 0.0129844291 0.2353806228 0.4415605536 2 0.2352652826 0.4301418685 2 0.269816609 0.4299904844 2 0.269982699 0.4413010381 2 0 0 0 0 0 0
0 0.214988466 0.4367603806 0.0370588235 0.0129844291 0.1976643599 0.4423391003 2 0.1975490196 0.4309204152 2 0.232100346 0.4307690311 2 0.232266436 0.4420795848 2 0 0 0 0 0 0
0 0.2105363322 0.4392690311 0.038189158 0.0132439446 0.1921926182 0.4330648789 2 0.1926620531 0.4443261246 2 0.2269896194 0.4442041522 2 0.2272710496 0.4338261246 2 0 0 0 0 0 0
0 0.2476758939 0.4384904844 0.038189158 0.0132439446 0.2293321799 0.4322863322 2 0.2298016148 0.4435475779 2 0.2641291811 0.4434256055 2 0.2644106113 0.4330475779 2 0 0 0 0 0 0
0 0.2848154556 0.4386634948 0.038189158 0.0132439446 0.2664717416 0.4324593426 2 0.2669411765 0.4437205882 2 0.3012687428 0.4435986159 2 0.301550173 0.4332205882 2 0 0 0 0 0 0
0 0.7544867359 0.338533737 0.0368858131 0.0149740484 0.7370507497 0.3322301038 2 0.7374486736 0.344384083 2 0.770739331 0.344516436 2 0.7702572088 0.3324299308 2 0 0 0 0 0 0
0 0.7191580161 0.3355406574 0.0368858131 0.0149740484 0.7017185698 0.3292422145 2 0.7021176471 0.3413953287 2 0.7354071511 0.3415276817 2 0.7349250288 0.3294411765 2 0 0 0 0 0 0
0 0.684083045 0.3353416955 0.0368858131 0.0149740484 0.6666528258 0.3290423875 2 0.6670507497 0.3411963668 2 0.7003414072 0.3413287197 2 0.6998592849 0.3292422145 2 0 0 0 0 0 0
0 0.7594002307 0.3364403114 0.0368858131 0.0149740484 0.7419642445 0.3427448097 2 0.7423633218 0.3305916955 2 0.7756528258 0.3304593426 2 0.7751707036 0.3425458478 2 0 0 0 0 0 0
0 0.7241983852 0.333049308 0.0368858131 0.0149740484 0.7067658593 0.3393581315 2 0.7071637832 0.3272041522 2 0.7404544406 0.3270726644 2 0.7399723183 0.3391591696 2 0 0 0 0 0 0
0 0.6884775087 0.3334472318 0.0368858131 0.0149740484 0.6710357555 0.3397569204 2 0.6714348328 0.3276029412 2 0.7047243368 0.3274705882 2 0.7042422145 0.3395570934 2 0 0 0 0 0 0
0 0.7226701269 0.3207569204 0.0348904268 0.013884083 0.7065005767 0.3146972318 2 0.706633218 0.3260536332 2 0.7387773933 0.3262534602 2 0.7390426759 0.3149965398 2 0 0 0 0 0 0
0 0.7579988466 0.3229930796 0.0348904268 0.0143771626 0.7414336794 0.3172871972 2 0.7419642445 0.3291418685 2 0.7741084198 0.3293416955 2 0.7739757785 0.3176859862 2 0 0 0 0 0 0
0 0.6878719723 0.3208564014 0.0348904268 0.0136851211 0.6711683968 0.3150960208 2 0.6718327566 0.3260536332 2 0.7039769319 0.3262534602 2 0.7041095732 0.3153944637 2 0 0 0 0 0 0
0 0.6929873126 0.3190095156 0.0368858131 0.0149740484 0.6755513264 0.3253114187 2 0.6759504037 0.3131583045 2 0.7092399077 0.3130259516 2 0.7087577855 0.3251124567 2 0 0 0 0 0 0
0 0.7279238754 0.3188062284 0.0358246828 0.0143771626 0.7114152249 0.3247586505 2 0.7114152249 0.3132577855 2 0.744704729 0.3131254325 2 0.7442226067 0.3246591696 2 0 0 0 0 0 0
0 0.7632525952 0.3214965398 0.0358246828 0.0143771626 0.7467462514 0.3274489619 2 0.7467462514 0.3159472318 2 0.7800369089 0.3158148789 2 0.7795547866 0.327349481 2 0 0 0 0 0 0
0 0.6924855825 0.3056314879 0.0348904268 0.0136851211 0.6757820069 0.2998711073 2 0.6764463668 0.3108287197 2 0.7085905421 0.3110285467 2 0.7087231834 0.3001695502 2 0 0 0 0 0 0
0 0.7278950404 0.3063235294 0.0348904268 0.0136851211 0.7111914648 0.3005631488 2 0.7118558247 0.3115207612 2 0.744 0.3117205882 2 0.7441326413 0.3008615917 2 0 0 0 0 0 0
0 0.7637658593 0.3087456747 0.0348904268 0.0136851211 0.7470622837 0.3029852941 2 0.7477266436 0.3139429066 2 0.7798708189 0.3141427336 2 0.7800034602 0.303283737 2 0 0 0 0 0 0
0 0.7675201845 0.3068771626 0.0358246828 0.0143771626 0.7510138408 0.3128295848 2 0.7510138408 0.3013278547 2 0.7843044983 0.3011963668 2 0.783822376 0.3127292388 2 0 0 0 0 0 0
0 0.7326874279 0.3041955017 0.0358246828 0.0143771626 0.7161810842 0.3101479239 2 0.7161810842 0.2986461938 2 0.7494717416 0.2985138408 2 0.7489896194 0.3100484429 2 0 0 0 0 0 0
0 0.6970472895 0.3037629758 0.0358246828 0.0143771626 0.6805409458 0.3097153979 2 0.6805409458 0.2982136678 2 0.7138316032 0.2980813149 2 0.713349481 0.309615917 2 0 0 0 0 0 0
0 0.6938696655 0.2909256055 0.0348904268 0.0136851211 0.67716609 0.2851652249 2 0.6778304498 0.2961228374 2 0.7099746251 0.2963226644 2 0.7101072664 0.2854636678 2 0 0 0 0 0 0
0 0.7290484429 0.2909256055 0.0348904268 0.0136851211 0.7123448674 0.2851652249 2 0.7130092272 0.2961228374 2 0.7451534025 0.2963226644 2 0.7452860438 0.2854636678 2 0 0 0 0 0 0
0 0.7649769319 0.2921366782 0.035928489 0.0150692042 0.7478662053 0.2859861592 2 0.7485582468 0.2971453287 2 0.7816009227 0.2987448097 2 0.781733564 0.2878858131 2 0 0 0 0 0 0
0 0.7705190311 0.2910467128 0.0379008074 0.0166262976 0.7529746251 0.2958745675 2 0.7529746251 0.2843728374 2 0.7868512111 0.285467128 2 0.7866205306 0.2970588235 2 0 0 0 0 0 0
0 0.7343021915 0.2891435986 0.0369780854 0.0135121107 0.7173010381 0.2948096886 2 0.7174163783 0.2832179931 2 0.7510957324 0.2835640138 2 0.7508650519 0.2951557093 2 0 0 0 0 0 0
0 0.698200692 0.2891435986 0.0369780854 0.0135121107 0.6811995386 0.2948096886 2 0.6813148789 0.2832179931 2 0.7147635525 0.2833044983 2 0.7147635525 0.2951557093 2 0 0 0 0 0 0
0 0.6947923875 0.276133218 0.0348904268 0.0136851211 0.678088812 0.2703728374 2 0.6787531719 0.2813304498 2 0.7111880046 0.2812283737 2 0.7110299885 0.2706712803 2 0 0 0 0 0 0
0 0.7006228374 0.2733131488 0.0369780854 0.0135121107 0.683621684 0.2789792388 2 0.6837370242 0.2673875433 2 0.7171856978 0.2674740484 2 0.7171856978 0.2793252595 2 0 0 0 0 0 0
0 0.7306632065 0.2760467128 0.0348904268 0.0136851211 0.7139596309 0.2702863322 2 0.7146239908 0.2812439446 2 0.7470588235 0.2811418685 2 0.7469008074 0.2705847751 2 0 0 0 0 0 0
0 0.7667070358 0.2777768166 0.0361591696 0.014550173 0.7493690888 0.27158391 2 0.7499423299 0.2820934256 2 0.783160323 0.2838235294 2 0.7830449827 0.2726643599 2 0 0 0 0 0 0
0 0.736378316 0.2738321799 0.0351326413 0.0138581315 0.7202998847 0.2793252595 2 0.7204152249 0.267733564 2 0.7521337947 0.26816609 2 0.7525951557 0.2797577855 2 0 0 0 0 0 0
0 0.7709803922 0.2757785467 0.0351326413 0.0151557093 0.7549019608 0.2806228374 2 0.755017301 0.2690311419 2 0.7873125721 0.2703287197 2 0.7875432526 0.2821799308 2 0 0 0 0 0 0
0 0.6374279123 0.3430579585 0.0368858131 0.0149740484 0.619988466 0.3367560554 2 0.6203863899 0.3489091696 2 0.6536828143 0.3487275087 2 0.653194925 0.3369550173 2 0 0 0 0 0 0
0 0.601810842 0.344217128 0.0368858131 0.0149740484 0.5843794694 0.3379126298 2 0.5847785467 0.3500657439 2 0.6180749712 0.349884083 2 0.6175859285 0.3381115917 2 0 0 0 0 0 0
0 0.5660784314 0.3447967128 0.0368858131 0.0149740484 0.5486424452 0.3384913495 2 0.5490415225 0.3506444637 2 0.5823367935 0.3504628028 2 0.5818489043 0.3386903114 2 0 0 0 0 0 0
0 0.6423183391 0.3408780277 0.0368858131 0.0149740484 0.6248858131 0.3471807958 2 0.625283737 0.3350268166 2 0.6585743945 0.3348944637 2 0.6580922722 0.3469809689 2 0 0 0 0 0 0
0 0.6061937716 0.3422275087 0.0368858131 0.0149740484 0.5887623991 0.3485302768 2 0.5891614764 0.3363762976 2 0.6224509804 0.3362448097 2 0.6219688581 0.3483313149 2 0 0 0 0 0 0
0 0.5699423299 0.3428070934 0.0368858131 0.0149740484 0.5525109573 0.3491089965 2 0.5529100346 0.3369550173 2 0.5861995386 0.3368226644 2 0.5857174164 0.3489091696 2 0 0 0 0 0 0
0 0.564532872 0.3302378893 0.0368858131 0.0149740484 0.5469850058 0.3242387543 2 0.5474982699 0.3360865052 2 0.5807946943 0.3359039792 2 0.5806666667 0.3246237024 2 0 0 0 0 0 0
0 0.6004036909 0.3298486159 0.0368858131 0.0149740484 0.5828512111 0.3238529412 2 0.5833644752 0.335700692 2 0.6166608997 0.3355190311 2 0.6165317186 0.3242387543 2 0 0 0 0 0 0
0 0.6365282584 0.3284039792 0.0368858131 0.0149740484 0.6189746251 0.3228884083 2 0.6194867359 0.3342543253 2 0.6527831603 0.3340726644 2 0.6526551326 0.3227923875 2 0 0 0 0 0 0
0 0.6414186851 0.3265095156 0.0368858131 0.0149740484 0.6245017301 0.3327231834 2 0.624384083 0.3206617647 2 0.6576747405 0.3205294118 2 0.6581822376 0.3327231834 2 0 0 0 0 0 0
0 0.6052941176 0.3272794118 0.0368858131 0.0149740484 0.5883794694 0.3334939446 2 0.5882618224 0.321432526 2 0.6215513264 0.321300173 2 0.6220599769 0.3334939446 2 0 0 0 0 0 0
0 0.5689158016 0.3287240484 0.0368858131 0.0149740484 0.5519988466 0.3349403114 2 0.5518811995 0.3228788927 2 0.585171857 0.3227465398 2 0.5856793541 0.3349403114 2 0 0 0 0 0 0
0 0.5637600923 0.3154887543 0.0368858131 0.0144031142 0.5462145329 0.3097759516 2 0.5467266436 0.3216245675 2 0.5800230681 0.3214420415 2 0.5798950404 0.3101617647 2 0 0 0 0 0 0
0 0.6006574394 0.3144247405 0.0368858131 0.0144031142 0.5831084198 0.3087153979 2 0.583621684 0.3205640138 2 0.6169181084 0.3203814879 2 0.6167889273 0.3091012111 2 0 0 0 0 0 0
0 0.6369088812 0.3134645329 0.0368858131 0.0144031142 0.6193598616 0.3077517301 2 0.6198731257 0.319599481 2 0.6531695502 0.3194178201 2 0.6530403691 0.3081375433 2 0 0 0 0 0 0
0 0.6415455594 0.3115614187 0.0368858131 0.0149740484 0.6246309112 0.3177785467 2 0.6245132641 0.305717128 2 0.6578027682 0.3055847751 2 0.6583114187 0.3177785467 2 0 0 0 0 0 0
0 0.6052941176 0.3125302768 0.0368858131 0.0149740484 0.5883794694 0.3187430796 2 0.5882618224 0.3066816609 2 0.6215513264 0.306549308 2 0.6220599769 0.3187430796 2 0 0 0 0 0 0
0 0.5689158016 0.3137846021 0.0368858131 0.0149740484 0.5519988466 0.3199965398 2 0.5518811995 0.3079351211 2 0.585171857 0.3078027682 2 0.5856793541 0.3199965398 2 0 0 0 0 0 0
0 0.5642791234 0.3001600346 0.0368858131 0.0144031142 0.5467289504 0.2944463668 2 0.5472410611 0.3062941176 2 0.5805374856 0.3061124567 2 0.5804094579 0.2948321799 2 0 0 0 0 0 0
0 0.6001499423 0.299865917 0.0368858131 0.0144031142 0.5825940023 0.2941574394 2 0.5831072664 0.3060051903 2 0.6164036909 0.3058235294 2 0.6162745098 0.2945432526 2 0 0 0 0 0 0
0 0.6364013841 0.2984212803 0.0368858131 0.0144031142 0.6189746251 0.293482699 2 0.6193587082 0.3045588235 2 0.6526551326 0.3043771626 2 0.6525259516 0.2930968858 2 0 0 0 0 0 0
0 0.6410380623 0.2972015571 0.0368858131 0.0149740484 0.6241164937 0.3034134948 2 0.6239988466 0.2913520761 2 0.657289504 0.2912197232 2 0.6577970012 0.3034134948 2 0 0 0 0 0 0
0 0.605432526 0.2977811419 0.0368858131 0.0149740484 0.5885074971 0.3039913495 2 0.5883898501 0.2919299308 2 0.6216805075 0.2917975779 2 0.6221880046 0.3039913495 2 0 0 0 0 0 0
0 0.5685351788 0.2985510381 0.0368858131 0.0149740484 0.5516136101 0.3047629758 2 0.5514959631 0.2927015571 2 0.5847866205 0.2925692042 2 0.5852941176 0.3047629758 2 0 0 0 0 0 0
0 0.6374279123 0.2838624567 0.0368858131 0.0144031142 0.6200023068 0.2789238754 2 0.6203863899 0.2900008651 2 0.6536828143 0.2898192042 2 0.6535547866 0.2785380623 2 0 0 0 0 0 0
0 0.6015570934 0.2847275087 0.0368858131 0.0144031142 0.5841372549 0.2797915225 2 0.5845213379 0.2908685121 2 0.6178177624 0.2906868512 2 0.6176885813 0.2794057093 2 0 0 0 0 0 0
0 0.5658246828 0.2855060554 0.0368858131 0.0144031142 0.5483990773 0.2805631488 2 0.5487843137 0.2916392734 2 0.5820795848 0.2914576125 2 0.5819515571 0.2801773356 2 0 0 0 0 0 0
0 0.6407843137 0.2824524221 0.0368858131 0.0149740484 0.6238592849 0.2886617647 2 0.6237416378 0.276600346 2 0.6570322953 0.2764679931 2 0.6575397924 0.2886617647 2 0 0 0 0 0 0
0 0.605432526 0.2832223183 0.0368858131 0.0149740484 0.5885074971 0.289433391 2 0.5883898501 0.2773719723 2 0.6216805075 0.2772396194 2 0.6221880046 0.289433391 2 0 0 0 0 0 0
0 0.5691810842 0.2836029412 0.0368858131 0.0149740484 0.5522560554 0.2898192042 2 0.5521384083 0.2777569204 2 0.5854290657 0.2776254325 2 0.5859365629 0.2898192042 2 0 0 0 0 0 0
0 0.5161822376 0.3494679931 0.0368858131 0.0149740484 0.4987462514 0.3431686851 2 0.4991453287 0.3553226644 2 0.5324417532 0.3551410035 2 0.5319527105 0.3433676471 2 0 0 0 0 0 0
0 0.4810726644 0.3505406574 0.0368858131 0.0149740484 0.4636412918 0.3442378893 2 0.4640403691 0.3563918685 2 0.4973356401 0.3562102076 2 0.4968477509 0.3444377163 2 0 0 0 0 0 0
0 0.4810726644 0.3505406574 0.0368858131 0.0149740484 0.4636412918 0.3442378893 2 0.4640403691 0.3563918685 2 0.4973356401 0.3562102076 2 0.4968477509 0.3444377163 2 0 0 0 0 0 0
0 0.4451441753 0.3506358131 0.0368858131 0.0149740484 0.427704729 0.3443347751 2 0.4281038062 0.3564878893 2 0.4614002307 0.3563062284 2 0.460911188 0.344533737 2 0 0 0 0 0 0
0 0.5212572088 0.3482396194 0.0368858131 0.0149740484 0.5043414072 0.3544541522 2 0.5042237601 0.3423927336 2 0.5375144175 0.3422603806 2 0.5380219146 0.3544541522 2 0 0 0 0 0 0
0 0.4862283737 0.348533737 0.0368858131 0.0149740484 0.4693068051 0.3547439446 2 0.469189158 0.342682526 2 0.5024798155 0.342550173 2 0.5029873126 0.3547439446 2 0 0 0 0 0 0
0 0.4505536332 0.3489143599 0.0368858131 0.0149740484 0.4336286044 0.3551306228 2 0.4335109573 0.3430683391 2 0.4668004614 0.3429368512 2 0.4673091119 0.3551306228 2 0 0 0 0 0 0
0 0.4452595156 0.3361894464 0.0368858131 0.0149740484 0.4278200692 0.3298884083 2 0.4282191465 0.3420415225 2 0.4615155709 0.3418598616 2 0.4610265283 0.3300873702 2 0 0 0 0 0 0
0 0.4802076125 0.3361894464 0.0368858131 0.0149740484 0.4627681661 0.3298884083 2 0.4631672434 0.3420415225 2 0.4964636678 0.3418598616 2 0.4959746251 0.3300873702 2 0 0 0 0 0 0
0 0.5163091119 0.3358434256 0.0368858131 0.0149740484 0.4988696655 0.3295423875 2 0.4992687428 0.3416955017 2 0.5325651672 0.3415138408 2 0.5320761246 0.3297413495 2 0 0 0 0 0 0
0 0.5212572088 0.3482396194 0.0368858131 0.0149740484 0.5043414072 0.3544541522 2 0.5042237601 0.3423927336 2 0.5375144175 0.3422603806 2 0.5380219146 0.3544541522 2 0 0 0 0 0 0
0 0.5225259516 0.3337932526 0.0368858131 0.0149740484 0.5056101499 0.3400077855 2 0.5054925029 0.3279463668 2 0.5387831603 0.3278140138 2 0.5392906574 0.3400077855 2 0 0 0 0 0 0
0 0.4866551326 0.3350043253 0.0368858131 0.0149740484 0.469739331 0.3412188581 2 0.469621684 0.3291574394 2 0.5029123414 0.3290250865 2 0.5034198385 0.3412188581 2 0 0 0 0 0 0
0 0.4505536332 0.3346583045 0.0368858131 0.0149740484 0.4336378316 0.3408728374 2 0.4335201845 0.3288114187 2 0.466810842 0.3286790657 2 0.4673183391 0.3408728374 2 0 0 0 0 0 0
0 0.4451441753 0.3215700692 0.0368858131 0.0149740484 0.427704729 0.3152690311 2 0.4281038062 0.3274221453 2 0.4614002307 0.3272404844 2 0.460911188 0.3154679931 2 0 0 0 0 0 0
0 0.480899654 0.321483564 0.0368858131 0.0149740484 0.4634602076 0.315182526 2 0.4638592849 0.3273356401 2 0.4971557093 0.3271539792 2 0.4966666667 0.3153814879 2 0 0 0 0 0 0
0 0.5168858131 0.3215700692 0.0368858131 0.0149740484 0.4994463668 0.3152690311 2 0.4998454441 0.3274221453 2 0.5331418685 0.3272404844 2 0.5326528258 0.3154679931 2 0 0 0 0 0 0
0 0.522295271 0.3196064014 0.0368858131 0.0149740484 0.5053794694 0.3258209343 2 0.5052618224 0.3137595156 2 0.5385524798 0.3136271626 2 0.5390599769 0.3258209343 2 0 0 0 0 0 0
0 0.4864244521 0.3199524221 0.0368858131 0.0149740484 0.4695086505 0.326166955 2 0.4693910035 0.3141055363 2 0.5026816609 0.3139731834 2 0.503189158 0.326166955 2 0 0 0 0 0 0
0 0.4510149942 0.319865917 0.0368858131 0.0149740484 0.4340991926 0.3260804498 2 0.4339815456 0.3140190311 2 0.467272203 0.3138866782 2 0.4677797001 0.3260804498 2 0 0 0 0 0 0
0 0.441799308 0.3075562284 0.0368858131 0.0149740484 0.4243598616 0.3012551903 2 0.4247589389 0.3134083045 2 0.4580553633 0.3132266436 2 0.4575663206 0.3014541522 2 0 0 0 0 0 0
0 0.4773241061 0.307383218 0.0368858131 0.0149740484 0.4598846597 0.3010821799 2 0.460283737 0.3132352941 2 0.4935801615 0.3130536332 2 0.4930911188 0.3012811419 2 0 0 0 0 0 0
0 0.513194925 0.3072102076 0.0368858131 0.0149740484 0.4957554787 0.3009091696 2 0.4961545559 0.3130622837 2 0.5294509804 0.3128806228 2 0.5289619377 0.3011081315 2 0 0 0 0 0 0
0 0.5188350634 0.3055060554 0.0368858131 0.0149740484 0.5019192618 0.3117205882 2 0.5018016148 0.2996591696 2 0.5350922722 0.2995268166 2 0.5355997693 0.3117205882 2 0 0 0 0 0 0
0 0.483656286 0.3063711073 0.0368858131 0.0149740484 0.4667404844 0.3125856401 2 0.4666228374 0.3005242215 2 0.4999134948 0.3003918685 2 0.5004209919 0.3125856401 2 0 0 0 0 0 0
0 0.4477854671 0.3058520761 0.0368858131 0.0149740484 0.4308696655 0.312066609 2 0.4307520185 0.3000051903 2 0.4640426759 0.2998728374 2 0.464550173 0.312066609 2 0 0 0 0 0 0
0 0.5115801615 0.2931098616 0.0368858131 0.0149740484 0.4941407151 0.2868088235 2 0.4945397924 0.2989619377 2 0.5278362168 0.2987802768 2 0.5273471742 0.2870077855 2 0 0 0 0 0 0
0 0.4762860438 0.2927638408 0.0368858131 0.0149740484 0.4588465975 0.2864628028 2 0.4592456747 0.298615917 2 0.4925420992 0.2984342561 2 0.4920530565 0.2866617647 2 0 0 0 0 0 0
0 0.4405305652 0.2934558824 0.0368858131 0.0149740484 0.4230911188 0.2871548443 2 0.4234901961 0.2993079585 2 0.4567866205 0.2991262976 2 0.4562975779 0.2873538062 2 0 0 0 0 0 0
0 0.5165282584 0.2914057093 0.0368858131 0.0149740484 0.4996124567 0.2976202422 2 0.4994948097 0.2855588235 2 0.5327854671 0.2854264706 2 0.5332929642 0.2976202422 2 0 0 0 0 0 0
0 0.4814648212 0.290800173 0.0368858131 0.0149740484 0.4645490196 0.2970147059 2 0.4644313725 0.2849532872 2 0.49772203 0.2848209343 2 0.4982295271 0.2970147059 2 0 0 0 0 0 0
0 0.4460553633 0.290800173 0.0368858131 0.0149740484 0.4291395617 0.2970147059 2 0.4290219146 0.2849532872 2 0.4623125721 0.2848209343 2 0.4628200692 0.2970147059 2 0 0 0 0 0 0
0 0.5140599769 0.2782742215 0.0335409458 0.0131574394 0.4987312572 0.2726643599 2 0.4989619377 0.2838235294 2 0.5297577855 0.2837370242 2 0.5296539792 0.2720423875 2 0 0 0 0 0 0
0 0.4804959631 0.2782309689 0.0358477509 0.0127249135 0.46816609 0.2730103806 2 0.4682814302 0.284083045 2 0.4972710496 0.2839013841 2 0.4970011534 0.2724913495 2 0 0 0 0 0 0
0 0.4514878893 0.2780579585 0.0338869666 0.0127249135 0.4363321799 0.2726643599 2 0.4362168397 0.2839965398 2 0.4672825836 0.2837283737 2 0.4670126874 0.2723183391 2 0 0 0 0 0 0
0 0.4458246828 0.2774783737 0.0368858131 0.0149740484 0.431372549 0.2833910035 2 0.431372549 0.2717128028 2 0.461361015 0.2715397924 2 0.461361015 0.2834775087 2 0 0 0 0 0 0
0 0.4776585928 0.2773053633 0.0368858131 0.0149740484 0.4632064591 0.2832179931 2 0.4632064591 0.2715397924 2 0.493194925 0.271366782 2 0.493194925 0.2833044983 2 0 0 0 0 0 0
0 0.5094925029 0.2774783737 0.0368858131 0.0149740484 0.4950403691 0.2833910035 2 0.4950403691 0.2717128028 2 0.5250288351 0.2715397924 2 0.5250288351 0.2834775087 2 0 0 0 0 0 0
0 0.5129065744 0.2661634948 0.0335409458 0.0119463668 0.4975778547 0.2606401384 2 0.4978085352 0.2711072664 2 0.5273356401 0.2710207612 2 0.5272202999 0.260467128 2 0 0 0 0 0 0
0 0.4811880046 0.2657309689 0.0335409458 0.0119463668 0.4658592849 0.2602076125 2 0.4660899654 0.2706747405 2 0.4956170704 0.2705882353 2 0.4955017301 0.2600346021 2 0 0 0 0 0 0
0 0.4490080738 0.2657309689 0.0335409458 0.0119463668 0.4336793541 0.2602076125 2 0.4339100346 0.2706747405 2 0.4634371396 0.2705882353 2 0.4633217993 0.2600346021 2 0 0 0 0 0 0
0 0.4432871972 0.2648486159 0.0368858131 0.0149740484 0.4288350634 0.2698961938 2 0.4288350634 0.259083045 2 0.4588235294 0.2589100346 2 0.4589388697 0.269550173 2 0 0 0 0 0 0
0 0.4754094579 0.2646756055 0.0326182238 0.012032872 0.4606689735 0.2692041522 2 0.4606689735 0.2593425606 2 0.4906574394 0.2591695502 2 0.4905420992 0.2697231834 2 0 0 0 0 0 0
0 0.5073587082 0.2650216263 0.0326182238 0.012032872 0.4926182238 0.269550173 2 0.4926182238 0.2596885813 2 0.5226066897 0.2595155709 2 0.5224913495 0.2700692042 2 0 0 0 0 0 0
0 0.5093310265 0.2537067474 0.0335409458 0.0119463668 0.4940023068 0.248183391 2 0.4942329873 0.258650519 2 0.5237600923 0.2585640138 2 0.523644752 0.2480103806 2 0 0 0 0 0 0
0 0.4780738178 0.2534472318 0.0335409458 0.0119463668 0.462745098 0.2479238754 2 0.4629757785 0.2583910035 2 0.4925028835 0.2583044983 2 0.4923875433 0.2477508651 2 0 0 0 0 0 0
0 0.4460092272 0.2531012111 0.0335409458 0.0119463668 0.4306805075 0.2475778547 2 0.430911188 0.2580449827 2 0.460438293 0.2579584775 2 0.4603229527 0.2474048443 2 0 0 0 0 0 0
0 0.4410957324 0.2522188581 0.0368858131 0.0149740484 0.4266435986 0.257266436 2 0.4266435986 0.2464532872 2 0.4566320646 0.2462802768 2 0.4567474048 0.2569204152 2 0 0 0 0 0 0
0 0.4732756632 0.2523918685 0.0368858131 0.0149740484 0.4588235294 0.2574394464 2 0.4588235294 0.2466262976 2 0.4888119954 0.2464532872 2 0.4889273356 0.2570934256 2 0 0 0 0 0 0
0 0.504994233 0.2524351211 0.0315801615 0.0117733564 0.4901960784 0.2573529412 2 0.4899653979 0.2473183391 2 0.5199538639 0.2471453287 2 0.5200692042 0.2577854671 2 0 0 0 0 0 0
0 0.5070242215 0.2415960208 0.0335409458 0.0119463668 0.4916955017 0.2360726644 2 0.4919261822 0.2465397924 2 0.5214532872 0.2464532872 2 0.5213379469 0.235899654 2 0 0 0 0 0 0
0 0.4756516724 0.2405579585 0.0335409458 0.0119463668 0.4603229527 0.2350346021 2 0.4605536332 0.2455017301 2 0.4900807382 0.2454152249 2 0.4899653979 0.2348615917 2 0 0 0 0 0 0
0 0.4440484429 0.2402984429 0.0335409458 0.0119463668 0.4287197232 0.2347750865 2 0.4289504037 0.2452422145 2 0.4584775087 0.2451557093 2 0.4583621684 0.2346020761 2 0 0 0 0 0 0
0 0.4396539792 0.2410596886 0.0330795848 0.0094377163 0.4247981546 0.2454152249 2 0.4247981546 0.2369377163 2 0.4547866205 0.2367647059 2 0.4549019608 0.244550173 2 0 0 0 0 0 0
0 0.4711418685 0.2411461938 0.0330795848 0.0094377163 0.4562860438 0.2455017301 2 0.4562860438 0.2370242215 2 0.4862745098 0.2368512111 2 0.4863898501 0.2446366782 2 0 0 0 0 0 0
0 0.5015916955 0.2415787197 0.0330795848 0.0078806228 0.4869665513 0.2443771626 2 0.4867358708 0.2382352941 2 0.5167243368 0.2380622837 2 0.5169550173 0.2448096886 2 0 0 0 0 0 0
0 0.4033794694 0.3503676471 0.0368858131 0.0141955017 0.3859434833 0.3444593426 2 0.3863414072 0.3566133218 2 0.4196378316 0.3564307958 2 0.4191499423 0.3446583045 2 0 0 0 0 0 0
0 0.3674394464 0.3500129758 0.0368858131 0.0149740484 0.3500046136 0.3437110727 2 0.3504025375 0.3558641869 2 0.3836989619 0.355682526 2 0.3832110727 0.3439100346 2 0 0 0 0 0 0
0 0.3302537486 0.3491392734 0.0393771626 0.0149740484 0.312467128 0.34291609 2 0.3126343714 0.3548953287 2 0.3477600923 0.3548088235 2 0.347272203 0.3430363322 2 0 0 0 0 0 0
0 0.4069550173 0.3487889273 0.0362168397 0.0134775087 0.3903356401 0.3542716263 2 0.3902514418 0.343567474 2 0.4235409458 0.3434359862 2 0.4236113033 0.3546461938 2 0 0 0 0 0 0
0 0.3707612457 0.34816609 0.037716263 0.0134775087 0.3533979239 0.3535224913 2 0.3533979239 0.34291609 2 0.3881014994 0.3428114187 2 0.388171857 0.3540216263 2 0 0 0 0 0 0
0 0.3346597463 0.3472923875 0.037716263 0.0134775087 0.3172929642 0.352649654 2 0.3172929642 0.3420423875 2 0.3519965398 0.3419385813 2 0.3520668973 0.3531487889 2 0 0 0 0 0 0
0 0.4007843137 0.3365700692 0.0374625144 0.0132439446 0.3830449827 0.330017301 2 0.3832756632 0.3419550173 2 0.4173310265 0.3421574394 2 0.4174163783 0.3305363322 2 0 0 0 0 0 0
0 0.3647981546 0.3355320069 0.0374625144 0.0132439446 0.346828143 0.3299307958 2 0.347289504 0.340916955 2 0.3813448674 0.3411193772 2 0.3815455594 0.3299307958 2 0 0 0 0 0 0
0 0.3283506344 0.3348399654 0.0374625144 0.0132439446 0.3103806228 0.3292387543 2 0.3108419839 0.3402249135 2 0.3448973472 0.3404273356 2 0.3450980392 0.3292387543 2 0 0 0 0 0 0
0 0.405455594 0.3346885813 0.0362168397 0.0134775087 0.3888350634 0.3401712803 2 0.3887520185 0.3294679931 2 0.4220415225 0.3293356401 2 0.42211188 0.3405458478 2 0 0 0 0 0 0
0 0.3697001153 0.334083045 0.0362168397 0.0134775087 0.3530795848 0.3395657439 2 0.3529965398 0.3288615917 2 0.3862860438 0.3287301038 2 0.3863564014 0.3399403114 2 0 0 0 0 0 0
0 0.3332525952 0.3329584775 0.0362168397 0.0134775087 0.316633218 0.3384411765 2 0.3165490196 0.3277378893 2 0.3498385236 0.3276055363 2 0.3499088812 0.3388157439 2 0 0 0 0 0 0
0 0.3999769319 0.3222102076 0.0374625144 0.0132439446 0.3822376009 0.3156574394 2 0.3824682814 0.3275951557 2 0.4165236448 0.3277984429 2 0.4166089965 0.3161764706 2 0 0 0 0 0 0
0 0.363644752 0.3211721453 0.0374625144 0.0132439446 0.345905421 0.3146193772 2 0.3461361015 0.3265570934 2 0.3801914648 0.3267603806 2 0.3802768166 0.3151384083 2 0 0 0 0 0 0
0 0.3269896194 0.3201081315 0.0374625144 0.0132439446 0.3092491349 0.3135527682 2 0.3094798155 0.3254904844 2 0.3435351788 0.3256937716 2 0.3436205306 0.3140717993 2 0 0 0 0 0 0
0 0.4043483276 0.3201211073 0.0362168397 0.0134775087 0.3877301038 0.3255960208 2 0.3876459054 0.3148918685 2 0.4209354095 0.3147595156 2 0.421005767 0.3259697232 2 0 0 0 0 0 0
0 0.3678546713 0.3192906574 0.0362168397 0.0134775087 0.3512318339 0.324766436 2 0.3511476355 0.3140622837 2 0.384438293 0.3139299308 2 0.3845086505 0.3251401384 2 0 0 0 0 0 0
0 0.3310380623 0.3182179931 0.0362168397 0.0134775087 0.3144175317 0.323699827 2 0.3143333333 0.3129956747 2 0.3476239908 0.3128641869 2 0.3476943483 0.3240743945 2 0 0 0 0 0 0
0 0.3991810842 0.3082309689 0.0374625144 0.0132439446 0.3814475202 0.3016747405 2 0.3816782007 0.3136124567 2 0.415733564 0.3138148789 2 0.4158189158 0.3021937716 2 0 0 0 0 0 0
0 0.3620530565 0.307400519 0.0374625144 0.0132439446 0.3443171857 0.3008451557 2 0.3445478662 0.312782872 2 0.3786032295 0.3129852941 2 0.3786885813 0.3013641869 2 0 0 0 0 0 0
0 0.3260322953 0.3058607266 0.0374625144 0.0132439446 0.3082929642 0.2993044983 2 0.3085236448 0.3112422145 2 0.3425790081 0.3114446367 2 0.3426643599 0.2998235294 2 0 0 0 0 0 0
0 0.4021337947 0.3056574394 0.0362168397 0.0134775087 0.3855178777 0.3111384083 2 0.3854336794 0.3004351211 2 0.4187243368 0.3003027682 2 0.4187946943 0.3115129758 2 0 0 0 0 0 0
0 0.3662745098 0.3047145329 0.0362168397 0.0134775087 0.3496516724 0.3101903114 2 0.349567474 0.2994870242 2 0.3828581315 0.2993546713 2 0.382928489 0.3105648789 2 0 0 0 0 0 0
0 0.3294579008 0.303884083 0.0362168397 0.0134775087 0.3128373702 0.3093607266 2 0.3127531719 0.2986574394 2 0.3460438293 0.2985250865 2 0.3461141869 0.3097352941 2 0 0 0 0 0 0
0 0.3258708189 0.2911634948 0.0374625144 0.0132439446 0.3081349481 0.2846107266 2 0.3083656286 0.2965484429 2 0.3424209919 0.2967508651 2 0.3425063437 0.2851297578 2 0 0 0 0 0 0
0 0.3626874279 0.2921150519 0.0374625144 0.0132439446 0.3449492503 0.2855588235 2 0.3451799308 0.2974965398 2 0.3792352941 0.2976989619 2 0.3793206459 0.2860769896 2 0 0 0 0 0 0
0 0.3985582468 0.2936548443 0.0374625144 0.0132439446 0.3808154556 0.2870986159 2 0.3810461361 0.2990363322 2 0.4151014994 0.2992396194 2 0.4151868512 0.2876176471 2 0 0 0 0 0 0
0 0.402295271 0.2919117647 0.0362168397 0.0134775087 0.3856758939 0.2973927336 2 0.3855916955 0.2866894464 2 0.4188823529 0.2865570934 2 0.4189527105 0.297767301 2 0 0 0 0 0 0
0 0.3662745098 0.290017301 0.0362168397 0.0134775087 0.3496516724 0.2954965398 2 0.349567474 0.2847932526 2 0.3828581315 0.2846608997 2 0.382928489 0.2958711073 2 0 0 0 0 0 0
0 0.3289850058 0.2888321799 0.0362168397 0.0134775087 0.3123633218 0.2943114187 2 0.3122791234 0.2836081315 2 0.3455697809 0.2834757785 2 0.3456401384 0.2946859862 2 0 0 0 0 0 0
0 0.2894925029 0.3484299308 0.0393771626 0.0149740484 0.2717035755 0.3422050173 2 0.2718696655 0.3541842561 2 0.3069965398 0.3540977509 2 0.3065074971 0.3423252595 2 0 0 0 0 0 0
0 0.2525144175 0.3481877163 0.0393771626 0.0149740484 0.2347312572 0.3419679931 2 0.2348973472 0.3539472318 2 0.2700242215 0.3538607266 2 0.2695363322 0.3420882353 2 0 0 0 0 0 0
0 0.2141176471 0.3471237024 0.0393771626 0.0149740484 0.1963379469 0.3409013841 2 0.1965040369 0.3528806228 2 0.2316297578 0.3527941176 2 0.2311418685 0.3410216263 2 0 0 0 0 0 0
0 0.2082583622 0.3444550173 0.037716263 0.0134775087 0.1908927336 0.3498053633 2 0.1908927336 0.3391980969 2 0.2255963091 0.3390942907 2 0.2256666667 0.3503044983 2 0 0 0 0 0 0
0 0.2460207612 0.3455190311 0.037716263 0.0134775087 0.2286551326 0.3508719723 2 0.2286551326 0.3402647059 2 0.2633587082 0.3401608997 2 0.2634290657 0.3513711073 2 0 0 0 0 0 0
0 0.2839446367 0.3464619377 0.037716263 0.0134775087 0.2665743945 0.3518200692 2 0.2665743945 0.3412128028 2 0.30127797 0.3411089965 2 0.3013483276 0.3523192042 2 0 0 0 0 0 0
0 0.2880622837 0.333732699 0.0393771626 0.0149740484 0.2702814302 0.3275112457 2 0.2704475202 0.3394904844 2 0.3055743945 0.3394039792 2 0.3050853518 0.3276314879 2 0 0 0 0 0 0
0 0.2509342561 0.3330233564 0.0393771626 0.0149740484 0.2331510957 0.326800173 2 0.2333171857 0.3387794118 2 0.26844406 0.3386929066 2 0.2679561707 0.3269204152 2 0 0 0 0 0 0
0 0.2133333333 0.3323140138 0.0393771626 0.0149740484 0.1955478662 0.3260891003 2 0.1957139562 0.3380683391 2 0.230839677 0.3379818339 2 0.2303517878 0.3262093426 2 0 0 0 0 0 0
0 0.205893887 0.3295242215 0.037716263 0.0134775087 0.1885224913 0.3348745675 2 0.1885224913 0.324267301 2 0.2232260669 0.3241634948 2 0.2232964245 0.3353737024 2 0 0 0 0 0 0
0 0.2441291811 0.330233564 0.037716263 0.0134775087 0.2267589389 0.3355847751 2 0.2267589389 0.3249783737 2 0.2614625144 0.3248737024 2 0.261532872 0.33608391 2 0 0 0 0 0 0
0 0.2817301038 0.3312975779 0.037716263 0.0134775087 0.2643621684 0.3366513841 2 0.2643621684 0.3260449827 2 0.2990668973 0.3259403114 2 0.2991361015 0.337150519 2 0 0 0 0 0 0
0 0.2847520185 0.3186807958 0.0393771626 0.0149740484 0.2669630911 0.3124610727 2 0.2671303345 0.3244411765 2 0.3022560554 0.3243546713 2 0.3017681661 0.3125821799 2 0 0 0 0 0 0
0 0.2474625144 0.3188019031 0.0393771626 0.0149740484 0.2296758939 0.3125795848 2 0.2298419839 0.3245596886 2 0.2649677047 0.3244731834 2 0.2644798155 0.312700692 2 0 0 0 0 0 0
0 0.2097001153 0.3177378893 0.0393771626 0.0149740484 0.1919134948 0.3115129758 2 0.1920795848 0.3234930796 2 0.2272064591 0.3234065744 2 0.2267174164 0.311634083 2 0 0 0 0 0 0
0 0.2030449827 0.3150605536 0.037716263 0.0134775087 0.1856782007 0.320416955 2 0.1856782007 0.3098105536 2 0.2203817762 0.3097058824 2 0.2204521338 0.32091609 2 0 0 0 0 0 0
0 0.2406459054 0.3157698962 0.037716263 0.0134775087 0.2232825836 0.3211280277 2 0.2232825836 0.3105207612 2 0.2579861592 0.310416955 2 0.2580565167 0.3216271626 2 0 0 0 0 0 0
0 0.2780968858 0.3164878893 0.037716263 0.0134775087 0.2607289504 0.3218391003 2 0.2607289504 0.3112318339 2 0.295432526 0.3111280277 2 0.2955028835 0.3223382353 2 0 0 0 0 0 0
0 0.2841176471 0.3042257785 0.0393771626 0.0149740484 0.2663321799 0.2980043253 2 0.2664982699 0.309983564 2 0.3016239908 0.3098970588 2 0.3011361015 0.2981245675 2 0 0 0 0 0 0
0 0.2471395617 0.3033953287 0.0393771626 0.0149740484 0.2293598616 0.2971747405 2 0.2295259516 0.3091539792 2 0.2646516724 0.3090683391 2 0.2641637832 0.2972949827 2 0 0 0 0 0 0
0 0.2084313725 0.3029195502 0.0393771626 0.0149740484 0.1906493656 0.296700692 2 0.1908154556 0.3086799308 2 0.2259423299 0.3085942907 2 0.2254532872 0.2968217993 2 0 0 0 0 0 0
0 0.2028950404 0.3007266436 0.037716263 0.0134775087 0.1855201845 0.3060787197 2 0.1855201845 0.2954714533 2 0.2202237601 0.2953676471 2 0.2202941176 0.3065778547 2 0 0 0 0 0 0
0 0.2400230681 0.3008391003 0.037716263 0.0134775087 0.222650519 0.3061972318 2 0.222650519 0.2955899654 2 0.2573540946 0.2954861592 2 0.2574244521 0.3066963668 2 0 0 0 0 0 0
0 0.2782583622 0.3019117647 0.037716263 0.0134775087 0.2608869666 0.3072638408 2 0.2608869666 0.2966565744 2 0.2955905421 0.2965527682 2 0.2956608997 0.3077629758 2 0 0 0 0 0 0
0 0.283171857 0.28941609 0.0393771626 0.0149740484 0.265384083 0.2831920415 2 0.265550173 0.2951712803 2 0.3006758939 0.2950847751 2 0.3001880046 0.2833122837 2 0 0 0 0 0 0
0 0.2455594002 0.2885856401 0.0393771626 0.0149740484 0.2277797001 0.2823624567 2 0.2279457901 0.2943416955 2 0.263071511 0.2942551903 2 0.2625836217 0.282482699 2 0 0 0 0 0 0
0 0.2081199539 0.2878762976 0.0393771626 0.0149740484 0.1903333333 0.2816513841 2 0.1904994233 0.2936306228 2 0.2256262976 0.2935441176 2 0.2251372549 0.2817716263 2 0 0 0 0 0 0
0 0.2032064591 0.2853200692 0.037716263 0.0134775087 0.1858362168 0.2906738754 2 0.1858362168 0.280066609 2 0.2205397924 0.2799628028 2 0.2206101499 0.2911730104 2 0 0 0 0 0 0
0 0.2403344867 0.2865051903 0.037716263 0.0134775087 0.2229665513 0.2918589965 2 0.2229388697 0.281083045 2 0.2576701269 0.2811479239 2 0.2577404844 0.2923581315 2 0 0 0 0 0 0
0 0.2785697809 0.2869809689 0.037716263 0.0134775087 0.2612029988 0.292333045 2 0.2611741638 0.2815562284 2 0.2959065744 0.2816219723 2 0.2959769319 0.2928321799 2 0 0 0 0 0 0
