2 0.3425609756 0.1549754902 0.0389198606 0.0348921569 0.3430156794 0.1390254902 2 0.3614006969 0.1389088235 2 0.3236498258 0.1390254902 2 0.3428205575 0.1709303922 2 0.3615313589 0.1709882353 2 0.3235836237 0.1709303922 2
2 0.3428310105 0.1877843137 0.0354529617 0.0340980392 0.3432456446 0.1721931373 2 0.3599912892 0.1720784314 2 0.3256045296 0.1721931373 2 0.3430662021 0.2033676471 2 0.3601097561 0.2034245098 2 0.3255452962 0.2033676471 2
2 0.3638675958 0.1520147059 0.0357839721 0.0336176471 0.3642926829 0.1366460784 2 0.381195122 0.1365333333 2 0.3464878049 0.1366460784 2 0.3641114983 0.1673803922 2 0.381315331 0.1674362745 2 0.3464268293 0.1673803922 2
2 0.3642944251 0.1849362745 0.0356271777 0.0334411765 0.3647055749 0.1696480392 2 0.3815296167 0.1695352941 2 0.3469825784 0.1696480392 2 0.3645243902 0.2002235294 2 0.3816480836 0.2002803922 2 0.3469216028 0.2002235294 2
2 0.3850609756 0.1574313725 0.0339198606 0.0330588235 0.385466899 0.1423176471 2 0.4014843206 0.1422068627 2 0.3685940767 0.1423176471 2 0.3852961672 0.1725392157 2 0.401597561 0.172595098 2 0.3685365854 0.1725392157 2
2 0.385 0.1906666667 0.0345644599 0.0332156863 0.3854094077 0.1754862745 2 0.4017351916 0.1753754902 2 0.3682090592 0.1754862745 2 0.3852351916 0.2058568627 2 0.4018519164 0.2059117647 2 0.3681515679 0.2058568627 2
2 0.4045818815 0.1542254902 0.0336585366 0.0332745098 0.4049756098 0.1390107843 2 0.420869338 0.1388990196 2 0.3882317073 0.1390107843 2 0.404804878 0.1694333333 2 0.4209825784 0.1694892157 2 0.3881759582 0.1694333333 2
2 0.4052351916 0.1874313725 0.036533101 0.0329215686 0.4056637631 0.1723794118 2 0.4229181185 0.1722686275 2 0.3874878049 0.1723794118 2 0.4054790941 0.202477451 2 0.4230418118 0.2025333333 2 0.3874268293 0.202477451 2
2 0.4267682927 0.1584264706 0.034825784 0.0337156863 0.4271864111 0.1430098039 2 0.4436358885 0.1428960784 2 0.4098571429 0.1430098039 2 0.427010453 0.1738382353 2 0.4437526132 0.173895098 2 0.4097979094 0.1738382353 2
2 0.4274303136 0.1928823529 0.0361498258 0.0340980392 0.4278554007 0.1772931373 2 0.4449250871 0.1771784314 2 0.4098745645 0.1772931373 2 0.427674216 0.208472549 2 0.4450470383 0.2085294118 2 0.409815331 0.208472549 2
2 0.4476567944 0.154254902 0.0375783972 0.0329019608 0.4481045296 0.1392166667 2 0.4658536585 0.1391058824 2 0.4294076655 0.1392166667 2 0.4479163763 0.1693019608 2 0.4659808362 0.1693568627 2 0.4293449477 0.1693019608 2
2 0.4465505226 0.1880931373 0.0345644599 0.034245098 0.446956446 0.1724362745 2 0.4632839721 0.1723205882 2 0.4297578397 0.1724362745 2 0.44678223 0.2037480392 2 0.4633989547 0.2038058824 2 0.4297003484 0.2037480392 2
2 0.467630662 0.1586078431 0.0400696864 0.0327647059 0.4681045296 0.1436313725 2 0.4870296167 0.1435215686 2 0.4481689895 0.1436313725 2 0.467902439 0.1735843137 2 0.4871637631 0.1736392157 2 0.4481027875 0.1735843137 2
2 0.4662630662 0.1912990196 0.0375783972 0.0337352941 0.4667003484 0.175877451 2 0.4844494774 0.1757637255 2 0.4480034843 0.175877451 2 0.466510453 0.2067186275 2 0.4845766551 0.2067754902 2 0.4479407666 0.2067186275 2
2 0.5080226481 0.1570245098 0.0375783972 0.0335784314 0.5084738676 0.141677451 2 0.5262229965 0.1415647059 2 0.4897770035 0.141677451 2 0.5082857143 0.1723784314 2 0.5263501742 0.1724352941 2 0.4897142857 0.1723784314 2
2 0.5073170732 0.190745098 0.0364111498 0.033372549 0.5077404181 0.1754931373 2 0.5249320557 0.1753813725 2 0.4896289199 0.1754931373 2 0.5075574913 0.2060058824 2 0.5250557491 0.2060627451 2 0.4895679443 0.2060058824 2
2 0.5293728223 0.1547058824 0.0357491289 0.0338039216 0.5297979094 0.139254902 2 0.5466811847 0.1391411765 2 0.5120121951 0.139254902 2 0.5296184669 0.1701578431 2 0.5468013937 0.1702147059 2 0.5119529617 0.1701578431 2
2 0.5276045296 0.1872794118 0.0361498258 0.0346960784 0.5280348432 0.171422549 2 0.5451045296 0.1713068627 2 0.510054007 0.171422549 2 0.5278519164 0.2031480392 2 0.5452247387 0.2032058824 2 0.5099930314 0.2031480392 2
2 0.5486933798 0.1591666667 0.0358885017 0.0343137255 0.5491149826 0.143477451 2 0.5660609756 0.1433617647 2 0.5312648084 0.143477451 2 0.5489337979 0.1748539216 2 0.5661811847 0.1749117647 2 0.5312038328 0.1748539216 2
2 0.5472473868 0.1928137255 0.035087108 0.0339607843 0.5476655052 0.1772872549 2 0.5642404181 0.1771735294 2 0.5302055749 0.1772872549 2 0.547489547 0.2083401961 2 0.5643571429 0.2083970588 2 0.5301463415 0.2083401961 2
2 0.5715505226 0.1562892157 0.0367944251 0.034754902 0.5719773519 0.1404009804 2 0.5893554007 0.1402843137 2 0.5536707317 0.1404009804 2 0.5717926829 0.1721803922 2 0.5894790941 0.1722392157 2 0.5536097561 0.1721803922 2
2 0.5681358885 0.1899362745 0.0347038328 0.0344019608 0.5685470383 0.1742107843 1 0.5849372822 0.174095098 2 0.5512839721 0.1742107843 1 0.5683728223 0.2056676471 2 0.585054007 0.2057254902 2 0.5512247387 0.2056676471 2
2 0.5913850174 0.161372549 0.0382404181 0.0343137255 0.5918344948 0.1456882353 2 0.6098919861 0.145572549 2 0.5728101045 0.1456882353 2 0.591641115 0.1770627451 2 0.6100209059 0.1771196078 2 0.5727456446 0.1770627451 2
2 0.5900087108 0.1943578431 0.0456968641 0.0344019608 0.5887648084 0.1785333333 2 0.612130662 0.1785166667 2 0.5709547038 0.1785333333 2 0.5871933798 0.2100872549 2 0.6050034843 0.2103823529 2 0.5683362369 0.209645098 2
2 0.6120121951 0.1589803922 0.0436062718 0.0352745098 0.6149547038 0.14285 2 0.6331167247 0.1427362745 2 0.596358885 0.14285 2 0.6112891986 0.1748470588 2 0.6298832753 0.1751411765 2 0.5913832753 0.1745519608 2
2 0.6325 0.1645441176 0.0408536585 0.0344607843 0.634597561 0.1487480392 2 0.6522787456 0.1486735294 2 0.6157404181 0.1486009804 2 0.6322404181 0.1805970588 2 0.6503118467 0.18045 2 0.6131219512 0.1805970588 2
2 0.6275348432 0.1980147059 0.0408536585 0.0344607843 0.6296324042 0.1822166667 2 0.6473118467 0.1821421569 2 0.6107735192 0.1820686275 2 0.6272735192 0.2140656863 2 0.6453449477 0.2139176471 2 0.6081550523 0.2140656863 2
2 0.1521864111 0.3077843137 0.0381010453 0.0329607843 0.1507108014 0.2926843137 2 0.1668292683 0.2925666667 2 0.1336724739 0.2927186275 2 0.1546881533 0.3228529412 2 0.1707439024 0.3229098039 2 0.1362682927 0.3228529412 2
2 0.1549912892 0.3390588235 0.0381010453 0.0329607843 0.1535278746 0.3239588235 2 0.1696463415 0.3238411765 2 0.136489547 0.3239931373 2 0.1575052265 0.354127451 2 0.1735609756 0.3541843137 2 0.1390853659 0.354127451 2
2 0.1704790941 0.3039411765 0.0381010453 0.0329607843 0.1690174216 0.2888411765 2 0.1851358885 0.2887235294 2 0.1519790941 0.2888745098 2 0.1729947735 0.3190098039 2 0.1890505226 0.3190666667 2 0.1545749129 0.3190098039 2
2 0.1743466899 0.3356862745 0.0381010453 0.0329607843 0.1728815331 0.3205872549 2 0.189 0.3204696078 2 0.1558432056 0.3206205882 2 0.176858885 0.3507558824 2 0.1929146341 0.3508127451 2 0.1584390244 0.3507558824 2
2 0.192761324 0.3076372549 0.0381010453 0.0329607843 0.1913013937 0.2925401961 2 0.2074198606 0.292422549 2 0.1742630662 0.2925735294 2 0.1952787456 0.3227088235 2 0.2113344948 0.3227656863 2 0.176858885 0.3227088235 2
2 0.1970470383 0.3393823529 0.0381010453 0.0329607843 0.1955836237 0.3242862745 2 0.2117020906 0.3241676471 2 0.1785452962 0.3243196078 2 0.1995609756 0.3544539216 2 0.2156167247 0.3545117647 2 0.181141115 0.3544539216 2
2 0.2124303136 0.3043137255 0.0381010453 0.0329607843 0.2109599303 0.2892137255 2 0.2270783972 0.289095098 2 0.1939216028 0.2892470588 2 0.2149372822 0.3193813725 2 0.2309930314 0.3194392157 2 0.1965174216 0.3193813725 2
2 0.2158797909 0.3360588235 0.0381010453 0.0329607843 0.2144059233 0.3209588235 2 0.2305226481 0.3208411765 2 0.1973658537 0.3209931373 2 0.2183832753 0.351127451 2 0.2344390244 0.3511843137 2 0.1999616725 0.351127451 2
2 0.2337543554 0.3077058824 0.0381010453 0.0329607843 0.2322944251 0.2926039216 2 0.2484111498 0.2924862745 2 0.2152543554 0.2926372549 2 0.2362700348 0.322772549 2 0.2523275261 0.3228294118 2 0.2178501742 0.322772549 2
2 0.237412892 0.3395686275 0.0381010453 0.0329607843 0.2359477352 0.3244676471 2 0.2520662021 0.32435 2 0.2189094077 0.3245009804 2 0.2399250871 0.3546362745 2 0.2559808362 0.3546931373 2 0.2215052265 0.3546362745 2
2 0.2543641115 0.3039117647 0.0391463415 0.0329607843 0.2523710801 0.2888058824 2 0.268489547 0.2886882353 2 0.2353466899 0.2888392157 2 0.2563484321 0.3189745098 2 0.2734372822 0.3190313725 2 0.2379285714 0.3189745098 2
2 0.2578135889 0.3360098039 0.0391463415 0.0329607843 0.255815331 0.3209058824 2 0.2719337979 0.3207872549 2 0.2387926829 0.3209392157 2 0.2597926829 0.3510735294 2 0.2768832753 0.3511303922 2 0.2413728223 0.3510735294 2
2 0.2746428571 0.3071764706 0.0391463415 0.0329607843 0.2726585366 0.2920784314 2 0.2913745645 0.2920235294 2 0.2556341463 0.2921117647 2 0.2766341463 0.3222470588 2 0.2937247387 0.3223039216 2 0.2582142857 0.3222470588 2
2 0.2783013937 0.3392843137 0.0391463415 0.0329607843 0.2763118467 0.3241784314 2 0.2924303136 0.3240598039 2 0.2592874564 0.3242117647 2 0.2802891986 0.3543470588 2 0.2973780488 0.3544039216 2 0.261869338 0.3543470588 2
2 0.3188501742 0.30875 0.0346341463 0.0318333333 0.3192560976 0.2942009804 2 0.3356167247 0.2940941176 2 0.3020226481 0.2942009804 2 0.3190818815 0.3233088235 2 0.3357334495 0.3233617647 2 0.3019634146 0.3233088235 2
2 0.3218728223 0.340495098 0.0359059233 0.0318333333 0.3222979094 0.3259470588 2 0.3392508711 0.3258401961 2 0.3044390244 0.3259470588 2 0.3221167247 0.355054902 2 0.3393710801 0.3551078431 2 0.3043780488 0.355054902 2
2 0.3385801394 0.3052794118 0.0366376307 0.0319509804 0.3390087108 0.290672549 2 0.3563083624 0.2905656863 2 0.3207839721 0.290672549 2 0.3388240418 0.3198862745 2 0.3564303136 0.3199401961 2 0.3207229965 0.3198862745 2
2 0.3393118467 0.3366519608 0.036010453 0.0321470588 0.3395191638 0.3219627451 2 0.3567369338 0.3218470588 2 0.3218222997 0.321954902 2 0.3411933798 0.3511882353 2 0.3568571429 0.3513970588 2 0.3244477352 0.3511882353 2
2 0.3572560976 0.3083088235 0.0361149826 0.0327156863 0.357684669 0.2933558824 2 0.3747369338 0.2932460784 2 0.3397212544 0.2933558824 2 0.3575017422 0.3232705882 2 0.3748571429 0.3233254902 2 0.3396602787 0.3232705882 2
2 0.3588240418 0.3394656863 0.0361149826 0.0327156863 0.3592456446 0.3245127451 2 0.3762979094 0.3244029412 2 0.34128223 0.3245127451 2 0.3590627178 0.354427451 2 0.3764198606 0.3544823529 2 0.3412212544 0.354427451 2
2 0.3768815331 0.3049852941 0.0341114983 0.0313627451 0.3772839721 0.2906470588 2 0.3933972125 0.2905421569 2 0.3603101045 0.2906470588 2 0.3771132404 0.3193215686 2 0.3935121951 0.3193745098 2 0.3602526132 0.3193215686 2
2 0.3780313589 0.3366176471 0.033902439 0.0317254902 0.3784337979 0.3221147059 2 0.3944477352 0.3220078431 2 0.3615627178 0.3221147059 2 0.3782630662 0.3511245098 2 0.3945609756 0.3511784314 2 0.3615069686 0.3511245098 2
2 0.3959233449 0.3080735294 0.0332752613 0.0329509804 0.3963222997 0.2930127451 2 0.4120400697 0.2929019608 2 0.3797648084 0.2930127451 2 0.3961550523 0.3231431373 2 0.4121533101 0.3231980392 2 0.3797090592 0.3231431373 2
2 0.3984930314 0.3390931373 0.0352787456 0.0319705882 0.3989111498 0.3244803922 2 0.4155679443 0.324372549 2 0.3813641115 0.3244803922 2 0.3987334495 0.3537068627 2 0.4156864111 0.3537607843 2 0.381304878 0.3537068627 2
2 0.4146689895 0.3036323529 0.0343205575 0.0321862745 0.4136184669 0.2888480392 2 0.43128223 0.2888078431 2 0.3979912892 0.2889156863 2 0.4148972125 0.3183441176 2 0.4313972125 0.3183980392 2 0.3979337979 0.3183441176 2
2 0.4173344948 0.3352058824 0.0340069686 0.0319607843 0.4177351916 0.3205931373 2 0.4337979094 0.3204852941 2 0.4008135889 0.3205931373 2 0.4175627178 0.3498186275 2 0.433912892 0.3498715686 2 0.4007560976 0.3498186275 2
2 0.4343466899 0.3065147059 0.0364285714 0.0330098039 0.4332944251 0.2919117647 2 0.4519703833 0.2913137255 2 0.4165487805 0.2920294118 2 0.434587108 0.3216078431 2 0.4520940767 0.3216637255 2 0.4186428571 0.3216088235 2
2 0.4363327526 0.3387401961 0.0362195122 0.0317352941 0.4353885017 0.3242019608 2 0.4517142857 0.3239656863 2 0.4187404181 0.3242343137 2 0.4374808362 0.3531911765 2 0.4539790941 0.3532990196 2 0.4213641115 0.3533098039 2
2 0.5211062718 0.2998284314 0.0374738676 0.0327156863 0.5215470383 0.2848745098 2 0.5392404181 0.2847647059 2 0.5029059233 0.2848745098 2 0.5213571429 0.3147892157 2 0.5393675958 0.3148441176 2 0.5028432056 0.3147892157 2
2 0.5225696864 0.3321127451 0.0353832753 0.0329705882 0.5229860627 0.3170431373 2 0.5396933798 0.3169323529 2 0.5053885017 0.3170431373 2 0.5228083624 0.3471862745 2 0.5398118467 0.3472421569 2 0.5053292683 0.3471862745 2
2 0.5408972125 0.2964166667 0.0368466899 0.0329509804 0.5413205575 0.2813509804 2 0.55871777 0.2812401961 2 0.5229912892 0.2813509804 2 0.5411341463 0.3114794118 2 0.5588414634 0.3115352941 2 0.5229303136 0.3114794118 2
2 0.543510453 0.3282303922 0.0366376307 0.0336764706 0.5439337979 0.3128323529 2 0.5612334495 0.3127196078 2 0.5257108014 0.3128323529 2 0.5437491289 0.3436205882 2 0.5613571429 0.343677451 2 0.5256480836 0.3436205882 2
2 0.5627090592 0.299627451 0.0363240418 0.0340784314 0.5631358885 0.2840490196 2 0.5802874564 0.2839343137 2 0.5450679443 0.2840490196 2 0.5629529617 0.3152029412 2 0.5804094077 0.3152598039 2 0.5450069686 0.3152029412 2
2 0.5630226481 0.3316127451 0.036533101 0.0316176471 0.5634512195 0.3171617647 2 0.5807020906 0.3170558824 2 0.5452804878 0.3171617647 2 0.5632682927 0.3460656863 2 0.5808240418 0.3461186275 2 0.5452195122 0.3460656863 2
2 0.5815418118 0.2948333333 0.0384146341 0.0329607843 0.5819982578 0.2797607843 2 0.6001393728 0.27965 2 0.5628902439 0.2797607843 2 0.581804878 0.3098941176 2 0.6002682927 0.3099490196 2 0.562825784 0.3098941176 2
2 0.582761324 0.3278480392 0.0364285714 0.0322058824 0.5831794425 0.3131235294 2 0.6003797909 0.3130147059 2 0.5650592334 0.3131235294 2 0.5829947735 0.3425696078 2 0.6005017422 0.3426235294 2 0.5649982578 0.3425696078 2
2 0.6014372822 0.2988039216 0.0354878049 0.0341960784 0.6018501742 0.2831705882 2 0.6186062718 0.2830558824 2 0.5841986063 0.2831705882 2 0.6016707317 0.3144362745 2 0.6187247387 0.3144941176 2 0.5841393728 0.3144362745 2
2 0.6024303136 0.3307892157 0.0355923345 0.0333823529 0.6028449477 0.3155294118 2 0.6196498258 0.3154176471 2 0.5851428571 0.3155294118 2 0.6026655052 0.3460539216 2 0.6197700348 0.3461098039 2 0.5850818815 0.3460539216 2
2 0.6214721254 0.2942647059 0.0366376307 0.0329019608 0.6219059233 0.2792284314 2 0.6392055749 0.2791176471 2 0.6036829268 0.2792284314 2 0.6217212544 0.3093078431 2 0.6393292683 0.3093627451 2 0.6036202091 0.3093078431 2
2 0.6223083624 0.3268186275 0.0358013937 0.0326176471 0.6227334495 0.3119039216 2 0.6396376307 0.3117941176 2 0.6049268293 0.3119039216 2 0.6225522648 0.341727451 2 0.6397578397 0.3417823529 2 0.6048658537 0.341727451 2
2 0.6414634146 0.2976568627 0.033902439 0.0336666667 0.6418641115 0.2822647059 2 0.6578780488 0.2821519608 2 0.6249947735 0.2822647059 2 0.6416933798 0.3130460784 2 0.6579930314 0.3131029412 2 0.6249372822 0.3130460784 2
2 0.6418902439 0.3299068627 0.0347560976 0.0320882353 0.6422926829 0.3152382353 2 0.6587020906 0.3151303922 2 0.6250069686 0.3152382353 2 0.6421167247 0.3445784314 2 0.6588188153 0.3446323529 2 0.6249477352 0.3445784314 2
2 0.6895557491 0.2947745098 0.0377874564 0.0324901961 0.6900017422 0.2799176471 2 0.7078449477 0.2798078431 2 0.6712055749 0.2799176471 2 0.6898101045 0.3096215686 2 0.7079721254 0.3096764706 2 0.671141115 0.3096215686 2
2 0.6900261324 0.3279068627 0.0368466899 0.0333823529 0.6904616725 0.3126441176 2 0.707858885 0.3125313725 2 0.6721341463 0.3126441176 2 0.6902752613 0.3431686275 2 0.7079825784 0.3432254902 2 0.6720714286 0.3431686275 2
2 0.7100261324 0.2912058824 0.0378919861 0.0327843137 0.7104634146 0.2762196078 2 0.7283554007 0.2761088235 2 0.6916149826 0.2762196078 2 0.710271777 0.3061911765 2 0.7284843206 0.3062460784 2 0.6915522648 0.3061911765 2
2 0.7107578397 0.3234264706 0.0355923345 0.0331470588 0.7111689895 0.3082745098 2 0.7279738676 0.3081637255 2 0.693466899 0.3082745098 2 0.710989547 0.3385833333 2 0.7280940767 0.3386392157 2 0.6934059233 0.3385833333 2
2 0.7294337979 0.2947058824 0.0371602787 0.0337843137 0.729869338 0.2792666667 2 0.7474163763 0.2791529412 2 0.7113850174 0.2792666667 2 0.7296829268 0.310154902 2 0.7475418118 0.3102117647 2 0.7113222997 0.310154902 2
2 0.7297996516 0.3267598039 0.036010453 0.0328529412 0.7302229965 0.3117372549 2 0.7472247387 0.311627451 2 0.7123118467 0.3117372549 2 0.7300400697 0.341777451 2 0.7473466899 0.3418323529 2 0.7122508711 0.341777451 2
2 0.7490069686 0.2910294118 0.0348432056 0.0331372549 0.7494146341 0.2758813725 2 0.7658728223 0.2757696078 2 0.7320749129 0.2758813725 2 0.749238676 0.3061764706 2 0.765989547 0.3062323529 2 0.7320174216 0.3061764706 2
2 0.7489111498 0.3238088235 0.0350696864 0.0333235294 0.7493118467 0.308577451 2 0.765869338 0.3084656863 2 0.731869338 0.308577451 2 0.7491341463 0.3390470588 2 0.7659878049 0.3391029412 2 0.7318101045 0.3390470588 2
2 0.7693641115 0.2939411765 0.0347560976 0.0329607843 0.7697700348 0.278877451 2 0.7861794425 0.2787666667 2 0.7524825784 0.278877451 2 0.7695940767 0.3090117647 2 0.7862961672 0.3090676471 2 0.7524250871 0.3090117647 2
2 0.7693641115 0.3262009804 0.036010453 0.0327941176 0.7697839721 0.311204902 2 0.7867874564 0.311095098 2 0.7518728223 0.311204902 2 0.7696027875 0.3411911765 2 0.7869076655 0.3412460784 2 0.7518118467 0.3411911765 2
2 0.789033101 0.2906764706 0.0370557491 0.0324313725 0.7894721254 0.2758509804 2 0.8069703833 0.2757421569 2 0.7710400697 0.2758509804 2 0.7892857143 0.3054990196 2 0.8070940767 0.3055529412 2 0.7709790941 0.3054990196 2
2 0.7888763066 0.3230441176 0.0361149826 0.0325 0.789304878 0.3081882353 2 0.8063571429 0.3080794118 2 0.7713414634 0.3081882353 2 0.7891219512 0.3379029412 2 0.8064773519 0.3379578431 2 0.7712804878 0.3379029412 2
2 0.8069337979 0.2949117647 0.0326480836 0.0345490196 0.8073170732 0.279122549 2 0.822738676 0.2790058824 2 0.7910731707 0.279122549 2 0.8071533101 0.3107107843 2 0.8228484321 0.3107686275 2 0.7910174216 0.3107107843 2
2 0.806097561 0.3277303922 0.0297212544 0.0330294118 0.806445993 0.3126284314 2 0.8204825784 0.3125176471 2 0.7916585366 0.3126284314 2 0.8062961672 0.3428303922 2 0.8205836237 0.3428852941 2 0.7916080139 0.3428303922 2
2 0.6955226481 0.3769607843 0.0327526132 0.033254902 0.6959076655 0.3617588235 2 0.7113780488 0.3616470588 2 0.6796114983 0.3617588235 2 0.6957421603 0.3921666667 2 0.7114878049 0.392222549 2 0.6795557491 0.3921666667 2
2 0.696141115 0.4084117647 0.0350696864 0.033372549 0.696554007 0.3931558824 2 0.7131114983 0.3930441176 2 0.6791114983 0.3931558824 2 0.6963780488 0.4236715686 2 0.7132299652 0.423727451 2 0.6790522648 0.4236715686 2
2 0.715043554 0.3733431373 0.0347560976 0.0316666667 0.7154512195 0.3588637255 2 0.7318606272 0.3587568627 2 0.6981637631 0.3588637255 2 0.7152752613 0.3878156863 2 0.7319773519 0.3878686275 2 0.6981062718 0.3878156863 2
2 0.7148344948 0.4044411765 0.0355923345 0.032627451 0.7152508711 0.3895303922 2 0.7320557491 0.3894205882 2 0.6975470383 0.3895303922 2 0.7150714286 0.4193568627 2 0.7321759582 0.4194117647 2 0.6974878049 0.4193568627 2
2 0.7347299652 0.3767843137 0.035174216 0.0325490196 0.735130662 0.361904902 2 0.751738676 0.3617960784 2 0.7176376307 0.361904902 2 0.7349547038 0.3916666667 2 0.7518571429 0.3917205882 2 0.7175783972 0.3916666667 2
2 0.7346254355 0.4075931373 0.0349651568 0.0305588235 0.7350243902 0.3936245098 2 0.751533101 0.3935215686 2 0.7176341463 0.3936245098 2 0.7348484321 0.4215666667 2 0.7516498258 0.4216176471 2 0.7175749129 0.4215666667 2
2 0.7538675958 0.3724607843 0.0320209059 0.0320196078 0.7542473868 0.3578186275 2 0.7693728223 0.3577107843 2 0.738315331 0.3578186275 2 0.7540853659 0.3870931373 2 0.7694790941 0.3871470588 2 0.738261324 0.3870931373 2
2 0.7528222997 0.4040931373 0.0324390244 0.0316764706 0.7532055749 0.3896088235 2 0.7685278746 0.3895019608 2 0.7370644599 0.3896088235 2 0.7530418118 0.418572549 2 0.7686376307 0.4186254902 2 0.737010453 0.418572549 2
2 0.773641115 0.3763137255 0.0326480836 0.0323137255 0.7740348432 0.3615411765 2 0.789456446 0.3614333333 2 0.7577909408 0.3615411765 2 0.7738710801 0.3910872549 2 0.7895662021 0.3911411765 2 0.7577351916 0.3910872549 2
2 0.7727090592 0.4069754902 0.0358013937 0.0310882353 0.773130662 0.3927637255 2 0.7900348432 0.3926588235 2 0.7553240418 0.3927637255 2 0.7729494774 0.4211901961 2 0.7901550523 0.4212421569 2 0.7552630662 0.4211901961 2
2 0.7927526132 0.372127451 0.0337979094 0.0324313725 0.7931498258 0.3573058824 2 0.8091149826 0.3571970588 2 0.7763327526 0.3573058824 2 0.7929790941 0.3869568627 2 0.809228223 0.3870117647 2 0.7762752613 0.3869568627 2
2 0.792543554 0.4037401961 0.0333797909 0.0316764706 0.7929355401 0.389254902 2 0.8087020906 0.3891480392 2 0.776325784 0.389254902 2 0.7927665505 0.4182186275 2 0.808815331 0.4182715686 2 0.7762700348 0.4182186275 2
2 0.8118466899 0.3751666667 0.0324390244 0.0317843137 0.8122334495 0.3606352941 2 0.8275574913 0.3605284314 2 0.7960940767 0.3606352941 2 0.8120714286 0.389695098 2 0.8276655052 0.3897480392 2 0.7960383275 0.389695098 2
2 0.8095993031 0.4079460784 0.0306620209 0.0319705882 0.8099634146 0.3933313725 2 0.824445993 0.3932245098 2 0.7947073171 0.3933313725 2 0.8098083624 0.4225656863 2 0.8245487805 0.4226196078 2 0.7946550523 0.4225656863 2
2 0.656533101 0.3776666667 0.033902439 0.0318431373 0.6569355401 0.3631117647 2 0.6729494774 0.363004902 2 0.6400662021 0.3631117647 2 0.6567648084 0.3922254902 2 0.6730644599 0.3922784314 2 0.6400087108 0.3922254902 2
2 0.6566376307 0.4093872549 0.0328571429 0.0306176471 0.6570278746 0.3953941176 2 0.6725470383 0.3952911765 2 0.6406777003 0.3953941176 2 0.6568623693 0.4233892157 2 0.6726585366 0.4234401961 2 0.6406236934 0.4233892157 2
2 0.6373780488 0.3743137255 0.0370557491 0.0321960784 0.6378188153 0.3595931373 2 0.6553170732 0.3594843137 2 0.6193867596 0.3595931373 2 0.6376324042 0.3890284314 2 0.6554407666 0.3890823529 2 0.619325784 0.3890284314 2
2 0.6381707317 0.4060637255 0.0342160279 0.0320882353 0.6385714286 0.3913931373 2 0.6547334495 0.3912852941 2 0.6215452962 0.3913931373 2 0.6383989547 0.4207333333 2 0.6548484321 0.4207872549 2 0.6214878049 0.4207333333 2
2 0.6189634146 0.4101519608 0.0353832753 0.0314411765 0.6193797909 0.3957823529 2 0.6360853659 0.3956764706 2 0.6017804878 0.3957823529 2 0.6192003484 0.4245323529 2 0.6362038328 0.4245843137 2 0.6017212544 0.4245323529 2
2 0.6180226481 0.3785490196 0.0347560976 0.0321960784 0.6184303136 0.3638333333 2 0.6348397213 0.3637254902 2 0.6011428571 0.3638333333 2 0.6182543554 0.3932705882 2 0.634956446 0.3933245098 2 0.6010853659 0.3932705882 2
2 0.5989808362 0.3755784314 0.0355923345 0.032254902 0.5993919861 0.3608323529 2 0.6161968641 0.3607235294 2 0.5816881533 0.3608323529 2 0.5992125436 0.3903215686 2 0.6163170732 0.3903764706 2 0.5816289199 0.3903215686 2
2 0.5990853659 0.4071813725 0.0358013937 0.0315 0.5994982578 0.3927813725 2 0.616402439 0.3926754902 2 0.5816916376 0.3927813725 2 0.5993188153 0.4215833333 2 0.6165226481 0.4216362745 2 0.5816324042 0.4215833333 2
2 0.5790766551 0.3793431373 0.0334843206 0.0327254902 0.5794808362 0.3643862745 2 0.5952979094 0.3642764706 2 0.5628205575 0.3643862745 2 0.5793118467 0.3943088235 1 0.5954111498 0.3943637255 1 0.5627630662 0.3943088235 2
2 0.580130662 0.410004902 0.0355923345 0.0307941176 0.5805522648 0.3959313725 2 0.5973571429 0.395827451 2 0.5628501742 0.3959313725 2 0.5803728223 0.4240882353 2 0.5974773519 0.4241401961 2 0.5627891986 0.4240882353 2
2 0.5594686411 0.3754852941 0.0363240418 0.0320686275 0.5598902439 0.3608245098 2 0.5770418118 0.3607166667 2 0.5418240418 0.3608245098 2 0.5597073171 0.390145098 2 0.5771637631 0.3901990196 2 0.5417630662 0.390145098 2
2 0.5608275261 0.4064705882 0.0352787456 0.0311372549 0.561238676 0.3922352941 2 0.5778954704 0.3921303922 2 0.5436916376 0.3922352941 2 0.5610609756 0.4207068627 2 0.5780139373 0.4207598039 2 0.5436324042 0.4207068627 2
2 0.5404268293 0.3793676471 0.0359059233 0.0320686275 0.5408379791 0.3647117647 2 0.5577909408 0.3646039216 2 0.5229790941 0.3647117647 2 0.5406567944 0.3940343137 2 0.5579111498 0.3940882353 2 0.5229181185 0.3940343137 2
2 0.5423083624 0.4104460784 0.0359059233 0.0323823529 0.5427212544 0.395645098 2 0.559674216 0.3955362745 2 0.5248623693 0.395645098 2 0.5425400697 0.42525 2 0.5597961672 0.425304902 2 0.5248013937 0.42525 2
2 0.4383188153 0.3813872549 0.0362195122 0.0327941176 0.4373675958 0.3663176471 2 0.453695122 0.3660823529 2 0.4207212544 0.3663960784 2 0.4393658537 0.3964696078 2 0.4559599303 0.3964323529 2 0.4222003484 0.3963519608 2
2 0.4396602787 0.4124852941 0.0362195122 0.0317352941 0.4387195122 0.3979460784 2 0.4550470383 0.3977107843 2 0.4220731707 0.3979794118 2 0.4408135889 0.4269362745 2 0.4573118467 0.4270441176 2 0.424695122 0.4270539216 2
2 0.4183188153 0.3787794118 0.0362195122 0.0317352941 0.417369338 0.3642421569 2 0.433695122 0.3640068627 2 0.4007212544 0.3642754902 2 0.4194616725 0.3932323529 2 0.4359599303 0.3933401961 2 0.4033449477 0.39335 2
2 0.4202874564 0.4099362745 0.0362195122 0.0324411765 0.4198989547 0.3952911765 2 0.4366445993 0.3951735294 2 0.4027334495 0.3954088235 2 0.4214425087 0.4247421569 2 0.4379407666 0.4248205882 2 0.4053240418 0.4248607843 2
2 0.3990505226 0.382495098 0.0362195122 0.0327941176 0.3981114983 0.3674235294 2 0.4144390244 0.3671882353 2 0.3814651568 0.3675029412 2 0.4001080139 0.3975754902 2 0.4167038328 0.3975382353 2 0.3829442509 0.3974578431 2
2 0.4018728223 0.4134166667 0.0362195122 0.0327941176 0.4009285714 0.398345098 2 0.4172560976 0.3981098039 2 0.38428223 0.3984235294 2 0.4029268293 0.4284970588 2 0.4195209059 0.4284598039 2 0.385761324 0.4283794118 2
2 0.3792595819 0.3794166667 0.0362195122 0.0317352941 0.3783222997 0.3648764706 2 0.3946480836 0.3646411765 2 0.361674216 0.3649098039 2 0.3804146341 0.3938666667 2 0.396912892 0.3939745098 2 0.3642979094 0.3939852941 2
2 0.3810365854 0.4108088235 0.0362195122 0.0317352941 0.3800923345 0.3962696078 2 0.3964198606 0.3960333333 2 0.363445993 0.3963019608 2 0.382184669 0.4252598039 2 0.398684669 0.4253666667 2 0.3660679443 0.425377451 2
2 0.3591724739 0.3830735294 0.0362195122 0.0322058824 0.3582264808 0.3682941176 2 0.374554007 0.3680588235 2 0.3415801394 0.3683480392 2 0.3603466899 0.3981196078 2 0.3770923345 0.3981196078 2 0.3431829268 0.3981196078 2
2 0.3628310105 0.4144068627 0.0362195122 0.0327941176 0.3618815331 0.3993333333 2 0.3782090592 0.3990980392 2 0.3452351916 0.3994117647 2 0.3638780488 0.4294852941 2 0.3804738676 0.4294480392 2 0.3467142857 0.4293676471 2
2 0.3377090592 0.3806421569 0.0362195122 0.0317352941 0.3367630662 0.3661009804 2 0.3530888502 0.3658647059 2 0.3201149826 0.3661333333 2 0.3388554007 0.3950911765 2 0.3553536585 0.3951980392 2 0.322738676 0.3952088235 2
2 0.3420993031 0.4113970588 0.0362195122 0.0322058824 0.3411585366 0.396622549 2 0.3574860627 0.3963872549 2 0.3245121951 0.3966764706 2 0.3432787456 0.4264480392 2 0.3600243902 0.4264480392 2 0.3261132404 0.4264480392 2
2 0.3175 0.3830441176 0.0391463415 0.0322058824 0.3168083624 0.3686578431 2 0.335228223 0.368422549 2 0.2992247387 0.3687764706 2 0.3201393728 0.3980931373 2 0.3368850174 0.3980931373 2 0.3029756098 0.3980931373 2
2 0.3192770035 0.4145539216 0.0391463415 0.0322058824 0.319738676 0.4001235294 2 0.3369982578 0.3999333333 2 0.3017369338 0.4001235294 2 0.3219094077 0.4296029412 2 0.3386550523 0.4296029412 2 0.3047456446 0.4296029412 2
2 0.2775696864 0.3851813725 0.0391463415 0.0330882353 0.2751533101 0.3699107843 2 0.2923170732 0.3696754902 2 0.2586167247 0.3700284314 2 0.2795487805 0.3998441176 2 0.2962944251 0.3999617647 2 0.2625940767 0.3999617647 2
2 0.279956446 0.41575 0.0391463415 0.0330882353 0.2782926829 0.4007794118 2 0.2958763066 0.4007794118 2 0.2628031359 0.4008970588 2 0.280804878 0.4303578431 2 0.2979686411 0.4302401961 2 0.2649912892 0.4305294118 2
2 0.2576567944 0.3832696078 0.0391463415 0.0330882353 0.2559912892 0.3682990196 2 0.2734773519 0.3681352941 2 0.2405017422 0.3684166667 2 0.2596637631 0.3977147059 2 0.2756672474 0.3977607843 2 0.2427073171 0.3978323529 2
2 0.2611062718 0.4137205882 0.0391463415 0.0330882353 0.2602909408 0.3990107843 2 0.2770365854 0.3990107843 2 0.2443832753 0.3991294118 2 0.2631080139 0.4281647059 2 0.2791114983 0.4282098039 2 0.2461533101 0.4282823529 2
2 0.2389111498 0.386377451 0.0391463415 0.0330882353 0.2372473868 0.3714088235 2 0.2547351916 0.371245098 2 0.2217578397 0.3715264706 2 0.2409198606 0.4008245098 2 0.2569250871 0.4008696078 2 0.2239651568 0.4009421569 2
2 0.2427787456 0.4169460784 0.0391463415 0.0330882353 0.2411114983 0.4019754902 2 0.2585993031 0.4018127451 2 0.2256219512 0.4020941176 2 0.2447839721 0.4313921569 2 0.2607874564 0.4314372549 2 0.2278292683 0.4315098039 2
2 0.2183885017 0.3835245098 0.0391463415 0.0330882353 0.2167160279 0.3685529412 2 0.2342038328 0.3683901961 2 0.2012264808 0.3686715686 2 0.2203885017 0.3979686275 2 0.2363937282 0.3980147059 2 0.2034337979 0.3980872549 2
2 0.2228832753 0.4143284314 0.0391463415 0.0330882353 0.2212090592 0.3993568627 2 0.238695122 0.3991931373 2 0.2057195122 0.3994745098 2 0.2248797909 0.428772549 2 0.2408850174 0.4288176471 2 0.2079250871 0.4288901961 2
2 0.1998519164 0.3875735294 0.0391463415 0.0330882353 0.1981829268 0.3726058824 2 0.2156707317 0.3724421569 2 0.1826933798 0.3727235294 2 0.2018554007 0.4020215686 2 0.217858885 0.4020666667 2 0.1849006969 0.4021392157 2
2 0.2033013937 0.4182598039 0.0391463415 0.0330882353 0.2016289199 0.4032911765 2 0.2191149826 0.403127451 2 0.1861393728 0.4034088235 2 0.2052996516 0.4327068627 2 0.221304878 0.4327519608 2 0.1883449477 0.4328245098 2
2 0.1803745645 0.3848382353 0.0391463415 0.0330882353 0.1786986063 0.3698676471 2 0.1961864111 0.369704902 2 0.1632090592 0.3699862745 2 0.1823710801 0.3992843137 2 0.1983745645 0.3993294118 2 0.1654163763 0.3994019608 2
2 0.1840156794 0.4155245098 0.0391463415 0.0330882353 0.1823536585 0.4005539216 2 0.1998397213 0.4003901961 2 0.1668641115 0.4006715686 2 0.1860243902 0.4299696078 2 0.2020296167 0.4300147059 2 0.1690696864 0.4300872549 2
2 0.1654790941 0.4188676471 0.0391463415 0.0330882353 0.1638188153 0.4038980392 2 0.1813066202 0.4037352941 2 0.1483292683 0.4040166667 2 0.1674912892 0.4333147059 2 0.1834947735 0.4333598039 2 0.1505365854 0.4334323529 2
2 0.1597473868 0.3881813725 0.0391463415 0.0330882353 0.1580714286 0.3732127451 2 0.1755592334 0.37305 2 0.1425818815 0.3733313725 2 0.1617439024 0.4026294118 2 0.1777473868 0.4026745098 2 0.1447891986 0.4027470588 2
2 0.1828397213 0.4637990196 0.0324390244 0.0309509804 0.1832247387 0.4496519608 2 0.1985470383 0.4495480392 2 0.1670836237 0.4496519608 2 0.1830609756 0.4779519608 2 0.1986550523 0.4780039216 2 0.1670278746 0.4779519608 2
2 0.186402439 0.4938137255 0.0362195122 0.0298431373 0.1868275261 0.480172549 2 0.2039285714 0.480072549 2 0.1688118467 0.480172549 2 0.1866445993 0.5074607843 2 0.2040505226 0.5075107843 2 0.1687508711 0.5074607843 2
2 0.202674216 0.4602990196 0.0363240418 0.0306568627 0.2031027875 0.4462823529 2 0.2202543554 0.4461794118 2 0.1850348432 0.4462823529 2 0.2029198606 0.4743117647 2 0.2203763066 0.4743637255 2 0.1849738676 0.4743117647 2
2 0.2046080139 0.4899607843 0.0374738676 0.0300196078 0.2038780488 0.4763323529 2 0.2227473868 0.4761323529 2 0.186412892 0.4762333333 2 0.2049250871 0.503554902 2 0.2228728223 0.5037333333 2 0.1871324042 0.5037911765 2
2 0.2222909408 0.4626666667 0.0374738676 0.0304901961 0.2215574913 0.4488019608 2 0.2404268293 0.4486205882 2 0.2040905923 0.4487235294 2 0.2235557491 0.4770401961 2 0.2398815331 0.4769215686 2 0.2063902439 0.4770401961 2
2 0.2242770035 0.4919313725 0.0374738676 0.0304901961 0.2235383275 0.4780735294 2 0.2424059233 0.4778921569 2 0.2060714286 0.477995098 2 0.2255348432 0.5063107843 2 0.2418623693 0.5061931373 2 0.2083710801 0.5063107843 2
2 0.2408972125 0.4593333333 0.0374738676 0.0304901961 0.2401689895 0.4454754902 2 0.2590383275 0.4452941176 2 0.2227038328 0.4453970588 2 0.2421672474 0.4737137255 2 0.2584947735 0.473595098 2 0.2250034843 0.4737137255 2
2 0.243510453 0.4886078431 0.0374738676 0.0304901961 0.2427770035 0.4747470588 2 0.2616463415 0.4745656863 2 0.2253118467 0.4746686275 2 0.2447752613 0.5029843137 2 0.2611010453 0.5028666667 2 0.228369338 0.5032019608 2
2 0.2607752613 0.4614313725 0.0374738676 0.0304901961 0.2600383275 0.4475696078 2 0.2789059233 0.4473882353 2 0.2425714286 0.4474911765 2 0.2620348432 0.4758078431 2 0.2783623693 0.4756892157 2 0.2448710801 0.4758078431 2
2 0.2624477352 0.4914607843 0.0374738676 0.0304901961 0.2617055749 0.4776058824 2 0.2805731707 0.4774245098 2 0.244238676 0.477527451 2 0.2637020906 0.5058431373 2 0.2800296167 0.5057254902 2 0.2465383275 0.5058431373 2
2 0.2791724739 0.4586568627 0.0374738676 0.0304901961 0.2784337979 0.4447990196 2 0.2954703833 0.4445892157 2 0.2617752613 0.4448078431 2 0.2804320557 0.4730362745 2 0.2967595819 0.4729186275 2 0.2632682927 0.4730362745 2
2 0.2810888502 0.4879117647 0.0374738676 0.0304901961 0.2803606272 0.4740558824 2 0.2973972125 0.4738460784 2 0.2637003484 0.4740656863 2 0.282358885 0.5022941176 2 0.2986864111 0.5021754902 2 0.2651933798 0.5022941176 2
2 0.2968554007 0.4613627451 0.0374738676 0.0304901961 0.2961167247 0.4474990196 2 0.3131533101 0.4472892157 2 0.279456446 0.4475088235 2 0.2981132404 0.4757372549 2 0.3144407666 0.4756186275 2 0.2809494774 0.4757372549 2
2 0.2997473868 0.4908333333 0.0374738676 0.0304901961 0.2990174216 0.4769764706 2 0.3160522648 0.4767666667 2 0.2823571429 0.4769852941 2 0.3010139373 0.5052137255 2 0.3173414634 0.5050960784 2 0.2838501742 0.5052137255 2
2 0.3383013937 0.4602254902 0.0374738676 0.0304901961 0.3375609756 0.4463617647 2 0.354597561 0.4461519608 2 0.3209006969 0.4463715686 2 0.3395574913 0.4745990196 2 0.3558850174 0.4744813725 2 0.3223937282 0.4745990196 2
2 0.3408101045 0.489254902 0.0374738676 0.0304901961 0.3400714286 0.4754 2 0.3571080139 0.4751901961 2 0.3234111498 0.4754098039 2 0.3420696864 0.5036372549 2 0.3583954704 0.5035196078 2 0.3249041812 0.5036372549 2
2 0.3565592334 0.4572156863 0.0374738676 0.0304901961 0.3558275261 0.4433607843 2 0.3728641115 0.4431509804 2 0.3391672474 0.4433696078 2 0.3578240418 0.4715980392 2 0.3741515679 0.4714803922 2 0.3406602787 0.4715980392 2
2 0.3583013937 0.4864803922 0.0374738676 0.0304901961 0.3575592334 0.4726176471 2 0.3745958188 0.4724078431 2 0.3408989547 0.472627451 2 0.3595557491 0.500854902 2 0.3758832753 0.5007372549 2 0.3423919861 0.500854902 2
2 0.375043554 0.4596078431 0.0374738676 0.0304901961 0.3743101045 0.4457519608 2 0.3913449477 0.4455431373 2 0.3576498258 0.4457617647 2 0.3763066202 0.4739901961 2 0.3926341463 0.4738715686 2 0.3591428571 0.4739901961 2
2 0.3769773519 0.4886470588 0.0374738676 0.0304901961 0.3762369338 0.4747901961 2 0.393271777 0.4745803922 2 0.3595766551 0.4748 2 0.3782334495 0.5030284314 2 0.3945609756 0.5029098039 2 0.3610696864 0.5030284314 2
2 0.3937020906 0.4563921569 0.0355226481 0.0304901961 0.3919912892 0.4425313725 2 0.4090278746 0.4423215686 2 0.3764965157 0.4426666667 2 0.393989547 0.4707686275 2 0.410315331 0.4706509804 2 0.3768240418 0.4707686275 2
2 0.3958275261 0.485754902 0.0355226481 0.0304901961 0.3941132404 0.4718990196 2 0.4111498258 0.4716892157 2 0.3786167247 0.4720333333 2 0.3961097561 0.5001362745 2 0.4124372822 0.5000186275 2 0.378945993 0.5001362745 2
2 0.4125696864 0.4592254902 0.0355226481 0.0304901961 0.4108641115 0.4453617647 2 0.4278989547 0.4451519608 2 0.3953675958 0.4454970588 2 0.4128606272 0.4736 2 0.4291881533 0.4734813725 2 0.3956968641 0.4736 2
2 0.4141027875 0.4882647059 0.0355226481 0.0304901961 0.4124006969 0.4744 2 0.4294355401 0.4741911765 2 0.3969041812 0.4745352941 2 0.4143972125 0.5026382353 2 0.4307247387 0.5025196078 2 0.3972334495 0.5026382353 2
2 0.4306358885 0.4558921569 0.0355226481 0.0304901961 0.4289355401 0.4420313725 2 0.4459703833 0.4418215686 2 0.4134390244 0.4421666667 2 0.4309320557 0.4702696078 2 0.4472595819 0.4701509804 2 0.4137682927 0.4702696078 2
2 0.4323780488 0.4853137255 0.0355226481 0.0295098039 0.4322003484 0.4715058824 2 0.447587108 0.4713960784 2 0.4154512195 0.4716156863 2 0.4326637631 0.4991980392 2 0.4489912892 0.4990794118 2 0.4155 0.4991980392 2
2 0.4492944251 0.458872549 0.0355226481 0.0295098039 0.4491254355 0.4450588235 2 0.4645121951 0.4449490196 2 0.4323745645 0.4451686275 2 0.4495888502 0.47275 2 0.4659146341 0.4726323529 2 0.4324250871 0.47275 2
2 0.4500609756 0.4877941176 0.0355226481 0.0295098039 0.4498832753 0.4739872549 2 0.4652700348 0.473877451 2 0.4331324042 0.4740970588 2 0.4503466899 0.5016784314 2 0.4666724739 0.5015607843 2 0.4331829268 0.5016784314 2
2 0.5398519164 0.4570294118 0.0343728223 0.0310588235 0.5402665505 0.4428294118 2 0.5565017422 0.4427254902 2 0.5231637631 0.4428294118 2 0.5400923345 0.471222549 2 0.5566167247 0.4712745098 2 0.5231062718 0.471222549 2
2 0.5417160279 0.4871470588 0.0369163763 0.0298039216 0.5421463415 0.4735215686 2 0.5595766551 0.4734205882 2 0.5237839721 0.4735215686 2 0.5419599303 0.5007735294 2 0.5597020906 0.5008235294 2 0.5237229965 0.5007735294 2
2 0.558466899 0.4535490196 0.0341811847 0.031 0.5588641115 0.4393745098 2 0.5750069686 0.4392705882 2 0.541858885 0.4393745098 2 0.5586916376 0.4677156863 2 0.5751219512 0.4677686275 2 0.5418013937 0.4677156863 2
2 0.5598780488 0.4841617647 0.0340766551 0.0305196078 0.5602752613 0.4702088235 2 0.5763728223 0.4701058824 2 0.5433188153 0.4702088235 2 0.5601045296 0.4981107843 2 0.5764878049 0.4981627451 2 0.543261324 0.4981107843 2
2 0.5777351916 0.4565098039 0.0322299652 0.0320980392 0.5781236934 0.4418323529 2 0.5933484321 0.4417245098 2 0.562087108 0.4418323529 2 0.5779616725 0.4711784314 2 0.593456446 0.4712323529 2 0.562033101 0.4711784314 2
2 0.5805139373 0.4859656863 0.0368118467 0.0299705882 0.5795470383 0.4722823529 2 0.5968815331 0.4722823529 2 0.562641115 0.4722666667 2 0.5807682927 0.4996696078 2 0.5984616725 0.4997196078 2 0.5625783972 0.4996696078 2
2 0.5958188153 0.4523382353 0.0323344948 0.0308921569 0.5961898955 0.4382186275 2 0.6114599303 0.4381156863 2 0.5801062718 0.4382186275 2 0.5960278746 0.4664617647 2 0.6115679443 0.4665137255 2 0.5800505226 0.4664617647 2
2 0.5984843206 0.4824362745 0.0351567944 0.0307941176 0.5981480836 0.4683882353 2 0.6155052265 0.4682529412 2 0.581412892 0.4683568627 2 0.5987247387 0.4965117647 2 0.6156236934 0.4965637255 2 0.5820783972 0.4965156863 2
2 0.6156445993 0.4550637255 0.0350522648 0.0322058824 0.6160679443 0.4403382353 2 0.6326254355 0.4402303922 2 0.5986271777 0.4403382353 2 0.6158919861 0.4697843137 2 0.6327439024 0.4698392157 2 0.5985679443 0.4697843137 2
2 0.6171428571 0.4853921569 0.035261324 0.0295882353 0.6175522648 0.4718676471 2 0.6342020906 0.4717676471 2 0.6000139373 0.4718676471 2 0.6173745645 0.4989196078 2 0.6343205575 0.4989696078 2 0.5999547038 0.4989196078 2
2 0.6350609756 0.451377451 0.0348606272 0.0302843137 0.635466899 0.4375352941 2 0.6519320557 0.4374333333 2 0.6181219512 0.4375352941 2 0.6352909408 0.4652254902 2 0.6520487805 0.4652764706 2 0.6180644599 0.4652254902 2
2 0.6356445993 0.4817205882 0.0336933798 0.0305784314 0.6360383275 0.4677441176 2 0.6519512195 0.4676421569 2 0.6192752613 0.4677441176 2 0.6358675958 0.4956970588 2 0.6520644599 0.4957490196 2 0.61921777 0.4956970588 2
2 0.6541898955 0.4545098039 0.033989547 0.0312745098 0.6545923345 0.4402088235 2 0.6706445993 0.4401029412 2 0.637684669 0.4402088235 2 0.6544216028 0.4688019608 2 0.6707578397 0.468854902 2 0.6376271777 0.4688019608 2
2 0.6541463415 0.4848186275 0.0333101045 0.0307352941 0.6545365854 0.4707656863 2 0.6702665505 0.4706627451 2 0.637966899 0.4707656863 2 0.654369338 0.4988705882 2 0.6703780488 0.498922549 2 0.6379111498 0.4988705882 2
2 0.693728223 0.4540637255 0.0371080139 0.0313823529 0.6941689895 0.4397196078 2 0.7116916376 0.4396147059 2 0.6757108014 0.4397196078 2 0.6939825784 0.4684156863 2 0.7118170732 0.4684686275 2 0.6756480836 0.4684156863 2
2 0.6947996516 0.4848235294 0.0369163763 0.0304117647 0.695238676 0.4709166667 2 0.7126689895 0.4708137255 2 0.6768763066 0.4709166667 2 0.6950522648 0.498722549 2 0.7127926829 0.4987735294 2 0.6768135889 0.498722549 2
2 0.7126655052 0.4505539216 0.0346689895 0.0313823529 0.7130818815 0.4362127451 2 0.7294547038 0.4361068627 2 0.6958344948 0.4362127451 2 0.7129076655 0.4649068627 2 0.7295714286 0.4649598039 2 0.6957752613 0.4649068627 2
2 0.7143379791 0.4813676471 0.0356445993 0.0314019608 0.7147491289 0.4670127451 2 0.7315818815 0.4669068627 2 0.6970174216 0.4670127451 2 0.7145696864 0.4957196078 2 0.7317020906 0.4957715686 2 0.696956446 0.4957196078 2
2 0.7327264808 0.4538529412 0.0338850174 0.0316078431 0.7331341463 0.4394009804 2 0.7491393728 0.4392941176 2 0.7162735192 0.4394009804 2 0.7329634146 0.4682970588 2 0.7492526132 0.46835 2 0.71621777 0.4682970588 2
2 0.7326393728 0.4840539216 0.0348606272 0.0310686275 0.7330487805 0.4698480392 2 0.7495139373 0.4697441176 2 0.7157038328 0.4698480392 2 0.7328728223 0.498254902 2 0.749630662 0.4983078431 2 0.7156445993 0.498254902 2
2 0.7515853659 0.4501421569 0.0371080139 0.0324215686 0.7520156794 0.4353254902 2 0.7695383275 0.4352166667 2 0.7335574913 0.4353254902 2 0.7518292683 0.4649715686 2 0.7696637631 0.4650264706 2 0.7334947735 0.4649715686 2
2 0.7525 0.480872549 0.0348606272 0.0304117647 0.7529146341 0.4669705882 2 0.7693797909 0.4668686275 2 0.7355714286 0.4669705882 2 0.752738676 0.4947745098 2 0.7694965157 0.4948254902 2 0.7355121951 0.4947745098 2
2 0.7713937282 0.4533578431 0.0340766551 0.0319313725 0.7717996516 0.4387568627 2 0.7878954704 0.43865 2 0.7548414634 0.4387568627 2 0.7716271777 0.4679539216 2 0.788010453 0.4680068627 2 0.7547839721 0.4679539216 2
2 0.7718815331 0.4841029412 0.0350522648 0.0303039216 0.7722979094 0.4702539216 2 0.7888536585 0.4701519608 2 0.7548554007 0.4702539216 2 0.7721202091 0.4979588235 2 0.7889721254 0.4980098039 2 0.7547961672 0.4979588235 2
2 0.790966899 0.4495980392 0.0358362369 0.0313333333 0.7913937282 0.4352784314 2 0.8083188153 0.4351735294 2 0.7735644599 0.4352784314 2 0.7912142857 0.463922549 2 0.8084390244 0.4639745098 2 0.7735052265 0.463922549 2
2 0.7909320557 0.4801029412 0.033989547 0.0308529412 0.7913240418 0.4660029412 2 0.8073745645 0.4658990196 2 0.7744146341 0.4660029412 2 0.7911533101 0.4942078431 2 0.807489547 0.4942598039 2 0.774358885 0.4942078431 2
2 0.8103571429 0.4524264706 0.0348606272 0.0313823529 0.8107630662 0.4380754902 2 0.827228223 0.4379705882 2 0.7934181185 0.4380754902 2 0.810587108 0.4667705882 2 0.8273449477 0.4668235294 2 0.793358885 0.4667705882 2
2 0.8108362369 0.4830392157 0.0346689895 0.0304705882 0.8112473868 0.4691098039 2 0.8276202091 0.4690078431 2 0.794 0.4691098039 2 0.8110731707 0.4969656863 2 0.8277369338 0.4970166667 2 0.7939407666 0.4969656863 2
