1 0.2454453125 0.7389375 0.446609375 0.43359375 0.2447921875 0.92578125 2 0.0325515625 0.9296875 2 0.4505203125 0.9270828125 2 0.2591140625 0.5247390625 2 0 0 0 0 0 0
1 0.2968671875 0.7070234375 0.442703125 0.442703125 0.3020828125 0.51171875 2 0.0807296875 0.50390625 2 0.5065109375 0.51953125 2 0.2747390625 0.91796875 2 0 0 0 0 0 0
1 0.5110703125 0.7083359375 0.428390625 0.419265625 0.5078125 0.8932296875 2 0.7109375 0.8997390625 2 0.296875 0.8841140625 2 0.5338546875 0.50390625 2 0 0 0 0 0 0
1 0.7532578125 0.7063828125 0.407546875 0.423171875 0.75390625 0.5130203125 2 0.554615625 0.5001265625 2 0.9544265625 0.51953125 2 0.7317703125 0.9088546875 2 0 0 0 0 0 0
1 0.7643203125 0.740890625 0.419265625 0.4296875 0.7669265625 0.9283859375 2 0.96484375 0.9296875 2 0.5651046875 0.9205734375 2 0.79296875 0.5299484375 2 0 0 0 0 0 0
1 0.2890546875 0.251765625 0.427078125 0.444375 0.2825515625 0.05171875 2 0.0833328125 0.0413015625 2 0.4921875 0.06640625 2 0.2643234375 0.4596359375 2 0 0 0 0 0 0
1 0.2337265625 0.2756796875 0.438796875 0.419265625 0.23046875 0.4709890625 2 0.0182296875 0.4709890625 2 0.4401046875 0.4709890625 2 0.2239578125 0.07515625 2 0 0 0 0 0 0
1 0.50325 0.2724296875 0.42578125 0.420578125 0.48828125 0.4514578125 2 0.7083328125 0.4683859375 2 0.296875 0.44234375 2 0.5056875 0.0674375 2 0 0 0 0 0 0
1 0.723953125 0.2678671875 0.453125 0.432296875 0.734375 0.0725515625 2 0.9388015625 0.0855734375 2 0.5208328125 0.05953125 2 0.71484375 0.46578125 2 0 0 0 0 0 0
1 0.74609375 0.2938984375 0.4453125 0.419265625 0.7421875 0.48921875 2 0.9557296875 0.48921875 2 0.5338546875 0.48921875 2 0.7630203125 0.0933859375 2 0 0 0 0 0 0
