1 0.5058515625 0.3274765625 0.282546875 0.274734375 0.3763015625 0.3229171875 2 0.3736984375 0.4544265625 2 0.3723953125 0.1979171875 2 0.6393234375 0.30859375 2 0 0 0 0 0 0
1 0.5195390625 0.4863359375 0.283859375 0.272140625 0.3880203125 0.4856765625 2 0.3802078125 0.3541671875 2 0.38671875 0.59765625 2 0.65234375 0.4752609375 2 0 0 0 0 0 0
1 0.5149765625 0.6386640625 0.279953125 0.266921875 0.3815109375 0.6380203125 2 0.3763015625 0.5078125 2 0.3828125 0.7604171875 2 0.65234375 0.6484375 2 0 0 0 0 0 0
1 0.177078125 0.6451796875 0.234375 0.259109375 0.0716140625 0.6419265625 2 0.0677078125 0.5169265625 2 0.0703125 0.7565109375 2 0.2916671875 0.6484375 2 0 0 0 0 0 0
1 0.1920625 0.638015625 0.23828125 0.265625 0.2981765625 0.63671875 2 0.3020828125 0.76171875 2 0.2916671875 0.5104171875 2 0.0794265625 0.6302078125 2 0 0 0 0 0 0
1 0.5306015625 0.6256484375 0.295578125 0.290359375 0.6627609375 0.6263015625 2 0.6549484375 0.4908859375 2 0.6692703125 0.7565109375 2 0.3893234375 0.62890625 2 0 0 0 0 0 0
1 0.1705703125 0.356125 0.236984375 0.25390625 0.0651046875 0.359375 2 0.0598953125 0.47265625 2 0.0625 0.2356765625 2 0.28125 0.3528640625 2 0 0 0 0 0 0
1 0.1829453125 0.3639296875 0.240890625 0.274734375 0.2903640625 0.3671875 2 0.2942703125 0.4947921875 2 0.2890625 0.2369796875 2 0.0716140625 0.3802078125 2 0 0 0 0 0 0
1 0.177078125 0.5045546875 0.2421875 0.240890625 0.07421875 0.5013015625 2 0.0729171875 0.4036453125 2 0.078125 0.60546875 2 0.2877609375 0.50390625 2 0 0 0 0 0 0
1 0.5247421875 0.3281171875 0.299484375 0.309890625 0.6497390625 0.3268234375 2 0.6536453125 0.46875 2 0.6549484375 0.1809890625 2 0.3893234375 0.3372390625 2 0 0 0 0 0 0
