3 0.4231640625 0.3827109375 0.165171875 0.331203125 0.4895734375 0.276715625 2 0.3482359375 0.2315890625 2 0.469990625 0.5346984375 2 0 0 0 0 0 0 0 0 0
3 0.4027265625 0.3997421875 0.165171875 0.331203125 0.4691390625 0.29374375 2 0.33035625 0.25628125 2 0.451259375 0.55428125 2 0 0 0 0 0 0 0 0 0
3 0.3814453125 0.4223125 0.165171875 0.3184375 0.447853125 0.309921875 2 0.306515625 0.2818234375 2 0.4359328125 0.574715625 2 0 0 0 0 0 0 0 0 0
3 0.3661171875 0.4495625 0.165171875 0.31503125 0.4325265625 0.3354640625 2 0.2911890625 0.3073671875 2 0.4172015625 0.5942984375 2 0 0 0 0 0 0 0 0 0
3 0.3405703125 0.474671875 0.165171875 0.3005625 0.406984375 0.35334375 2 0.265646875 0.336315625 2 0.4061328125 0.614734375 2 0 0 0 0 0 0 0 0 0
3 0.3184296875 0.498515625 0.165171875 0.29034375 0.384846875 0.372075 2 0.2409546875 0.373778125 2 0.3916578125 0.630059375 2 0 0 0 0 0 0 0 0 0
3 0.2971484375 0.5215 0.165171875 0.29034375 0.3635609375 0.3950640625 2 0.2239265625 0.41294375 2 0.3788875 0.6539 2 0 0 0 0 0 0 0 0 0
3 0.596421875 0.2771484375 0.2188125 0.184765625 0.62069375 0.202640625 2 0.503196875 0.32354375 2 0.678590625 0.36100625 2 0 0 0 0 0 0 0 0 0
3 0.596421875 0.3094921875 0.2188125 0.184765625 0.62069375 0.2349953125 2 0.4980875 0.3703734375 2 0.7015796875 0.451259375 2 0 0 0 0 0 0 0 0 0
3 0.5908984375 0.36484375 0.233296875 0.225625 0.607921875 0.269903125 2 0.49468125 0.4214578125 2 0.6939171875 0.463178125 2 0 0 0 0 0 0 0 0 0
3 0.5874921875 0.405703125 0.233296875 0.225625 0.604515625 0.310771875 2 0.4912765625 0.4623265625 2 0.6905109375 0.504046875 2 0 0 0 0 0 0 0 0 0
3 0.5840859375 0.444875 0.233296875 0.225625 0.6011109375 0.3499390625 2 0.4878703125 0.50149375 2 0.6871046875 0.5432125 2 0 0 0 0 0 0 0 0 0
3 0.5781171875 0.4874375 0.233296875 0.225625 0.59515 0.392509375 2 0.4819109375 0.5440640625 2 0.6811453125 0.585784375 2 0 0 0 0 0 0 0 0 0
3 0.5747109375 0.52490625 0.233296875 0.225625 0.5917453125 0.4299734375 2 0.47935625 0.59855625 2 0.6811453125 0.615584375 2 0 0 0 0 0 0 0 0 0
3 0.576421875 0.566625 0.235 0.21540625 0.574715625 0.4768015625 2 0.474246875 0.65815625 2 0.6828484375 0.6547515625 2 0 0 0 0 0 0 0 0 0
