1 0.8456953125 0.7493515625 0.149734375 0.467453125 0.8411453125 0.96484375 2 0.7760421875 0.9713546875 2 0.9153640625 0.95703125 2 0.8567703125 0.5338546875 2 0 0 0 0 0 0
1 0.7636640625 0.7389296875 0.149734375 0.467453125 0.7591140625 0.9544265625 2 0.6940109375 0.9609375 2 0.8333328125 0.9466140625 2 0.7643234375 0.5364578125 2 0 0 0 0 0 0
1 0.9251328125 0.7545546875 0.149734375 0.467453125 0.9205734375 0.9700515625 2 0.8567703125 0.96875 2 0.9947921875 0.9622390625 2 0.9661453125 0.5481765625 2 0 0 0 0 0 0
1 0.6738359375 0.7415390625 0.154953125 0.451828125 0.671875 0.9427078125 2 0.6041671875 0.9544265625 2 0.7395828125 0.9296875 2 0.671875 0.5364578125 2 0 0 0 0 0 0
1 0.5891953125 0.7493515625 0.154953125 0.451828125 0.5872390625 0.9505203125 2 0.51953125 0.9622390625 2 0.6549484375 0.9375 2 0.5807296875 0.53125 2 0 0 0 0 0 0
1 0.5019609375 0.7376328125 0.154953125 0.451828125 0.5 0.9388015625 2 0.4322921875 0.9505203125 2 0.5677078125 0.92578125 2 0.4895828125 0.5247390625 2 0 0 0 0 0 0
1 0.4199296875 0.748046875 0.154953125 0.41796875 0.41796875 0.9322921875 2 0.3502609375 0.9440109375 2 0.4856765625 0.9192703125 2 0.40625 0.5442703125 2 0 0 0 0 0 0
1 0.3404921875 0.7610625 0.154953125 0.41796875 0.3385421875 0.9453125 2 0.2708328125 0.95703125 2 0.40625 0.9322921875 2 0.31640625 0.5611984375 2 0 0 0 0 0 0
1 0.2480546875 0.744140625 0.154953125 0.41796875 0.24609375 0.9283859375 2 0.1783859375 0.9401046875 1 0.3138015625 0.9153640625 2 0.2239578125 0.5442703125 2 0 0 0 0 0 0
1 0.1647109375 0.74153125 0.154953125 0.44921875 0.1627609375 0.94140625 2 0.0950515625 0.953125 2 0.2291671875 0.9375 2 0.1380203125 0.5221359375 2 0 0 0 0 0 0
1 0.0826796875 0.744140625 0.154953125 0.44921875 0.0807296875 0.9440109375 2 0.0130203125 0.9557296875 2 0.1471359375 0.9401046875 2 0.0559890625 0.5247390625 2 0 0 0 0 0 0
1 0.8248671875 0.2799453125 0.149734375 0.510421875 0.8203125 0.5169265625 2 0.765625 0.5169265625 2 0.890625 0.5182296875 2 0.8515625 0.0325515625 2 0 0 0 0 0 0
1 0.7389296875 0.2760390625 0.149734375 0.513015625 0.734375 0.5143234375 2 0.6692703125 0.5208328125 2 0.80859375 0.5065109375 2 0.7408859375 0.0299484375 2 0 0 0 0 0 0
1 0.6516953125 0.267578125 0.154953125 0.50390625 0.6497390625 0.4947921875 2 0.58203125 0.5065109375 2 0.7174484375 0.4817703125 2 0.6471359375 0.0247390625 2 0 0 0 0 0 0
1 0.5644609375 0.2643203125 0.154953125 0.486984375 0.5625 0.4830734375 2 0.4947921875 0.4947921875 2 0.6302078125 0.4700515625 2 0.5520828125 0.0247390625 2 0 0 0 0 0 0
1 0.4772109375 0.2473984375 0.154953125 0.489578125 0.4752609375 0.4674484375 2 0.4075515625 0.4791671875 2 0.54296875 0.4544265625 2 0.4674484375 0.0091140625 2 0 0 0 0 0 0
1 0.3912734375 0.2838515625 0.154953125 0.549484375 0.3893234375 0.5338546875 2 0.3216140625 0.5455734375 2 0.45703125 0.5208328125 2 0.3723953125 0.0182296875 2 0 0 0 0 0 0
1 0.2818984375 0.296875 0.154953125 0.515625 0.2799484375 0.5299484375 2 0.2122390625 0.5416671875 2 0.34765625 0.5169265625 2 0.2604171875 0.04296875 2 0 0 0 0 0 0
1 0.1927109375 0.2486953125 0.158859375 0.489578125 0.1940109375 0.4674484375 2 0.1236984375 0.47265625 2 0.2591140625 0.4609375 2 0.171875 0.01171875 2 0 0 0 0 0 0
1 0.1152421875 0.2454453125 0.154953125 0.490890625 0.1119796875 0.46875 2 0.0455734375 0.4778640625 2 0.1796875 0.4622390625 2 0.0768234375 0.0091140625 2 0 0 0 0 0 0
