1 0.189453125 0.7226640625 0.37890625 0.432296875 0.0182296875 0.6966140625 2 0 0.7786453125 2 0.0520828125 0.5130203125 2 0.33203125 0.7877609375 2 0 0 0 0 0 0
1 0.216796875 0.7617109375 0.37109375 0.364578125 0.3606765625 0.7526046875 2 0.3919265625 0.5833328125 2 0.3216140625 0.9270828125 2 0.04296875 0.66015625 2 0 0 0 0 0 0
1 0.6354140625 0.7636640625 0.450515625 0.391921875 0.4557296875 0.7630203125 2 0.4921875 0.5703125 2 0.4231765625 0.9466140625 2 0.8541671875 0.8723953125 2 0 0 0 0 0 0
1 0.6933671875 0.83203125 0.467453125 0.3359375 0.8684890625 0.8489578125 2 0.83984375 1 2 0.9036453125 0.6705734375 2 0.4700515625 0.734375 2 0 0 0 0 0 0
1 0.6946640625 0.5403671875 0.446609375 0.385421875 0.5299484375 0.5364578125 2 0.48828125 0.7239578125 2 0.5638015625 0.36328125 2 0.91015625 0.6471359375 2 0 0 0 0 0 0
1 0.7285234375 0.313796875 0.436203125 0.375 0.5520828125 0.3111984375 2 0.5143234375 0.4869796875 2 0.5885421875 0.1328125 2 0.9348953125 0.4192703125 2 0 0 0 0 0 0
1 0.7727890625 0.4681015625 0.446609375 0.381515625 0.95703125 0.4557296875 2 0.9921875 0.2942703125 2 0.9205734375 0.6419265625 2 0.5638015625 0.3463546875 2 0 0 0 0 0 0
1 0.2467421875 0.255203125 0.373703125 0.3671875 0.1067703125 0.2486984375 2 0.0729171875 0.4244796875 2 0.140625 0.0794265625 2 0.4205734375 0.3372390625 2 0 0 0 0 0 0
1 0.295578125 0.384109375 0.359375 0.359375 0.4296875 0.3828125 2 0.4661453125 0.2057296875 2 0.3997390625 0.55859375 2 0.125 0.2916671875 2 0 0 0 0 0 0
1 0.216796875 0.4837265625 0.35546875 0.360671875 0.0833328125 0.48046875 2 0.0481765625 0.6484375 2 0.1145828125 0.3059890625 2 0.390625 0.5690109375 2 0 0 0 0 0 0
