2 0.85 0.2943333333 0.0479605263 0.031037037 0.8505723684 0.28015 2 0.8732236842 0.2800453704 2 0.8267121711 0.28015 2 0.8503305921 0.3085277778 2 0.8733848684 0.3085796296 2 0.8266315789 0.3085277778 2
2 0.8462006579 0.3243472222 0.0421710526 0.0300833333 0.8466940789 0.3105981481 2 0.8666085526 0.3104972222 2 0.8257138158 0.3105981481 2 0.8464802632 0.3381 2 0.86675 0.33815 2 0.8256430921 0.3381 1
2 0.8475657895 0.3538935185 0.0390131579 0.029787037 0.8480279605 0.340275 2 0.8664555921 0.340175 2 0.8286167763 0.340275 2 0.8478322368 0.3675064815 2 0.8665871711 0.3675564815 2 0.8285509868 0.3675064815 2
2 0.8238898026 0.2889027778 0.0461348684 0.0309166667 0.8244358553 0.2747666667 2 0.8462220395 0.274662963 2 0.8014851974 0.2747666667 2 0.8242039474 0.3030314815 2 0.8463782895 0.3030833333 2 0.8014078947 0.3030314815 2
2 0.8221134868 0.3191666667 0.0407401316 0.0296666667 0.82259375 0.3056037037 2 0.8418371711 0.3055046296 2 0.8023223684 0.3056037037 2 0.8223881579 0.3327305556 2 0.8419753289 0.3327796296 2 0.8022549342 0.3327305556 2
2 0.8253207237 0.3486574074 0.0428782895 0.0306481481 0.8258207237 0.3346490741 2 0.8460707237 0.3345462963 2 0.8044868421 0.3346490741 2 0.8256036184 0.3626694444 2 0.8462154605 0.3627212963 2 0.8044144737 0.3626694444 2
2 0.7966694079 0.2926990741 0.0506085526 0.0306203704 0.7972549342 0.2787009259 2 0.8211546053 0.2785981481 2 0.7720805921 0.2787009259 2 0.797 0.3066990741 2 0.8213240132 0.3067509259 2 0.7719950658 0.3066990741 2
2 0.7971628289 0.3224861111 0.0463322368 0.0301203704 0.7977138158 0.308712037 2 0.8195970395 0.3086111111 2 0.7746611842 0.308712037 2 0.7974802632 0.3362518519 2 0.8197516447 0.3363018519 2 0.7745838816 0.3362518519 2
2 0.7972697368 0.3527777778 0.0514144737 0.029962963 0.797875 0.3390814815 2 0.8221578947 0.3389814815 2 0.7722960526 0.3390814815 2 0.7976151316 0.3664759259 2 0.8223305921 0.3665259259 2 0.7722088816 0.3664759259 2
2 0.7709457237 0.349662037 0.0463322368 0.0309351852 0.7714967105 0.3355194444 2 0.7933799342 0.3354157407 2 0.7484457237 0.3355194444 2 0.7712631579 0.3638018519 2 0.7935361842 0.3638537037 2 0.7483667763 0.3638018519 2
2 0.7697286184 0.3193009259 0.0471546053 0.030287037 0.7702878289 0.3054592593 2 0.7925542763 0.3053574074 2 0.7468305921 0.3054592593 2 0.7700493421 0.3331537037 2 0.7927121711 0.3332046296 2 0.7467516447 0.3331537037 2
2 0.7691694079 0.2890138889 0.0470559211 0.0318240741 0.7697269737 0.274462037 2 0.7919457237 0.2743555556 2 0.7463207237 0.274462037 2 0.7694901316 0.3035574074 2 0.7921036184 0.3036111111 2 0.7462417763 0.3035574074 2
2 0.71765625 0.2919027778 0.0470559211 0.0324537037 0.7182088816 0.2770638889 2 0.7404276316 0.2769546296 2 0.6948026316 0.2770638889 2 0.7179703947 0.306737963 2 0.7405855263 0.3067925926 2 0.6947236842 0.306737963 2
2 0.7179111842 0.3230601852 0.0469407895 0.0298981481 0.7184605263 0.3093888889 2 0.7406315789 0.3092888889 2 0.6951069079 0.3093888889 2 0.7182253289 0.3367212963 2 0.7407894737 0.3367722222 2 0.6950279605 0.3367212963 2
2 0.7169407895 0.3535509259 0.0525328947 0.030712963 0.7175608553 0.3395138889 2 0.7423717105 0.3394111111 2 0.6914259868 0.3395138889 2 0.7172960526 0.3675907407 2 0.7425476974 0.3676425926 2 0.6913371711 0.3675907407 2
2 0.6904194079 0.2876944444 0.0498848684 0.0326296296 0.6910098684 0.2727805556 2 0.7145723684 0.2726703704 2 0.6661875 0.2727805556 2 0.6907582237 0.3026101852 2 0.7147384868 0.3026648148 2 0.6661036184 0.3026101852 2
2 0.6892023026 0.3195648148 0.0486677632 0.0311481481 0.6897746711 0.3053240741 2 0.7127615132 0.3052194444 2 0.6655608553 0.3053240741 2 0.6895296053 0.3338064815 2 0.7129259868 0.3338583333 2 0.6654786184 0.3338064815 2
2 0.6897121711 0.3499814815 0.0472532895 0.030537037 0.6902664474 0.3360175926 2 0.7125805921 0.3359148148 2 0.6667598684 0.3360175926 2 0.6900279605 0.3639361111 2 0.7127401316 0.363987037 2 0.6666809211 0.3639361111 2
2 0.6626315789 0.2920416667 0.0477631579 0.031712963 0.6631924342 0.2775462963 2 0.6857467105 0.2774398148 2 0.6394325658 0.2775462963 2 0.6629523026 0.3065407407 2 0.6859078947 0.3065935185 2 0.6393519737 0.3065407407 2
2 0.6628289474 0.3236342593 0.0477631579 0.0324166667 0.6633947368 0.3088111111 2 0.6859506579 0.3087018519 2 0.6396365132 0.3088111111 2 0.6631546053 0.3384453704 2 0.6861101974 0.3385 2 0.6395559211 0.3384453704 2
2 0.6625246711 0.3548425926 0.0471546053 0.0306481481 0.6630838816 0.3408277778 2 0.6853503289 0.3407240741 2 0.6396266447 0.3408277778 2 0.6628453947 0.3688527778 2 0.6855082237 0.3689037037 2 0.6395476974 0.3688527778 2
2 0.6352467105 0.2882638889 0.0492763158 0.0330833333 0.6358256579 0.2731435185 2 0.6591003289 0.2730324074 2 0.6113075658 0.2731435185 2 0.6355773026 0.3033916667 2 0.6592648026 0.3034472222 2 0.6112253289 0.3033916667 2
2 0.6344407895 0.32025 0.0476644737 0.030462963 0.6349934211 0.306325 2 0.6575 0.3062222222 2 0.6112845395 0.306325 2 0.6347532895 0.3341787037 2 0.6576595395 0.3342305556 2 0.6112039474 0.3341787037 2
2 0.6345394737 0.3506666667 0.0478618421 0.030537037 0.6350970395 0.3367037037 2 0.6576990132 0.3366009259 2 0.6112878289 0.3367037037 2 0.6348552632 0.3646222222 2 0.6578601974 0.3646740741 2 0.6112072368 0.3646222222 2
2 0.5788898026 0.2912407407 0.0475493421 0.0321666667 0.5794588816 0.2765361111 2 0.6019177632 0.2764287037 2 0.5558009868 0.2765361111 2 0.5792203947 0.30595 2 0.6020773026 0.3060037037 2 0.5557203947 0.30595 2
2 0.5769654605 0.3218194444 0.0506085526 0.03075 0.5775641447 0.3077666667 2 0.6014621711 0.307662963 2 0.5523898026 0.3077666667 2 0.5773092105 0.3358842593 2 0.6016332237 0.3359361111 2 0.5523042763 0.3358842593 2
2 0.5759539474 0.352037037 0.0501973684 0.0312222222 0.5765444079 0.337762963 2 0.60025 0.3376583333 2 0.5515707237 0.337762963 2 0.5762911184 0.3663111111 2 0.6004194079 0.366362963 2 0.5514868421 0.3663111111 2
2 0.5497368421 0.2938194444 0.0477631579 0.0318240741 0.5502976974 0.2792675926 2 0.5728536184 0.2791611111 2 0.5265394737 0.2792675926 2 0.5500575658 0.3083675926 2 0.5730131579 0.3084212963 2 0.5264588816 0.3083675926 2
2 0.5481085526 0.3250601852 0.0457236842 0.0318425926 0.5486480263 0.3105027778 2 0.5702434211 0.3103953704 2 0.5258996711 0.3105027778 2 0.5484177632 0.3396148148 2 0.5703963816 0.3396685185 2 0.5258240132 0.3396148148 2
2 0.5476069079 0.3557824074 0.0516282895 0.0301388889 0.5482105263 0.3420064815 2 0.5725888158 0.3419055556 2 0.5225296053 0.3420064815 2 0.5479490132 0.369562037 2 0.5727615132 0.369612963 2 0.5224424342 0.369562037 2
2 0.5226069079 0.2906388889 0.0483717105 0.032 0.5231743421 0.2760138889 2 0.5460164474 0.2759064815 2 0.4991118421 0.2760138889 2 0.5229309211 0.3052703704 2 0.5461792763 0.3053240741 2 0.4990296053 0.3052703704 2
2 0.5216858553 0.3211990741 0.0506085526 0.0313240741 0.5222861842 0.3068759259 2 0.5461842105 0.3067712963 2 0.4971118421 0.3068759259 2 0.52203125 0.3355166667 2 0.5463552632 0.3355694444 2 0.4970263158 0.3355166667 2
2 0.5206661184 0.3520972222 0.0475493421 0.0296203704 0.5212335526 0.3385527778 2 0.5436924342 0.3384527778 2 0.4975756579 0.3385527778 2 0.5209950658 0.3656351852 2 0.5438519737 0.3656851852 2 0.4974950658 0.3656351852 2
2 0.4929276316 0.2935046296 0.0481578947 0.0311944444 0.4935 0.2792407407 2 0.5162467105 0.2791361111 2 0.4695394737 0.2792407407 2 0.4932582237 0.3077657407 2 0.5164095395 0.3078175926 2 0.4694572368 0.3077657407 2
2 0.4926726974 0.3229722222 0.0507072368 0.0304074074 0.4932763158 0.3090685185 2 0.5172220395 0.3089657407 2 0.4680509868 0.3090685185 2 0.4930213816 0.3368722222 2 0.5173930921 0.3369231481 2 0.4679654605 0.3368722222 2
2 0.4919654605 0.3542638889 0.0505098684 0.0318981481 0.4925625 0.3396796296 2 0.5164128289 0.3395722222 2 0.4674375 0.3396796296 2 0.4923075658 0.3688425926 2 0.5165822368 0.3688962963 2 0.4673536184 0.3688425926 2
2 0.4343009868 0.2910138889 0.0520230263 0.0316018519 0.4349144737 0.2765703704 2 0.4594835526 0.2764638889 2 0.40903125 0.2765703704 2 0.4346513158 0.3054666667 2 0.4596595395 0.3055203704 2 0.4089440789 0.3054666667 2
2 0.4340953947 0.3215092593 0.0487828947 0.0308148148 0.4346726974 0.3074259259 2 0.4577072368 0.3073231481 2 0.4104078947 0.3074259259 2 0.4344259868 0.3356037037 2 0.4578717105 0.3356555556 2 0.4103256579 0.3356037037 2
2 0.4330756579 0.352125 0.0479605263 0.030712963 0.4336463816 0.3380842593 2 0.4562976974 0.3379805556 2 0.4097861842 0.3380842593 2 0.4334046053 0.366162037 2 0.4564588816 0.3662138889 2 0.4097055921 0.366162037 2
2 0.4048355263 0.2939907407 0.05 0.0318333333 0.4054226974 0.2794388889 2 0.4290328947 0.2793324074 2 0.3805509868 0.2794388889 2 0.4051694079 0.3085407407 2 0.4292006579 0.3085935185 2 0.3804671053 0.3085407407 2
2 0.4060526316 0.3251666667 0.0487828947 0.031037037 0.4066266447 0.3109833333 2 0.4296611842 0.3108787037 2 0.3823618421 0.3109833333 2 0.4063815789 0.3393638889 2 0.4298256579 0.3394157407 2 0.3822796053 0.3393638889 2
2 0.4055921053 0.3549259259 0.0513157895 0.0299074074 0.4061990132 0.3412537037 2 0.4304342105 0.3411527778 2 0.3806710526 0.3412537037 2 0.4059407895 0.3686 2 0.4306069079 0.36865 2 0.3805838816 0.3686 2
2 0.3762253289 0.2891805556 0.0507072368 0.0311388889 0.3768256579 0.2749481481 2 0.4007713816 0.2748435185 2 0.3516003289 0.2749481481 2 0.3765707237 0.3034194444 2 0.4009424342 0.3034712963 2 0.3515148026 0.3034194444 2
2 0.3779029605 0.3197685185 0.0497861842 0.0310925926 0.3784917763 0.3055509259 2 0.4020065789 0.3054462963 2 0.3537203947 0.3055509259 2 0.3782401316 0.3339824074 2 0.4021726974 0.3340342593 2 0.3536381579 0.3339824074 2
2 0.3793256579 0.3505416667 0.0501973684 0.0306388889 0.3799194079 0.3365361111 2 0.403625 0.3364333333 2 0.3549457237 0.3365361111 2 0.3796661184 0.3645472222 2 0.4037944079 0.3645990741 2 0.3548618421 0.3645472222 2
2 0.34828125 0.2932685185 0.0496875 0.0321111111 0.3488700658 0.2785935185 2 0.3723355263 0.2784851852 2 0.3241496711 0.2785935185 2 0.3486184211 0.3079555556 2 0.3725032895 0.3080092593 2 0.3240657895 0.3079555556 2
2 0.3493585526 0.3240833333 0.0487828947 0.0295555556 0.3499259868 0.3105759259 2 0.3729605263 0.3104768519 2 0.3256611842 0.3105759259 2 0.3496792763 0.3375962963 2 0.373125 0.3376462963 2 0.3255789474 0.3375962963 2
2 0.3506743421 0.3541805556 0.0489802632 0.030712963 0.35125 0.3401435185 2 0.3743799342 0.3400407407 2 0.3268832237 0.3401435185 2 0.3510016447 0.3682222222 2 0.3745444079 0.3682740741 2 0.3268009868 0.3682222222 2
2 0.2748766447 0.2858055556 0.0550822368 0.0326296296 0.27375 0.2708759259 2 0.3015263158 0.2707833333 2 0.2481167763 0.2708925926 2 0.2752384868 0.300725 2 0.3017105263 0.3007796296 2 0.2480246711 0.300725 2
2 0.2802055921 0.3186203704 0.0562006579 0.0322407407 0.2792368421 0.3039546296 2 0.3074013158 0.303775 2 0.2529095395 0.3038833333 2 0.2805805921 0.333362963 2 0.3075904605 0.3334166667 2 0.2528141447 0.333362963 2
2 0.2804029605 0.350212963 0.0553782895 0.0315740741 0.2786282895 0.3356601852 2 0.3072121711 0.3356694444 2 0.2535065789 0.3357759259 2 0.2807796053 0.3646398148 2 0.3073980263 0.3646925926 2 0.2534144737 0.3646398148 2
2 0.2449013158 0.2818611111 0.0544736842 0.0332037037 0.2436726974 0.2666407407 2 0.2712549342 0.2665731481 2 0.2184375 0.2666842593 2 0.2452582237 0.297037963 2 0.2714375 0.2970935185 2 0.2183453947 0.297037963 2
2 0.2467269737 0.3143611111 0.0556907895 0.0327592593 0.2473766447 0.2993861111 2 0.2736743421 0.2992768519 2 0.2196743421 0.2993861111 2 0.2470953947 0.3293351852 2 0.2738618421 0.3293898148 2 0.2195805921 0.3293351852 2
2 0.2498684211 0.3465787037 0.0546710526 0.0326574074 0.2477368421 0.3317685185 2 0.27496875 0.3317685185 2 0.2233174342 0.3316462963 2 0.2502384868 0.3615027778 2 0.2765164474 0.3615574074 2 0.2232253289 0.3615027778 2
2 0.2148108553 0.2859212963 0.0516282895 0.0328611111 0.2137976974 0.2709907407 2 0.2397993421 0.2707925926 2 0.1897401316 0.2709027778 2 0.2151611842 0.3009444444 2 0.2399736842 0.3009990741 2 0.1896546053 0.3009444444 2
2 0.2158388158 0.318962963 0.0544736842 0.0347592593 0.2148141447 0.3030388889 2 0.2421924342 0.3029592593 2 0.189375 0.3030768519 2 0.2161957237 0.3348574074 2 0.2423766447 0.3349157407 2 0.1892828947 0.3348574074 2
2 0.2200986842 0.3516712963 0.0560855263 0.0318611111 0.2172516447 0.3369194444 2 0.243875 0.3365759259 2 0.1928536184 0.3371037037 2 0.2204753289 0.3662296296 2 0.2474358553 0.3662833333 2 0.1927598684 0.3662296296 2
2 0.1855016447 0.2829490741 0.0496875 0.031712963 0.1845328947 0.2683574074 2 0.2095493421 0.2683444444 2 0.1613634868 0.2684509259 2 0.1858322368 0.2974453704 2 0.2097171053 0.2974981481 2 0.1612796053 0.2974453704 2
2 0.1872286184 0.3153009259 0.0507072368 0.0338425926 0.1851414474 0.2999490741 2 0.2117680921 0.2997194444 2 0.1625970395 0.2998333333 2 0.1875674342 0.3307759259 2 0.2119391447 0.3308333333 2 0.1625115132 0.3307759259 2
2 0.1893585526 0.3474583333 0.0549671053 0.0320277778 0.1873782895 0.332912963 2 0.2140016447 0.3327990741 2 0.1626578947 0.3328203704 2 0.1910361842 0.3619861111 2 0.2161529605 0.3621555556 2 0.1650230263 0.3621009259 2
2 0.1303782895 0.2903240741 0.0546710526 0.0320555556 0.1310148026 0.2756740741 2 0.1568338816 0.2755657407 2 0.1038190789 0.2756740741 2 0.1307401316 0.3049824074 2 0.1570164474 0.3050361111 2 0.1056792763 0.3052111111 2
2 0.1309868421 0.3218009259 0.0522368421 0.0311574074 0.1315970395 0.3075555556 2 0.1562631579 0.3074509259 2 0.1056118421 0.3075555556 2 0.1313322368 0.3360398148 2 0.1564375 0.3360916667 2 0.1055246711 0.3360398148 2
2 0.1316940789 0.352462963 0.0524342105 0.0311666667 0.1296611842 0.3382907407 2 0.1552680921 0.3381759259 2 0.1062253289 0.3382175926 2 0.1320460526 0.3667148148 2 0.1572483553 0.3667666667 2 0.1061365132 0.3667148148 2
2 0.1001891447 0.2864398148 0.0516282895 0.0325092593 0.0991759868 0.271675 2 0.1251776316 0.2714648148 2 0.0751200658 0.2715740741 2 0.1005394737 0.3013 2 0.1253519737 0.3013546296 2 0.0750328947 0.3013 2
2 0.1030427632 0.3186481481 0.0536513158 0.0321851852 0.1036694079 0.303937963 2 0.1290065789 0.3038296296 2 0.0769769737 0.303937963 2 0.1060855263 0.3334833333 2 0.1291875 0.3334175926 2 0.0788536184 0.3333685185 2
2 0.1022286184 0.3495787037 0.0520230263 0.0307685185 0.1010049342 0.3353148148 2 0.1274078947 0.3354083333 2 0.0769539474 0.335512037 2 0.1025740132 0.3636416667 2 0.1275822368 0.3636935185 2 0.0768667763 0.3636416667 2
2 0.0716940789 0.2907916667 0.0513157895 0.0316018519 0.0722927632 0.2763407407 2 0.0965279605 0.2762342593 2 0.0467648026 0.2763407407 2 0.0720345395 0.3052305556 2 0.0967006579 0.3052842593 2 0.0466776316 0.3052305556 2
2 0.0728042763 0.3221990741 0.0543585526 0.0319537037 0.0707236842 0.3077296296 2 0.0991217105 0.3074824074 2 0.0464013158 0.3075898148 2 0.0717401316 0.3368027778 2 0.0971430921 0.3368027778 2 0.0463108553 0.3368064815 2
2 0.0738651316 0.3533009259 0.0514144737 0.0313425926 0.0744786184 0.3389694444 2 0.0987615132 0.3388638889 2 0.0488996711 0.3389694444 2 0.0742203947 0.3676231481 2 0.0989342105 0.3676759259 2 0.0488141447 0.3676231481 2
2 0.0415049342 0.28675 0.0531414474 0.0314259259 0.0421348684 0.2723861111 2 0.0672335526 0.2722805556 2 0.0156973684 0.2723861111 2 0.0418667763 0.3011175926 2 0.0674128289 0.3011703704 2 0.0156069079 0.3011175926 2
2 0.0446134868 0.3185648148 0.0566940789 0.0322407407 0.0452763158 0.3038268519 2 0.0720542763 0.3037185185 2 0.0170690789 0.3038268519 2 0.0449901316 0.3333046296 1 0.0722450658 0.3333592593 1 0.0172746711 0.3335416667 1
2 0.0425822368 0.3485740741 0.0571052632 0.0335740741 0.0432483553 0.3332296296 2 0.07021875 0.3331166667 2 0.0148388158 0.3332296296 2 0.0429605263 0.3639231481 2 0.0704111842 0.3639796296 2 0.0147434211 0.3639231481 2
2 0.8551315789 0.3994074074 0.0490131579 0.0309444444 0.8573371711 0.3857916667 2 0.8784654605 0.3861222222 2 0.8313322368 0.3852648148 2 0.8535230263 0.4127324074 2 0.8746513158 0.4133935185 2 0.8318059211 0.4120712963 2
2 0.8516447368 0.4288333333 0.0490131579 0.0309444444 0.85384375 0.4152185185 2 0.8749720395 0.4155490741 2 0.8278388158 0.4146916667 2 0.8500279605 0.4421592593 2 0.8711578947 0.4428203704 2 0.8283125 0.4414981481 2
2 0.8484375 0.4594259259 0.0490131579 0.0309444444 0.8506430921 0.4458027778 2 0.8717713816 0.4461333333 2 0.8246381579 0.445275 2 0.8468273026 0.4727425926 2 0.8679572368 0.4734037037 2 0.8251118421 0.4720814815 2
2 0.8242598684 0.4024074074 0.0528289474 0.0309444444 0.8274046053 0.3887564815 2 0.8502944079 0.3887564815 2 0.8018733553 0.3887564815 2 0.8238832237 0.4163574074 2 0.8456809211 0.4163907407 2 0.7989391447 0.4161925926 2
2 0.8187171053 0.4326574074 0.0528289474 0.0309444444 0.8218569079 0.4190092593 2 0.8447467105 0.4190092593 2 0.7963256579 0.4190092593 2 0.8183355263 0.4466111111 2 0.8401332237 0.4466435185 2 0.7933914474 0.4464453704 2
2 0.8163980263 0.4617592593 0.0528289474 0.0309444444 0.8195361842 0.4481055556 2 0.8424259868 0.4481055556 2 0.7940049342 0.4481055556 2 0.8160148026 0.4757074074 2 0.8378125 0.4757398148 2 0.7910707237 0.4755416667 2
2 0.713125 0.3999537037 0.0528289474 0.0309444444 0.7138355263 0.3864435185 2 0.73915625 0.3862990741 2 0.6907351974 0.3862990741 2 0.7127450658 0.4139009259 2 0.7345427632 0.4139333333 2 0.6878009868 0.4137351852 2
2 0.7959210526 0.3991203704 0.0494407895 0.0308518519 0.7965131579 0.385012963 2 0.8198651316 0.3849092593 2 0.7719144737 0.385012963 2 0.7962648026 0.4132175926 2 0.82003125 0.4132694444 2 0.7718305921 0.4132175926 2
2 0.7927796053 0.4287777778 0.0475328947 0.0297037037 0.7933355263 0.4151962963 2 0.8157878289 0.4150962963 2 0.7696858553 0.4151962963 2 0.7930970395 0.4423555556 2 0.8159473684 0.4424055556 2 0.7696052632 0.4423555556 2
2 0.7899835526 0.4584814815 0.0490131579 0.0281481481 0.7905657895 0.4456101852 2 0.8137105263 0.4455157407 2 0.7661842105 0.4456101852 2 0.7903190789 0.4713453704 2 0.813875 0.4713935185 2 0.7661019737 0.4713453704 2
2 0.7672450658 0.402875 0.0463651316 0.0309351852 0.7677911184 0.3887333333 2 0.7896891447 0.3886296296 2 0.7447253289 0.3887333333 2 0.7675575658 0.4170148148 2 0.78984375 0.4170675926 2 0.7446463816 0.4170148148 2
2 0.7638733553 0.432287037 0.0460690789 0.0292962963 0.7644128289 0.4188962963 2 0.7861710526 0.4187972222 2 0.7414934211 0.4188962963 2 0.7641809211 0.4456787037 2 0.7863273026 0.4457277778 2 0.7414144737 0.4456787037 2
2 0.7602138158 0.4617361111 0.0493092105 0.030212963 0.7607828947 0.4479287037 2 0.7840657895 0.4478277778 2 0.7362565789 0.4479287037 2 0.7605345395 0.4755546296 2 0.7842319079 0.4756055556 2 0.7361743421 0.4755546296 2
2 0.7125657895 0.429712963 0.0528289474 0.0309444444 0.7132763158 0.4162009259 2 0.7385970395 0.4160564815 2 0.6901759868 0.4160564815 2 0.7121858553 0.4436583333 2 0.7339835526 0.4436907407 2 0.6872417763 0.4434925926 2
2 0.7090625 0.459462963 0.0528289474 0.0309444444 0.7097828947 0.4459583333 2 0.7351019737 0.4458138889 2 0.6866825658 0.4458138889 2 0.7086907895 0.4734157407 2 0.7304901316 0.4734481481 2 0.6837483553 0.47325 2
2 0.6844407895 0.4026990741 0.0528289474 0.0317685185 0.6851595395 0.3887796296 2 0.7104802632 0.3886351852 2 0.6620592105 0.3886351852 2 0.6839029605 0.4174324074 2 0.7091414474 0.4174324074 2 0.6595460526 0.4174324074 2
2 0.6830098684 0.4322916667 0.0528289474 0.0317685185 0.6837203947 0.4183712963 2 0.7090394737 0.4182277778 2 0.6606184211 0.4182277778 2 0.6824638158 0.447025 2 0.7077006579 0.447025 2 0.6581069079 0.447025 2
2 0.6815625 0.462712963 0.0528289474 0.0307777778 0.6822796053 0.4482944444 2 0.7076003289 0.44815 2 0.6591792763 0.44815 2 0.6810246711 0.4769481481 2 0.7062615132 0.4769481481 2 0.6566677632 0.4769481481 2
2 0.6226151316 0.4032222222 0.0528289474 0.0307777778 0.6231578947 0.3894185185 2 0.6478092105 0.3892537037 2 0.59909375 0.3892537037 2 0.6220657895 0.4174546296 2 0.6473042763 0.4174546296 2 0.5977088816 0.4174546296 2
2 0.6513404605 0.3994907407 0.0510690789 0.0301111111 0.6519309211 0.385725 2 0.6760460526 0.3856231481 2 0.6265279605 0.385725 2 0.6516726974 0.4132509259 2 0.6762171053 0.4133018519 2 0.6264424342 0.4132509259 2
2 0.6523519737 0.4294351852 0.0484210526 0.030037037 0.6529276316 0.4157064815 2 0.6757944079 0.4156055556 2 0.6288388158 0.4157064815 2 0.6526825658 0.4431694444 2 0.6759572368 0.4432194444 2 0.6287565789 0.4431694444 2
2 0.6547039474 0.4589768519 0.0513486842 0.0291388889 0.6553092105 0.4456527778 2 0.6795625 0.4455546296 2 0.6297615132 0.4456527778 2 0.6550509868 0.4722962963 2 0.6797351974 0.4723453704 2 0.6296743421 0.4722962963 2
2 0.6243338816 0.4329074074 0.0498848684 0.030037037 0.6249194079 0.4191759259 2 0.6484786184 0.419075 2 0.6001003289 0.4191759259 2 0.6246677632 0.4466398148 2 0.6489819079 0.4466046296 2 0.6000164474 0.4466398148 2
2 0.6266776316 0.4623240741 0.048125 0.0293888889 0.6272467105 0.4488851852 2 0.6499753289 0.4487861111 2 0.6033026316 0.4488851852 2 0.6270032895 0.4757564815 2 0.6501365132 0.4758055556 2 0.6032220395 0.4757564815 2
2 0.5627055921 0.4037037037 0.0510690789 0.0315925926 0.5633075658 0.3892574074 2 0.5874210526 0.3891509259 2 0.5379046053 0.3892574074 2 0.5630493421 0.4181444444 2 0.5875921053 0.4181981481 2 0.5378190789 0.4181444444 2
2 0.5618996711 0.4337777778 0.0514967105 0.0292962963 0.5625049342 0.4203833333 2 0.5868273026 0.4202842593 2 0.5368832237 0.4203833333 2 0.5622450658 0.4471666667 2 0.5870230263 0.4472157407 2 0.5367960526 0.4471666667 2
2 0.5615378289 0.4635601852 0.0498848684 0.0308796296 0.5621184211 0.4494444444 2 0.5856792763 0.4493407407 2 0.5373009868 0.4494444444 2 0.5618667763 0.477675 2 0.5858470395 0.4777277778 2 0.5372171053 0.477675 2
2 0.5346792763 0.4003148148 0.0507730263 0.0317592593 0.5352779605 0.3857953704 2 0.5592532895 0.3856888889 2 0.5100213816 0.3857953704 2 0.5350213816 0.4148324074 2 0.5594243421 0.4148851852 2 0.5099358553 0.4148324074 2
2 0.5348355263 0.4308055556 0.0493092105 0.0292962963 0.5354078947 0.4174092593 2 0.5586907895 0.4173111111 2 0.5108815789 0.4174092593 2 0.5351595395 0.4441916667 2 0.5588552632 0.4442407407 2 0.5107976974 0.4441916667 2
2 0.5347532895 0.460375 0.0465131579 0.0316203704 0.5353009868 0.4459240741 2 0.5572680921 0.4458175926 2 0.5121611842 0.4459240741 2 0.5350674342 0.4748342593 2 0.5574243421 0.474887037 2 0.5120838816 0.4748342593 2
2 0.5066529605 0.4041111111 0.0457730263 0.0314259259 0.5071940789 0.3897462963 2 0.5288141447 0.3896407407 2 0.4844194079 0.3897462963 2 0.5069638158 0.4184824074 2 0.5289671053 0.4185351852 2 0.4843421053 0.4184824074 2
2 0.5060608553 0.4344814815 0.0463651316 0.0302037037 0.5066134868 0.4206694444 2 0.5285115132 0.4205685185 2 0.4835476974 0.4206694444 2 0.5063799342 0.4482851852 2 0.5286661184 0.4483361111 2 0.48346875 0.4482851852 2
2 0.5068092105 0.4643009259 0.0519407895 0.0303796296 0.5074128289 0.4504148148 2 0.5319440789 0.450312037 2 0.4815723684 0.4504148148 2 0.5071513158 0.4781925926 2 0.5321184211 0.4782435185 2 0.4814851974 0.4781925926 2
2 0.4790789474 0.4006435185 0.0522368421 0.0304351852 0.4796858553 0.3867296296 2 0.5043536184 0.3866277778 2 0.4536990132 0.3867296296 2 0.4794210526 0.4145583333 2 0.5045296053 0.4146092593 2 0.4536101974 0.4145583333 2
2 0.4787006579 0.4310509259 0.050625 0.029787037 0.4792993421 0.4174305556 2 0.5032055921 0.4173305556 2 0.4541151316 0.4174305556 2 0.4790444079 0.4446666667 2 0.5033766447 0.4447166667 2 0.45403125 0.4446666667 2
2 0.4798766447 0.4612037037 0.0512006579 0.0306296296 0.4804802632 0.4472037037 2 0.5046628289 0.4471009259 2 0.4550049342 0.4472037037 2 0.4802220395 0.4752064815 2 0.5048355263 0.4752583333 2 0.4549177632 0.4752064815 2
2 0.4240460526 0.4034583333 0.0513486842 0.0311018519 0.4241940789 0.3895842593 2 0.4485509868 0.38975 2 0.3991036184 0.3892361111 2 0.4243930921 0.4176703704 2 0.44884375 0.418012037 2 0.3989555921 0.4171861111 2
2 0.4237828947 0.4328842593 0.0513486842 0.0311018519 0.4239276316 0.4190111111 2 0.4482845395 0.4191768519 2 0.3988371711 0.418662963 2 0.4241266447 0.4470972222 2 0.4485773026 0.4474388889 2 0.3986907895 0.446612963 2
2 0.4235032895 0.4649490741 0.0513486842 0.0311018519 0.4236611842 0.4510824074 2 0.4480180921 0.4512481481 2 0.3985707237 0.4507342593 2 0.4238601974 0.4791685185 2 0.4483125 0.4795101852 2 0.3984243421 0.4786842593 2
2 0.3939638158 0.3997777778 0.0528289474 0.0331666667 0.3948470395 0.3849564815 2 0.4183240132 0.3849564815 2 0.3683108553 0.3846166667 2 0.3933799342 0.4145416667 2 0.4197121711 0.4149935185 2 0.3681430921 0.4140453704 2
2 0.3942927632 0.4305277778 0.0528289474 0.0331666667 0.3951677632 0.4157055556 2 0.4186447368 0.4157055556 2 0.3686315789 0.4153657407 2 0.3937006579 0.4452907407 2 0.4200328947 0.4457425926 2 0.3684638158 0.4447944444 2
2 0.3960855263 0.4606157407 0.0528289474 0.0321759259 0.3954342105 0.4467703704 1 0.4218453947 0.4467703704 1 0.3701973684 0.4466055556 1 0.3954901316 0.4748824074 2 0.4218223684 0.4753759259 2 0.3702516447 0.474387037 2
2 0.3652055921 0.402962963 0.0498848684 0.0320925926 0.3657960526 0.388287963 2 0.3893552632 0.3881796296 2 0.3409769737 0.388287963 2 0.3655444079 0.4176287037 2 0.3895230263 0.4176824074 2 0.3408930921 0.4176287037 2
2 0.3664473684 0.4343564815 0.0497368421 0.0304537037 0.3670411184 0.4204324074 2 0.39053125 0.4203305556 2 0.3422960526 0.4204324074 2 0.3667911184 0.448275 2 0.3906990132 0.4483259259 2 0.3422121711 0.448275 2
2 0.3682894737 0.4644305556 0.0525328947 0.0301388889 0.3689078947 0.4506518519 2 0.3937154605 0.45055 2 0.3427763158 0.4506518519 2 0.3686430921 0.4782037037 2 0.3938914474 0.4782546296 2 0.3426875 0.4782037037 2
2 0.3368832237 0.3993657407 0.0531085526 0.0318425926 0.3375148026 0.3848074074 2 0.3626003289 0.3847009259 2 0.3110904605 0.3848074074 2 0.3372467105 0.4139222222 2 0.3627779605 0.413975 2 0.3110016447 0.4139222222 2
2 0.3364555921 0.4302685185 0.0504769737 0.030537037 0.3370444079 0.4163055556 2 0.3608815789 0.4162027778 2 0.3119325658 0.4163055556 2 0.3367894737 0.4442240741 2 0.3610509868 0.444275 2 0.3118486842 0.4442240741 2
2 0.3384375 0.4612824074 0.0500328947 0.0293055556 0.3390197368 0.4478907407 2 0.3626480263 0.4477916667 2 0.3141282895 0.4478907407 2 0.3387664474 0.474687037 2 0.3628174342 0.4747361111 2 0.3140444079 0.474687037 2
2 0.2811348684 0.4044861111 0.0525328947 0.0321759259 0.2817516447 0.3897777778 2 0.3065592105 0.3896703704 2 0.2556184211 0.3897777778 2 0.2814868421 0.4191962963 2 0.3067351974 0.41925 2 0.2555296053 0.4191962963 2
2 0.2833305921 0.4357592593 0.0498848684 0.0297962963 0.2839210526 0.4221388889 2 0.3074802632 0.4220388889 2 0.2591019737 0.4221388889 2 0.2836694079 0.4493787037 2 0.3076480263 0.4494287037 2 0.2590180921 0.4493787037 2
2 0.2837746711 0.4655046296 0.0507730263 0.0298055556 0.2843717105 0.4518768519 2 0.3083470395 0.4517768519 2 0.2591151316 0.4518768519 2 0.2841151316 0.4791287037 2 0.3085180921 0.4791787037 2 0.2590296053 0.4791287037 2
2 0.2505427632 0.4010555556 0.0538486842 0.0317592593 0.2511743421 0.3865388889 2 0.2766052632 0.3864324074 2 0.2243848684 0.3865388889 2 0.2509013158 0.4155777778 2 0.2767861842 0.4156314815 2 0.2242944079 0.4155777778 2
2 0.2530345395 0.431625 0.0523848684 0.0304537037 0.2536513158 0.4177064815 2 0.2783881579 0.4176046296 2 0.2275904605 0.4177064815 2 0.2533865132 0.4455490741 2 0.2785641447 0.4456009259 2 0.2275032895 0.4455490741 2
2 0.2548684211 0.4619074074 0.0528289474 0.0300555556 0.2554901316 0.4481703704 2 0.2804358553 0.4480694444 2 0.2292121711 0.4481703704 2 0.2552236842 0.4756472222 2 0.2806134868 0.4756972222 2 0.2291233553 0.4756472222 2
2 0.2219983553 0.4049768519 0.0504769737 0.0316759259 0.2225953947 0.3905 2 0.2464325658 0.3903935185 2 0.1974851974 0.3905 2 0.2223404605 0.4194648148 2 0.2466019737 0.4195175926 2 0.1973996711 0.4194648148 2
2 0.2244983553 0.435837963 0.0537006579 0.0304537037 0.2251282895 0.4219194444 2 0.2504884868 0.4218166667 2 0.1984111842 0.4219194444 2 0.2248569079 0.449762963 2 0.2506694079 0.4498138889 2 0.1983207237 0.449762963 2
2 0.2261019737 0.4660740741 0.0516447368 0.030462963 0.2267171053 0.4521527778 2 0.2511085526 0.45205 2 0.2010230263 0.4521527778 2 0.2264572368 0.4800083333 2 0.2512828947 0.4800592593 2 0.2009358553 0.4800083333 2
2 0.1926480263 0.4018796296 0.0516447368 0.0319259259 0.1932631579 0.3872888889 2 0.2176546053 0.3871824074 2 0.1675690789 0.3872888889 2 0.1930032895 0.4164787037 2 0.2178289474 0.4165324074 2 0.1674819079 0.4164787037 2
2 0.1946299342 0.4319583333 0.0512006579 0.0306203704 0.1952384868 0.4179611111 2 0.2194226974 0.4178583333 2 0.1697631579 0.4179611111 2 0.1949802632 0.4459546296 2 0.2195953947 0.4460055556 2 0.1696776316 0.4459546296 2
2 0.1972039474 0.4626527778 0.0519407895 0.0310462963 0.1978157895 0.4484601852 2 0.2223453947 0.4483555556 2 0.1719753289 0.4484601852 2 0.1975526316 0.4768425926 2 0.2225197368 0.4768953704 2 0.1718881579 0.4768425926 2
2 0.145625 0.4033703704 0.0465131579 0.0299444444 0.1461759868 0.3896824074 2 0.1681430921 0.3895814815 2 0.1230361842 0.3896824074 2 0.1459407895 0.4170592593 2 0.1682993421 0.4171101852 2 0.1229588816 0.4170592593 2
2 0.1465789474 0.4333981481 0.0475328947 0.030037037 0.1471414474 0.4196712963 2 0.16959375 0.4195703704 2 0.1234917763 0.4196712963 2 0.1469029605 0.4471361111 2 0.1697532895 0.447187037 1 0.1234111842 0.4471361111 2
2 0.1487911184 0.4630648148 0.0501809211 0.0298888889 0.1493733553 0.4494018519 2 0.1730723684 0.4493018519 1 0.1244095395 0.4494018519 2 0.1491217105 0.4767277778 2 0.1732417763 0.4767777778 1 0.1243256579 0.4767277778 2
2 0.1176069079 0.4064351852 0.0476809211 0.0306111111 0.1181644737 0.392437037 2 0.1406858553 0.3923342593 2 0.0944407895 0.392437037 2 0.1179243421 0.4204203704 2 0.1408453947 0.4204712963 2 0.0943601974 0.4204203704 2
2 0.1185526316 0.437125 0.0487171053 0.0300462963 0.1191299342 0.4233888889 2 0.1421365132 0.423287963 2 0.0948963816 0.4233888889 2 0.1188848684 0.4508555556 2 0.1422993421 0.4509064815 2 0.0948141447 0.4508555556 2
2 0.1206167763 0.4668194444 0.0510690789 0.0294722222 0.1212121711 0.4533490741 2 0.1453273026 0.45325 2 0.0958092105 0.4533490741 2 0.1209555921 0.4802990741 2 0.1454983553 0.4803490741 2 0.0957236842 0.4802990741 2
2 0.0892023026 0.4030833333 0.0498848684 0.0313518519 0.0897993421 0.3887518519 2 0.1133585526 0.3886462963 2 0.0649802632 0.3887518519 2 0.0895476974 0.4174138889 2 0.1135263158 0.4174666667 2 0.0648963816 0.4174138889 2
2 0.0905263158 0.4334074074 0.0490131579 0.030537037 0.0911085526 0.4194444444 2 0.1142532895 0.4193425926 2 0.0667286184 0.4194444444 2 0.0908618421 0.4473638889 2 0.1144177632 0.4474148148 2 0.0666463816 0.4473638889 2
2 0.0928782895 0.4629861111 0.0484210526 0.0292314815 0.0934490132 0.4496212963 2 0.1163174342 0.4495231481 2 0.0693601974 0.4496212963 2 0.0932055921 0.4763435185 2 0.1164786184 0.4763925926 2 0.0692796053 0.4763435185 2
2 0.0590542763 0.4061805556 0.0485690789 0.0311018519 0.0596299342 0.391962037 2 0.0825657895 0.3918574074 2 0.03546875 0.391962037 2 0.0593848684 0.4203990741 2 0.0827302632 0.4204509259 2 0.0353865132 0.4203990741 2
2 0.0613404605 0.4364212963 0.0539967105 0.0311203704 0.06196875 0.4221953704 2 0.08746875 0.4220907407 2 0.0351052632 0.4221953704 2 0.0616957237 0.4506444444 2 0.0876496711 0.4506962963 2 0.0350148026 0.4506444444 2
2 0.0656661184 0.4668657407 0.0529769737 0.0290648148 0.0662845395 0.4535796296 2 0.0912993421 0.4534814815 2 0.0399325658 0.4535796296 2 0.0660180921 0.4801518519 2 0.0914786184 0.4802009259 2 0.03984375 0.4801518519 2
