1 0.87483023 0.4029493671 0.25033954 0.3220759494 0.8823176342 0.5105481013 2 0.7630525739 0.4782 2 0.9954972618 0.5443037975 2 0.9285629792 0.2503518987 2 0 0 0 0 0 0
1 0.7028094195 0.4071772152 0.266516977 0.3192658228 0.6949003286 0.5035164557 2 0.5744184009 0.4669481013 2 0.8202508215 0.5485227848 2 0.7460142388 0.2503518987 2 0 0 0 0 0 0
1 0.5446002191 0.391 0.2543483023 0.3066075949 0.5306067908 0.4936708861 2 0.4198608981 0.464135443 2 0.6559572837 0.5400848101 2 0.5878061336 0.2433189873 2 0 0 0 0 0 0
1 0.3997754655 0.4113924051 0.266516977 0.2939493671 0.3894370208 0.5218 2 0.273822563 0.507735443 2 0.5220887185 0.5471164557 2 0.4271631982 0.2714481013 2 0 0 0 0 0 0
1 0.2409638554 0.4367151899 0.2628696605 0.3023924051 0.2287940854 0.538678481 2 0.1119627601 0.5175810127 2 0.3614457831 0.5724329114 2 0.2750394304 0.2883265823 2 0 0 0 0 0 0
1 0.1101369113 0.4634367089 0.2202738226 0.3023924051 0.08032092 0.5639949367 2 0.2081051479 0.5949367089 2 0.0012168675 0.5485227848 2 0.1277842278 0.3220810127 2 0 0 0 0 0 0
1 0.8579846659 0.2496455696 0.2799123768 0.3473924051 0.8664961665 0.1434594937 2 0.7326276013 0.0970468354 2 0.9869780942 0.1842481013 2 0.8153822563 0.4022506329 2 0 0 0 0 0 0
1 0.6888116101 0.2883291139 0.2726067908 0.3263037975 0.6949003286 0.1856544304 2 0.5610317634 0.1448658228 2 0.8178170865 0.225035443 2 0.6389189485 0.4317860759 2 0 0 0 0 0 0
1 0.5275684556 0.2869240506 0.2762541073 0.3263037975 0.5306067908 0.1758088608 2 0.3979550931 0.1420531646 2 0.6547404162 0.2123772152 2 0.4880131435 0.4360050633 2 0 0 0 0 0 0
1 0.360230011 0.3164556962 0.2677327492 0.3234936709 0.3638795181 0.2053443038 2 0.2348784228 0.178621519 2 0.4880131435 0.2236291139 2 0.3480591457 0.4669481013 2 0 0 0 0 0 0
1 0.206286966 0.3361392405 0.2689594743 0.3347341772 0.2068882804 0.2292544304 2 0.0815377875 0.1969063291 2 0.3310208105 0.2616037975 2 0.1813318729 0.4866379747 2 0 0 0 0 0 0
1 0.8488444688 0.6933860759 0.266516977 0.3122405063 0.8567601314 0.5949367089 2 0.7265421687 0.5583683544 2 0.9699408543 0.625878481 2 0.806864184 0.8382556962 2 0 0 0 0 0 0
1 0.6882092004 0.6919746835 0.2640854326 0.3094177215 0.6924665936 0.5907177215 2 0.5683340635 0.5569620253 2 0.8117316539 0.6174405063 2 0.6474381161 0.835443038 2 0 0 0 0 0 0
1 0.548253012 0.6976075949 0.2421796276 0.2728607595 0.5525125958 0.6005620253 2 0.4320306681 0.5766531646 2 0.662041621 0.6230658228 2 0.5245224535 0.8157518987 2 0 0 0 0 0 0
1 0.3827491785 0.7278481013 0.2713910186 0.310835443 0.3821347207 0.6230658228 2 0.2555673604 0.5935303797 2 0.5062672508 0.6441632911 2 0.3492760131 0.8677924051 2 0 0 0 0 0 0
1 0.2604381161 0.7383987342 0.1922891566 0.2672278481 0.2726056955 0.6315050633 2 0.1667174151 0.6081506329 2 0.344407448 0.6441632911 2 0.2593373494 0.868643038 1 0 0 0 0 0 0
1 0.1076998905 0.7559746835 0.2105366922 0.2911392405 0.0815377875 0.6469759494 2 0.0073023001 0.6272860759 2 0.1971522453 0.6694797468 2 0.0535476451 0.8832632911 2 0 0 0 0 0 0
1 0.1107447974 0.8425443038 0.2214895947 0.3123797468 0.0791040526 0.9521797468 2 0.2105388828 0.9803088608 2 0 0.9324898734 2 0.1253493976 0.703235443 2 0 0 0 0 0 0
1 0.2367086528 0.8241898734 0.2421796276 0.3066075949 0.239746988 0.9367088608 2 0.344407448 0.9606189873 2 0.1241325301 0.9142050633 2 0.2799079956 0.700421519 2 0 0 0 0 0 0
1 0.382135816 0.8206708861 0.2653012048 0.3164556962 0.3699649507 0.9353025316 2 0.5013997809 0.9620253165 2 0.2580021906 0.9212379747 2 0.4149934283 0.6736987342 2 0 0 0 0 0 0
1 0.5397371303 0.8023924051 0.273822563 0.3389620253 0.533041621 0.9198316456 2 0.6559572837 0.9535860759 2 0.4101248631 0.8902949367 2 0.5744184009 0.6652607595 2 0 0 0 0 0 0
1 0.6991566265 0.8073101266 0.2713910186 0.3431772152 0.6888159912 0.9240506329 2 0.8214676889 0.9606189873 2 0.569550931 0.8945151899 2 0.7387119387 0.656821519 2 0 0 0 0 0 0
1 0.8585870756 0.8009873418 0.2713910186 0.3361518987 0.853109529 0.9099860759 2 0.9796757941 0.9479607595 2 0.7350613363 0.8832632911 2 0.8932705367 0.6511949367 2 0 0 0 0 0 0
