1 0.2537421875 0.212203125 0.361203125 0.278125 0.0957171875 0.2103984375 2 0.08488125 0.344040625 2 0.106553125 0.0812703125 2 0.414475 0.233875 2 0 0 0 0 0 0
1 0.2808359375 0.2523828125 0.352171875 0.273609375 0.4235046875 0.257353125 2 0.4108625 0.3828703125 2 0.439759375 0.1255171875 2 0.1092625 0.2320703125 2 0 0 0 0 0 0
1 0.2573515625 0.373390625 0.350359375 0.27 0.110165625 0.3729375 2 0.1155828125 0.2456140625 2 0.0957171875 0.49755 2 0.417184375 0.3982203125 2 0 0 0 0 0 0
1 0.2541875 0.548125 0.34584375 0.278125 0.4081546875 0.5390890625 2 0.415378125 0.414475 2 0.4009296875 0.67634375 2 0.093009375 0.5147078125 2 0 0 0 0 0 0
1 0.22303125 0.537734375 0.3449375 0.27903125 0.0740453125 0.5363796875 2 0.0776578125 0.4045421875 2 0.063209375 0.66911875 2 0.394609375 0.5589546875 2 0 0 0 0 0 0
1 0.731875 0.240203125 0.4253125 0.26909375 0.541796875 0.243809375 2 0.5300578125 0.368421875 2 0.5544390625 0.11106875 2 0.9346 0.2736078125 2 0 0 0 0 0 0
1 0.762125 0.3002421875 0.4171875 0.273609375 0.9517578125 0.2970859375 2 0.959884375 0.1643453125 2 0.9436296875 0.4253109375 2 0.5580515625 0.26548125 2 0 0 0 0 0 0
1 0.7436171875 0.4117734375 0.430734375 0.274515625 0.5463125 0.4054453125 2 0.5354765625 0.5345734375 2 0.5562453125 0.2727046875 2 0.9517578125 0.4433703125 2 0 0 0 0 0 0
1 0.71653125 0.572953125 0.4253125 0.28625 0.51831875 0.5688875 2 0.526446875 0.432534375 2 0.5092890625 0.7034328125 2 0.920153125 0.6041046875 2 0 0 0 0 0 0
1 0.7400078125 0.5873984375 0.427109375 0.282640625 0.935503125 0.585140625 2 0.9436296875 0.4505953125 2 0.9291828125 0.724203125 2 0.5309609375 0.547215625 2 0 0 0 0 0 0
