1 0.7831609195 0.2407042254 0.4208045977 0.3733333333 0.782137931 0.4114319249 2 0.5786781609 0.4179107981 2 0.9855977011 0.4038779343 2 0.7834597701 0.0637558685 2 0 0 0 0 0 0
1 0.7567241379 0.2176056338 0.4155172414 0.3725821596 0.7530747126 0.0454037559 2 0.5522528736 0.0389248826 2 0.9604942529 0.0475633803 2 0.7319310345 0.3963192488 2 0 0 0 0 0 0
1 0.5099425287 0.2237089202 0.4174712644 0.3630985915 0.5126149425 0.3941596244 2 0.3025517241 0.3941596244 2 0.7160804598 0.3941596244 2 0.5350747126 0.0421643192 2 0 0 0 0 0 0
1 0.3177298851 0.2176056338 0.4214367816 0.3725821596 0.3117988506 0.0432441315 2 0.1096609195 0.0389248826 2 0.5258275862 0.0454037559 2 0.2893390805 0.397399061 2 0 0 0 0 0 0
1 0.2523563218 0.2393661972 0.4174712644 0.370657277 0.2549885057 0.4114319249 2 0.0435977011 0.4146760563 2 0.4544885057 0.4125117371 2 0.280091954 0.0561971831 2 0 0 0 0 0 0
1 0.7075 0.6936619718 0.4082183908 0.4310798122 0.7319310345 0.4902535211 2 0.5046896552 0.49457277 2 0.9102931034 0.4848591549 2 0.7160804598 0.9070375587 2 0 0 0 0 0 0
1 0.7121551724 0.7135211268 0.4016666667 0.4357746479 0.6922988506 0.9199906103 2 0.5126149425 0.9253896714 2 0.9116149425 0.9113568075 2 0.7098218391 0.5011455399 2 0 0 0 0 0 0
1 0.468362069 0.7048826291 0.4029310345 0.4336150235 0.4690172414 0.9145962441 2 0.6671954023 0.9135164319 2 0.2695229885 0.9145962441 2 0.4861954023 0.4891784038 2 0 0 0 0 0 0
1 0.2516954023 0.7001408451 0.4399425287 0.4375586854 0.2655574713 0.4880985915 2 0.4716609195 0.4880985915 2 0.0372528736 0.4868732394 1 0.2483793103 0.9145962441 2 0 0 0 0 0 0
1 0.2189942529 0.7143192488 0.3983333333 0.4438497653 0.2219310345 0.9306760563 2 0.4131149425 0.9306760563 2 0.0248390805 0.9306760563 1 0.2351666667 0.4934929577 2 0 0 0 0 0 0
