1 0.2220078125 0.279953125 0.438796875 0.4296875 0.2200515625 0.078125 2 0.0325515625 0.08203125 2 0.4036453125 0.0755203125 2 0.26171875 0.4869796875 2 0 0 0 0 0 0
1 0.2304609375 0.30403125 0.434890625 0.44140625 0.234375 0.5013015625 2 0.046875 0.50390625 2 0.4296875 0.5 2 0.19921875 0.0885421875 2 0 0 0 0 0 0
1 0.463546875 0.2779921875 0.390625 0.415359375 0.4713546875 0.4713546875 2 0.6510421875 0.46875 2 0.27734375 0.4752609375 2 0.4296875 0.078125 2 0 0 0 0 0 0
1 0.619140625 0.260421875 0.37890625 0.4375 0.62109375 0.05859375 2 0.4427078125 0.0611984375 2 0.7903640625 0.0598953125 2 0.6640625 0.4700515625 2 0 0 0 0 0 0
1 0.703125 0.2858125 0.4375 0.43359375 0.69921875 0.48828125 2 0.8802078125 0.484375 2 0.5078125 0.4908859375 2 0.6549484375 0.0716140625 2 0 0 0 0 0 0
1 0.2193984375 0.7591171875 0.381515625 0.361984375 0.22265625 0.5963546875 2 0.0416671875 0.6067703125 2 0.3997390625 0.59765625 2 0.2565109375 0.9283859375 2 0 0 0 0 0 0
1 0.2252578125 0.7806015625 0.393234375 0.360671875 0.2174484375 0.9427078125 2 0.0377609375 0.9505203125 2 0.4075515625 0.9401046875 2 0.19140625 0.61328125 2 0 0 0 0 0 0
1 0.4583359375 0.7571640625 0.401046875 0.350265625 0.4466140625 0.9166671875 2 0.6432296875 0.9153640625 2 0.2721359375 0.9231765625 2 0.4153640625 0.5963546875 2 0 0 0 0 0 0
1 0.6074140625 0.7454453125 0.376296875 0.345046875 0.60546875 0.58984375 2 0.4309890625 0.59375 2 0.78125 0.5859375 2 0.63671875 0.9049484375 2 0 0 0 0 0 0
1 0.690109375 0.770828125 0.40625 0.359375 0.6796875 0.93359375 2 0.87890625 0.9322921875 2 0.5013015625 0.9348953125 2 0.6471359375 0.6002609375 2 0 0 0 0 0 0
