1 0.396484375 0.2727890625 0.31640625 0.420578125 0.3984375 0.0729171875 2 0.25 0.07421875 2 0.5390625 0.0716140625 2 0.4140625 0.4752609375 2 0 0 0 0 0 0
1 0.7141875 0.2727890625 0.31640625 0.420578125 0.7161453125 0.0729171875 2 0.5677078125 0.07421875 2 0.8567703125 0.0716140625 2 0.7317703125 0.4752609375 2 0 0 0 0 0 0
1 0.419921875 0.7538984375 0.31640625 0.348953125 0.4166671875 0.6041671875 2 0.2734375 0.6028640625 2 0.5533859375 0.6028640625 2 0.4244796875 0.921875 2 0 0 0 0 0 0
1 0.732421875 0.7499921875 0.31640625 0.348953125 0.7291671875 0.6002609375 2 0.5872390625 0.609375 2 0.87109375 0.5911453125 2 0.7369796875 0.91796875 2 0 0 0 0 0 0
1 0.38996875 0.2858046875 0.31640625 0.430984375 0.3919265625 0.4908859375 2 0.2434890625 0.4895828125 2 0.5325515625 0.4921875 2 0.3723953125 0.0872390625 2 0 0 0 0 0 0
1 0.564453125 0.2714765625 0.31640625 0.430984375 0.5703125 0.4778640625 2 0.41796875 0.4752609375 2 0.70703125 0.4778640625 2 0.5559890625 0.0703125 2 0 0 0 0 0 0
1 0.74675 0.28059375 0.31640625 0.44140625 0.75390625 0.4856765625 2 0.6080734375 0.48828125 2 0.8854171875 0.4830734375 2 0.7395828125 0.08203125 2 0 0 0 0 0 0
1 0.40559375 0.7877578125 0.31640625 0.348953125 0.40234375 0.9375 2 0.2591140625 0.9388015625 2 0.5390625 0.9388015625 2 0.39453125 0.6158859375 2 0 0 0 0 0 0
1 0.591796875 0.7669296875 0.31640625 0.348953125 0.5885421875 0.9166671875 2 0.4453125 0.91796875 2 0.7252609375 0.91796875 2 0.57421875 0.6015625 2 0 0 0 0 0 0
1 0.7688828125 0.7799453125 0.321609375 0.348953125 0.7682296875 0.9296875 2 0.625 0.9309890625 2 0.9049484375 0.9309890625 2 0.75390625 0.6145828125 2 0 0 0 0 0 0
