1 0.2753828125 0.2630234375 0.470046875 0.411453125 0.0598953125 0.26171875 2 0.0559890625 0.4544265625 2 0.0703125 0.0638015625 2 0.4921875 0.2708328125 2 0 0 0 0 0 0
1 0.28840625 0.5104140625 0.45703125 0.401046875 0.0807296875 0.4986984375 2 0.0768234375 0.6940109375 2 0.0833328125 0.31640625 2 0.49609375 0.51953125 2 0 0 0 0 0 0
1 0.7877578125 0.291671875 0.385421875 0.421875 0.9505203125 0.2955734375 2 0.96875 0.08984375 2 0.9440109375 0.4973953125 2 0.6015625 0.2825515625 2 0 0 0 0 0 0
1 0.3079453125 0.3059921875 0.467453125 0.419265625 0.5104171875 0.3072921875 2 0.5091140625 0.5 2 0.5208328125 0.10546875 2 0.0872390625 0.2916671875 2 0 0 0 0 0 0
1 0.7578203125 0.2532578125 0.377609375 0.428390625 0.59765625 0.25 2 0.58984375 0.0546875 2 0.5846359375 0.4388015625 2 0.9231765625 0.2747390625 2 0 0 0 0 0 0
1 0.2604140625 0.7343671875 0.432296875 0.411453125 0.05859375 0.73828125 2 0.0611984375 0.546875 2 0.0533859375 0.9205734375 2 0.46484375 0.7669265625 2 0 0 0 0 0 0
1 0.2949140625 0.7311171875 0.454421875 0.407546875 0.4986984375 0.7200515625 2 0.4895828125 0.9153640625 2 0.5078125 0.5390625 2 0.08203125 0.7083328125 2 0 0 0 0 0 0
1 0.7786484375 0.7311171875 0.377609375 0.438796875 0.9453125 0.73046875 2 0.9361984375 0.9309890625 2 0.9557296875 0.5260421875 2 0.59765625 0.70703125 2 0 0 0 0 0 0
1 0.7779921875 0.498703125 0.384109375 0.4140625 0.6080734375 0.4973953125 2 0.6002609375 0.6888015625 2 0.6158859375 0.2981765625 2 0.95703125 0.51171875 2 0 0 0 0 0 0
1 0.7467421875 0.7382734375 0.373703125 0.411453125 0.58203125 0.73046875 2 0.5716140625 0.9296875 2 0.5859375 0.5520828125 2 0.9296875 0.7565109375 2 0 0 0 0 0 0
