1 0.1310213556 0.3587650602 0.224902507 0.3052168675 0.1279275766 0.2182060241 2 0.0216648097 0.2195445783 2 0.228 0.2222216867 2 0.139275766 0.5046855422 2 0 0 0 0 0 0
1 0.3579851439 0.3775120482 0.224902507 0.3052168675 0.3548950789 0.2369481928 2 0.2486332405 0.238286747 2 0.4549675023 0.2409638554 2 0.3621169916 0.5087012048 2 0 0 0 0 0 0
1 0.1289600743 0.3761746988 0.224902507 0.3052168675 0.1258644383 0.5167337349 2 0.026823584 0.5140566265 2 0.2238727948 0.5167337349 2 0.1114206128 0.2356096386 2 0 0 0 0 0 0
1 0.2599814299 0.3654638554 0.224902507 0.3052168675 0.2568867224 0.5060240964 2 0.1578458682 0.5060240964 2 0.3507688022 0.5060240964 2 0.2424428969 0.238286747 2 0 0 0 0 0 0
1 0.3719220056 0.3828614458 0.2094336119 0.3052168675 0.3765608171 0.523426506 2 0.2837103064 0.5220879518 2 0.4704428969 0.5194108434 2 0.3693389044 0.2530120482 2 0 0 0 0 0 0
1 0.5797957289 0.3734879518 0.224902507 0.3052168675 0.5767047354 0.5140566265 2 0.4838542247 0.5127168675 2 0.6685236769 0.5153951807 2 0.5839266481 0.2423024096 2 0 0 0 0 0 0
1 0.6045589601 0.370813253 0.224902507 0.3052168675 0.6014651811 0.2302542169 2 0.503455896 0.2315927711 2 0.7015376045 0.2342698795 2 0.5973379759 0.503346988 2 0 0 0 0 0 0
1 0.6963788301 0.3654638554 0.224902507 0.3052168675 0.6932841226 0.5060240964 2 0.6004336119 0.5046855422 2 0.7851030641 0.5073626506 2 0.704632312 0.2423024096 2 0 0 0 0 0 0
1 0.8160538533 0.3815240964 0.224902507 0.3052168675 0.8129582173 0.2409638554 2 0.7159805014 0.2396253012 2 0.9130297122 0.2449795181 2 0.8036731662 0.5073626506 2 0 0 0 0 0 0
1 0.1681615599 0.7985240964 0.224902507 0.3815301205 0.1650677809 0.9772421687 2 0.0660269266 0.9745650602 2 0.2630761374 0.9772421687 2 0.1526870938 0.6198120482 2 0 0 0 0 0 0
1 0.1691922006 0.7824638554 0.224902507 0.3815301205 0.16609935 0.6037481928 2 0.0670584958 0.6064253012 2 0.2641077066 0.6037481928 2 0.1774475395 0.9558228916 2 0 0 0 0 0 0
1 0.2950603528 0.781126506 0.224902507 0.3815301205 0.2919637883 0.959839759 2 0.1929229341 0.9571614458 2 0.3899721448 0.959839759 2 0.2837103064 0.6117807229 2 0 0 0 0 0 0
1 0.4353667595 0.799873494 0.224902507 0.3815301205 0.4322711235 0.9785807229 2 0.3332302693 0.9759036145 2 0.53027948 0.9785807229 2 0.4281439183 0.6211518072 2 0 0 0 0 0 0
1 0.4033797586 0.7838012048 0.224902507 0.3815301205 0.4002887651 0.605086747 2 0.3012479109 0.6077650602 2 0.4982980501 0.605086747 2 0.4116369545 0.9571614458 2 0 0 0 0 0 0
1 0.6195171773 0.7817891566 0.180538533 0.3052168675 0.6169396472 0.9223566265 2 0.5344066852 0.9196783133 2 0.7015376045 0.9303879518 2 0.6303519034 0.6519409639 2 0 0 0 0 0 0
1 0.645821727 0.776439759 0.224902507 0.3052168675 0.6489220056 0.6358771084 2 0.731455896 0.6385542169 2 0.5643249768 0.6278445783 2 0.6355097493 0.9062915663 2 0 0 0 0 0 0
1 0.7257753018 0.7804518072 0.180538533 0.3052168675 0.7232024141 0.9210168675 2 0.6406685237 0.918339759 2 0.8077994429 0.9290493976 2 0.7428040854 0.6372156627 2 0 0 0 0 0 0
1 0.8299814299 0.7965120482 0.180538533 0.3052168675 0.8274011142 0.9370819277 2 0.7448672238 0.9344048193 2 0.911998143 0.945113253 2 0.8511299907 0.6626506024 2 0 0 0 0 0 0
1 0.8335933148 0.7911626506 0.1815784587 0.3052168675 0.8335914578 0.6506024096 2 0.9161253482 0.6532795181 2 0.7520891365 0.6439084337 2 0.8139897864 0.918339759 2 0 0 0 0 0 0
1 0.8134772516 0.3935662651 0.2032404828 0.2945060241 0.8139897864 0.5287819277 2 0.7211392758 0.5274433735 2 0.9058087279 0.5301204819 2 0.8212107707 0.2570277108 2 0 0 0 0 0 0
