1 0.1835859375 0.3984453125 0.333328125 0.393234375 0.18359375 0.2096359375 2 0.021128125 0.2067796875 2 0.346059375 0.2067796875 2 0.2057296875 0.5872390625 2 0 0 0 0 0 0
1 0.528640625 0.3977890625 0.3203125 0.389328125 0.526278125 0.2080328125 2 0.3725265625 0.2080328125 2 0.6847640625 0.2080328125 2 0.54296875 0.5859375 2 0 0 0 0 0 0
1 0.3749921875 0.408859375 0.309890625 0.390625 0.3776046875 0.5911453125 2 0.2252609375 0.5885421875 2 0.5208328125 0.59375 2 0.3606765625 0.21875 2 0 0 0 0 0 0
1 0.194015625 0.4140703125 0.328125 0.408859375 0.1888015625 0.6067703125 2 0.0377609375 0.6106765625 2 0.3502609375 0.6080734375 2 0.1692703125 0.2239578125 2 0 0 0 0 0 0
1 0.5651015625 0.4205703125 0.307296875 0.393234375 0.5677078125 0.6119796875 2 0.7135421875 0.609375 2 0.41533125 0.61223125 2 0.5520828125 0.2291671875 2 0 0 0 0 0 0
1 0.4166640625 0.7936171875 0.291671875 0.279953125 0.421875 0.6666671875 2 0.2799484375 0.6692703125 2 0.5481765625 0.6640625 2 0.4322921875 0.9296875 2 0 0 0 0 0 0
1 0.4147109375 0.8203125 0.298171875 0.2890625 0.41015625 0.9518234375 2 0.2747390625 0.9557296875 2 0.5455734375 0.953125 2 0.3932296875 0.6796875 2 0 0 0 0 0 0
1 0.7578046875 0.8229140625 0.278640625 0.291671875 0.7578125 0.9466140625 2 0.6236984375 0.9544265625 2 0.8854171875 0.9440109375 2 0.7330734375 0.6861984375 2 0 0 0 0 0 0
1 0.5748671875 0.8072890625 0.279953125 0.276046875 0.5768234375 0.9361984375 2 0.7122390625 0.9361984375 2 0.4388015625 0.9361984375 2 0.5638015625 0.6731765625 2 0 0 0 0 0 0
1 0.7109296875 0.8014296875 0.270828125 0.264328125 0.7089359375 0.672603125 2 0.578934375 0.672603125 2 0.842940625 0.672603125 2 0.7291671875 0.9270828125 2 0 0 0 0 0 0
