1 0.2434921875 0.2682265625 0.346359375 0.385421875 0.2434890625 0.4361984375 2 0.0729171875 0.4283859375 2 0.40625 0.4427078125 2 0.2317703125 0.0768234375 2 0 0 0 0 0 0
1 0.46028125 0.2389296875 0.33984375 0.384109375 0.4627984375 0.4261484375 2 0.625925 0.4261484375 2 0.2946484375 0.4261484375 2 0.4427078125 0.0494796875 2 0 0 0 0 0 0
1 0.6666640625 0.2825546875 0.346359375 0.385421875 0.6666671875 0.4505203125 2 0.50390625 0.44921875 2 0.8294265625 0.45703125 2 0.6549484375 0.0911453125 2 0 0 0 0 0 0
1 0.6289140625 0.2408828125 0.346359375 0.385421875 0.62890625 0.0729171875 2 0.791665625 0.07421875 2 0.4622390625 0.0716140625 2 0.63671875 0.4296875 2 0 0 0 0 0 0
1 0.2552109375 0.2265703125 0.346359375 0.385421875 0.2552078125 0.05859375 2 0.41796875 0.0598953125 2 0.0885421875 0.0572921875 2 0.2760421875 0.4114578125 2 0 0 0 0 0 0
1 0.3372421875 0.704421875 0.338546875 0.3671875 0.33984375 0.54296875 2 0.1705734375 0.5377609375 2 0.5026046875 0.546875 2 0.3489578125 0.87890625 2 0 0 0 0 0 0
1 0.69921875 0.7480546875 0.34375 0.358078125 0.6966140625 0.5924484375 2 0.53125 0.58203125 2 0.8606765625 0.5950515625 2 0.69725625 0.9225703125 2 0 0 0 0 0 0
1 0.3307265625 0.75390625 0.338546875 0.3671875 0.3255203125 0.9140625 2 0.4856765625 0.9205734375 2 0.1653640625 0.90625 2 0.3190109375 0.5794265625 2 0 0 0 0 0 0
1 0.5273515625 0.748703125 0.338546875 0.3671875 0.5221359375 0.9088546875 2 0.6822921875 0.9153640625 2 0.3619796875 0.9010421875 2 0.515625 0.57421875 2 0 0 0 0 0 0
1 0.7317734375 0.787765625 0.338546875 0.3671875 0.7265625 0.9479171875 2 0.88671875 0.9544265625 2 0.56640625 0.9401046875 2 0.7291671875 0.6145828125 2 0 0 0 0 0 0
