3 0.84740625 0.341984375 0.19271875 0.1965 0.8266265625 0.418509375 2 0.7633296875 0.2616859375 2 0.939046875 0.27585625 2 0 0 0 0 0 0 0 0 0
3 0.844578125 0.377890625 0.19271875 0.1965 0.8237921875 0.4544078125 2 0.7633296875 0.302309375 2 0.9362140625 0.3193140625 2 0 0 0 0 0 0 0 0 0
3 0.835125 0.411890625 0.19271875 0.1965 0.8143453125 0.48841875 2 0.760496875 0.32970625 2 0.92865625 0.358046875 2 0 0 0 0 0 0 0 0 0
3 0.828984375 0.43740625 0.20121875 0.20784375 0.803009375 0.5233734375 2 0.7501046875 0.3495453125 2 0.9229875 0.3986703125 2 0 0 0 0 0 0 0 0 0
3 0.821421875 0.472359375 0.20121875 0.20784375 0.7954515625 0.5583265625 2 0.742546875 0.3845 2 0.9154296875 0.433625 2 0 0 0 0 0 0 0 0 0
3 0.809140625 0.5073125 0.20121875 0.20784375 0.7831703125 0.59328125 2 0.730265625 0.4194546875 2 0.9031484375 0.4685796875 2 0 0 0 0 0 0 0 0 0
3 0.800640625 0.545109375 0.20121875 0.20784375 0.7784453125 0.62918125 2 0.7217625 0.4572421875 2 0.8965359375 0.492196875 2 0 0 0 0 0 0 0 0 0
3 0.792140625 0.581 0.20121875 0.20784375 0.77655625 0.6622453125 2 0.7132609375 0.4931421875 2 0.8880328125 0.528096875 2 0 0 0 0 0 0 0 0 0
3 0.78553125 0.62540625 0.20121875 0.20784375 0.7756125 0.699090625 2 0.7066484375 0.53754375 2 0.8842546875 0.55076875 2 0 0 0 0 0 0 0 0 0
3 0.7888359375 0.6343828125 0.187046875 0.133203125 0.7718328125 0.74538125 2 0.70286875 0.583834375 2 0.8814203125 0.58005625 2 0 0 0 0 0 0 0 0 0
3 0.649484375 0.4600703125 0.13509375 0.370328125 0.590446875 0.479915625 2 0.7009796875 0.283415625 2 0.6792515625 0.6348484375 2 0 0 0 0 0 0 0 0 0
3 0.308921875 0.2673515625 0.326875 0.251296875 0.3136453125 0.375996875 2 0.1577671875 0.1785515625 2 0.4581875 0.1568234375 2 0 0 0 0 0 0 0 0 0
3 0.31553125 0.2135078125 0.326875 0.251296875 0.320259375 0.3221484375 2 0.1587125 0.1483203125 2 0.4581875 0.09730625 2 0 0 0 0 0 0 0 0 0
3 0.309875 0.1653203125 0.326875 0.251296875 0.314590625 0.2739671875 2 0.15304375 0.100140625 2 0.45251875 0.049125 2 0 0 0 0 0 0 0 0 0
3 0.30078125 0.125 0.3265625 0.25 0.3060875 0.2342890625 2 0.1445421875 0.0604625 2 0.4383484375 0.0103921875 2 0 0 0 0 0 0 0 0 0
3 0.295703125 0.1015546875 0.326875 0.203109375 0.3004203125 0.186109375 2 0.1388734375 0.01228125 2 0.4090625 0 2 0 0 0 0 0 0 0 0 0
3 0.2716015625 0.0769921875 0.259796875 0.153984375 0.2890828125 0.136984375 2 0.1662703125 0 2 0.3807203125 0 2 0 0 0 0 0 0 0 0 0
3 0.2404375 0.6428828125 0.1464375 0.095421875 0.2314546875 0.668859375 2 0.18894375 0.5980046875 2 0.2928625 0.6169 2 0 0 0 0 0 0 0 0 0
3 0.238546875 0.6589453125 0.2125625 0.140765625 0.2276765625 0.7132609375 2 0.1539890625 0.5942265625 2 0.3249828125 0.6254015625 2 0 0 0 0 0 0 0 0 0
3 0.2442109375 0.6783046875 0.271140625 0.187046875 0.222953125 0.7557734375 2 0.1228125 0.5876140625 2 0.35426875 0.62918125 2 0 0 0 0 0 0 0 0 0
3 0.235234375 0.7161015625 0.27775 0.202171875 0.217284375 0.80111875 2 0.112421875 0.627290625 2 0.3627703125 0.6650796875 2 0 0 0 0 0 0 0 0 0
3 0.2295625 0.7661640625 0.27775 0.202171875 0.2116171875 0.8511890625 2 0.106753125 0.6773609375 2 0.357103125 0.71515 2 0 0 0 0 0 0 0 0 0
3 0.795 0.7718359375 0.3193125 0.194609375 0.8431765625 0.853078125 2 0.6773609375 0.686809375 2 0.956053125 0.803009375 2 0 0 0 0 0 0 0 0 0
3 0.75909375 0.7893046875 0.3854375 0.256015625 0.8299515625 0.901259375 2 0.59328125 0.6707484375 2 0.9428265625 0.8511890625 2 0 0 0 0 0 0 0 0 0
3 0.731703125 0.846 0.41 0.29003125 0.846465625 0.97116875 2 0.553603125 0.7104265625 2 0.9305453125 0.9305453125 2 0 0 0 0 0 0 0 0 0
3 0.7283984375 0.8653828125 0.393953125 0.263578125 0 0 0 0.5422671875 0.7430375 2 0.9239328125 0.9796703125 2 0 0 0 0 0 0 0 0 0
3 0.7236796875 0.887578125 0.393953125 0.22484375 0 0 0 0.53754375 0.7846046875 2 0 0 0 0 0 0 0 0 0 0 0 0
