3 0.2241346154 0.0942548077 0.2866826923 0.1850480769 0.2050168269 0 2 0.0946899038 0.1763509615 2 0.3561754808 0.1468125 2 0 0 0 0 0 0 0 0 0
3 0.1963341346 0.1476923077 0.2797355769 0.2137019231 0.1867740385 0.0616802885 2 0.0703653846 0.2441105769 2 0.3275072115 0.2241298077 2 0 0 0 0 0 0 0 0 0
3 0.20328125 0.2484615385 0.2797355769 0.2137019231 0.1937235577 0.1624495192 2 0.0773149038 0.3448822115 2 0.3344567308 0.3249014423 2 0 0 0 0 0 0 0 0 0
3 0.2119831731 0.3266346154 0.2797355769 0.2137019231 0.2024110577 0.2406346154 2 0.0860024038 0.4230649038 2 0.3431442308 0.4030865385 2 0 0 0 0 0 0 0 0 0
3 0.1807091346 0.4048317308 0.2797355769 0.2137019231 0.1711370192 0.3188197115 2 0.0547283654 0.50125 2 0.3118701923 0.4812692308 2 0 0 0 0 0 0 0 0 0
3 0.1815745192 0.4995192308 0.2797355769 0.2137019231 0.1720072115 0.4135096154 2 0.0555985577 0.5959399038 2 0.3127379808 0.5759615385 2 0 0 0 0 0 0 0 0 0
3 0.2189302885 0.5681490385 0.2797355769 0.2137019231 0.2093605769 0.4821394231 2 0.0929543269 0.6645697115 2 0.35009375 0.6445889423 2 0 0 0 0 0 0 0 0 0
3 0.2258774038 0.6676201923 0.2797355769 0.2111057692 0.2084927885 0.5837788462 2 0.0999038462 0.7523100962 2 0.3526995192 0.7575216346 2 0 0 0 0 0 0 0 0 0
3 0.2393389423 0.7279927885 0.2684375 0.2067548077 0.2302091346 0.6480649038 1 0.1190144231 0.8105144231 2 0.3596490385 0.8139903846 1 0 0 0 0 0 0 0 0 0
3 0.2758293269 0.7766225962 0.2684375 0.2067548077 0.2666971154 0.6967115385 1 0.1555 0.8591634615 2 0.3961346154 0.8626370192 1 0 0 0 0 0 0 0 0 0
3 0.3053605769 0.0599399038 0.1902403846 0.1198798077 0.3153461538 0.0990336538 2 0 0 0 0 0 0 0 0 0 0 0 0 0 0 0
3 0.3527043269 0.1880649038 0.3075240385 0.2336778846 0.34140625 0.2779903846 2 0.2110985577 0.1233581731 2 0.4908269231 0.0790528846 2 0 0 0 0 0 0 0 0 0
3 0.34921875 0.2779807692 0.3075240385 0.2275961538 0.3379326923 0.3709423077 2 0.2050168269 0.2076225962 2 0.4873509615 0.1720072115 2 0 0 0 0 0 0 0 0 0
3 0.3691947115 0.363125 0.3075240385 0.2275961538 0.3579134615 0.4560769231 1 0.2249975962 0.2927572115 2 0.5073317308 0.2571418269 2 0 0 0 0 0 0 0 0 0
3 0.3388100962 0.4508653846 0.3075240385 0.2275961538 0.3275072115 0.5438173077 2 0.19459375 0.3804975962 2 0.4769254808 0.3448822115 2 0 0 0 0 0 0 0 0 0
3 0.3796274038 0.6306971154 0.3075240385 0.2275961538 0.36746875 0.7175600962 2 0.2345528846 0.5438173077 2 0.5177572115 0.5247067308 2 0 0 0 0 0 0 0 0 0
3 0.3666105769 0.7275480769 0.2988461538 0.2111057692 0.3622548077 0.8122524038 2 0.2249975962 0.6367716346 2 0.5081995192 0.6341634615 2 0 0 0 0 0 0 0 0 0
3 0.3891826923 0.8066105769 0.2988461538 0.2111057692 0.3848413462 0.8913052885 2 0.2475841346 0.7158245192 2 0.5307860577 0.71321875 2 0 0 0 0 0 0 0 0 0
3 0.3640024038 0.1129326923 0.3075240385 0.2258653846 0.3526995192 0.1989375 1 0.2223918269 0.0443052885 2 0.5021201923 0 1 0 0 0 0 0 0 0 0 0
3 0.3787620192 0.5307932692 0.3075240385 0.2275961538 0.36746875 0.6237403846 2 0.2345552885 0.4604206731 1 0.5247067308 0.4317524038 1 0 0 0 0 0 0 0 0 0
3 0.5946394231 0.8009495192 0.3240384615 0.2328125 0.5837788462 0.7062692308 2 0.4491274038 0.86871875 2 0.7453605769 0.8965168269 2 0 0 0 0 0 0 0 0 0
3 0.5616346154 0.7219110577 0.3240384615 0.2206490385 0.5498990385 0.6315576923 2 0.4161153846 0.8053028846 2 0.7106105769 0.8165961538 2 0 0 0 0 0 0 0 0 0
3 0.526875 0.6576081731 0.3240384615 0.2206490385 0.5151490385 0.5672740385 2 0.3813677885 0.7410168269 2 0.6758629808 0.7523100962 2 0 0 0 0 0 0 0 0 0
3 0.5207932692 0.5577043269 0.3240384615 0.2206490385 0.5090697115 0.4673701923 2 0.3752860577 0.6411153846 2 0.66978125 0.65240625 2 0 0 0 0 0 0 0 0 0
3 0.4860576923 0.4690985577 0.3240384615 0.2206490385 0.4743197115 0.3787620192 2 0.3344567308 0.5646658654 2 0.6350336538 0.5637980769 2 0 0 0 0 0 0 0 0 0
3 0.4851923077 0.3778966346 0.3240384615 0.2206490385 0.4734519231 0.2875456731 2 0.3370625 0.4777956731 2 0.6341634615 0.4725817308 2 0 0 0 0 0 0 0 0 0
3 0.5108052885 0.2823317308 0.3301201923 0.2380288462 0.4986442308 0.1928557692 2 0.3605192308 0.3883173077 2 0.6628317308 0.3683365385 2 0 0 0 0 0 0 0 0 0
3 0.5047235577 0.2076201923 0.3301201923 0.2380288462 0.4925625 0.1181466346 2 0.3544375 0.3136081731 2 0.65675 0.2936274038 2 0 0 0 0 0 0 0 0 0
3 0.4943149038 0.1190144231 0.3301201923 0.2380288462 0.4821394231 0.0295360577 2 0.3440120192 0.2249975962 2 0.6463269231 0.2050168269 2 0 0 0 0 0 0 0 0 0
3 0.5084134615 0.0757211538 0.3293269231 0.1514423077 0 0 0 0.3657307692 0.1355192308 2 0.6619639423 0.1103269231 2 0 0 0 0 0 0 0 0 0
3 0.8714302885 0.7844471154 0.2571394231 0.2275961538 0.9244206731 0.6923677885 2 0.7601298077 0.8800120192 2 0 0 0 0 0 0 0 0 0 0 0 0
3 0.8740384615 0.7145192308 0.2519230769 0.240625 0.9303966346 0.6254783654 2 0.7757668269 0.8035649038 2 0 0 0 0 0 0 0 0 0 0 0 0
3 0.8866346154 0.6363221154 0.2267307692 0.240625 0.9555913462 0.5472932692 2 0.7861899038 0.7384110577 2 0 0 0 0 0 0 0 0 0 0 0 0
3 0.8866346154 0.5468509615 0.2267307692 0.2510576923 0.9555913462 0.4526009615 2 0.7931394231 0.6506706731 2 0 0 0 0 0 0 0 0 0 0 0 0
3 0.8853245192 0.4404447115 0.2293509615 0.2588701923 0.9555913462 0.3422740385 2 0.7853221154 0.5516370192 2 0 0 0 0 0 0 0 0 0 0 0 0
3 0.8853245192 0.3500841346 0.2293509615 0.2588701923 0.9555913462 0.2519278846 2 0.7879278846 0.4682379808 2 0 0 0 0 0 0 0 0 0 0 0 0
3 0.8736057692 0.2440985577 0.2527884615 0.2588701923 0.9321346154 0.1459447115 2 0.7644735577 0.3622548077 2 0 0 0 0 0 0 0 0 0 0 0 0
3 0.8762019231 0.15625 0.2475961538 0.2692307692 0.9382163462 0.0486490385 2 0.7731586538 0.2788581731 2 0 0 0 0 0 0 0 0 0 0 0 0
3 0.8766466346 0.1007692308 0.2467067308 0.2015384615 0 0 0 0.7731586538 0.1893798077 2 0 0 0 0 0 0 0 0 0 0 0 0
