3 0.0430168269 0.3861057692 0.0791586538 0.1216346154 0.0057379808 0.3367596154 2 0 0 0 0.0757283654 0.4377307692 2 0 0 0 0 0 0 0 0 0
3 0.1471634615 0.3906971154 0.1462980769 0.1216346154 0.1434230769 0.3413509615 2 0.076875 0.4394519231 2 0.2134158654 0.4423221154 2 0 0 0 0 0 0 0 0 0
3 0.2963221154 0.3998798077 0.1474519231 0.1216346154 0.2931586538 0.3505288462 2 0.2266105769 0.4486322115 2 0.3631514423 0.4515 2 0 0 0 0 0 0 0 0 0
3 0.2980528846 0.3470913462 0.1474519231 0.1216346154 0.2948798077 0.29775 2 0.2283317308 0.3958509615 2 0.3654447115 0.4061778846 2 0 0 0 0 0 0 0 0 0
3 0.1557692308 0.3017788462 0.1474519231 0.1216346154 0.1526033654 0.2524278846 2 0.0860552885 0.3505288462 2 0.2231682692 0.3608557692 2 0 0 0 0 0 0 0 0 0
3 0.1546153846 0.2547235577 0.1474519231 0.1147355769 0.1514567308 0.2019423077 2 0.0849086538 0.3000432692 2 0.2180048077 0.3046346154 2 0 0 0 0 0 0 0 0 0
3 0.3098317308 0.3038461538 0.1474519231 0.1216346154 0.3066730769 0.2545120192 2 0.2391105769 0.3485120192 2 0.37275 0.35571875 2 0 0 0 0 0 0 0 0 0
3 0.3091826923 0.2553846154 0.1474519231 0.1216346154 0.3060168269 0.2060360577 2 0.2384543269 0.3000336538 2 0.37340625 0.3026538462 2 0 0 0 0 0 0 0 0 0
3 0.3052403846 0.2003605769 0.1474519231 0.1216346154 0.3020865385 0.1510072115 2 0.2345240385 0.2450072115 2 0.3694759615 0.2476274038 2 0 0 0 0 0 0 0 0 0
3 0.1546153846 0.2062379808 0.1474519231 0.1147355769 0.1514567308 0.1534639423 2 0.0838533654 0.2423846154 2 0.2180048077 0.25615625 2 0 0 0 0 0 0 0 0 0
3 0.1618269231 0.1616947115 0.1474519231 0.1147355769 0.1586634615 0.1089182692 2 0.0910576923 0.1978389423 2 0.2252115385 0.2116105769 2 0 0 0 0 0 0 0 0 0
3 0.1592067308 0.10796875 0.1474519231 0.1147355769 0.1560408654 0.0551995192 2 0.0884375 0.1441201923 2 0.2225913462 0.1578918269 2 0 0 0 0 0 0 0 0 0
3 0.1519951923 0.0573677885 0.1474519231 0.1147355769 0.1488365385 0.0045889423 2 0.0812307692 0.0935120192 2 0.2153846154 0.10728125 2 0 0 0 0 0 0 0 0 0
3 0.3104807692 0.1584134615 0.1474519231 0.1216346154 0.3073269231 0.1090817308 2 0.2397668269 0.2030793269 2 0.3747163462 0.2056995192 2 0 0 0 0 0 0 0 0 0
3 0.3078605769 0.1040625 0.1474519231 0.1216346154 0.3047067308 0.0547091346 2 0.2371442308 0.1487067308 2 0.3720961538 0.1513269231 2 0 0 0 0 0 0 0 0 0
3 0.3039423077 0.0595072115 0.1474519231 0.1006490385 0 0 0 0.2332139423 0.0936802885 2 0.3701298077 0.1035048077 2 0 0 0 0 0 0 0 0 0
3 0.0484975962 0.1032211538 0.0969951923 0.1173557692 0.0201225962 0.0517572115 2 0 0 0 0.0799230769 0.1480528846 2 0 0 0 0 0 0 0 0 0
3 0.0419471154 0.1490865385 0.0838942308 0.1173557692 0.0137572115 0.1002307692 2 0 0 0 0.0759903846 0.1998052885 2 0 0 0 0 0 0 0 0 0
3 0.0419471154 0.1982211538 0.0838942308 0.1173557692 0.0104807692 0.1493629808 2 0 0 0 0.0700961538 0.2463173077 2 0 0 0 0 0 0 0 0 0
3 0.0455528846 0.2499759615 0.0911057692 0.1173557692 0.0176875 0.2011153846 2 0 0 0 0.0773004808 0.2980697115 2 0 0 0 0 0 0 0 0 0
3 0.0444711538 0.2932692308 0.0889423077 0.1153846154 0.0137572115 0.2443509615 2 0 0 0 0.0773004808 0.3426153846 2 0 0 0 0 0 0 0 0 0
3 0.0376923077 0.3436538462 0.0753846154 0.1173557692 0.0085168269 0.2954495192 2 0 0 0 0.0674759615 0.3865072115 2 0 0 0 0 0 0 0 0 0
3 0.0484975962 0.0626201923 0.0969951923 0.1173557692 0.0137572115 0.0058966346 2 0 0 0 0.0694399038 0.0943341346 2 0 0 0 0 0 0 0 0 0
3 0.3703365385 0.3821754808 0.1474519231 0.1203125 0.3671850962 0.4321730769 2 0.3006370192 0.3340697115 2 0.4371754808 0.3312019231 2 0 0 0 0 0 0 0 0 0
3 0.226875 0.3841466346 0.1474519231 0.1203125 0.22371875 0.4341370192 2 0.1571706731 0.3360360577 2 0.2937091346 0.3331658654 2 0 0 0 0 0 0 0 0 0
3 0.0840625 0.3690745192 0.1395673077 0.1203125 0.0769783654 0.4190697115 2 0.0222740385 0.3386850962 2 0.14696875 0.3180985577 2 0 0 0 0 0 0 0 0 0
3 0.0873317308 0.3304206731 0.1395673077 0.1203125 0.0802524038 0.3804206731 2 0.0196538462 0.2843125 2 0.1473966346 0.2895528846 2 0 0 0 0 0 0 0 0 0
3 0.0899519231 0.2832572115 0.1395673077 0.1203125 0.0828725962 0.3332524038 2 0.0222740385 0.2371442308 2 0.1500168269 0.2423846154 2 0 0 0 0 0 0 0 0 0
3 0.0860336538 0.2321514423 0.1395673077 0.1203125 0.0789423077 0.28215625 2 0.01834375 0.1860480769 2 0.1460865385 0.1912884615 2 0 0 0 0 0 0 0 0 0
3 0.0873317308 0.1797475962 0.1395673077 0.1203125 0.0802524038 0.2297475962 2 0.0196538462 0.1336394231 2 0.1473966346 0.1388798077 2 0 0 0 0 0 0 0 0 0
3 0.0886538462 0.1325841346 0.1395673077 0.1203125 0.0815625 0.1825817308 2 0.0209639423 0.0864735577 2 0.1487067308 0.0917139423 2 0 0 0 0 0 0 0 0 0
3 0.0938942308 0.0837379808 0.1395673077 0.1203125 0.0868028846 0.1337331731 2 0.0262043269 0.037625 2 0.1539471154 0.0428653846 2 0 0 0 0 0 0 0 0 0
3 0.0829326923 0.0396634615 0.1418269231 0.0793269231 0.0769783654 0.0695336538 2 0 0 0 0 0 0 0 0 0 0 0 0 0 0 0
3 0.2222836538 0.3363100962 0.1474519231 0.1203125 0.2191322115 0.3863149038 2 0.1525841346 0.2882139423 2 0.289125 0.2853461538 1 0 0 0 0 0 0 0 0 0
3 0.2301442308 0.2898197115 0.1474519231 0.1203125 0.2269951923 0.3398028846 2 0.1604447115 0.2417019231 2 0.2969855769 0.2388341346 2 0 0 0 0 0 0 0 0 0
3 0.226875 0.2400120192 0.1474519231 0.1203125 0.22371875 0.2900168269 2 0.1571706731 0.1919134615 2 0.2954495192 0.1971850962 2 0 0 0 0 0 0 0 0 0
3 0.2288461538 0.1830408654 0.1474519231 0.1203125 0.2256850962 0.2330240385 2 0.1657403846 0.1401899038 2 0.2974134615 0.1401899038 2 0 0 0 0 0 0 0 0 0
3 0.2314663462 0.1378245192 0.1474519231 0.1203125 0.2283052885 0.1878221154 2 0.1683605769 0.0949903846 2 0.3000336538 0.0949879808 2 0 0 0 0 0 0 0 0 0
3 0.2294951923 0.0886899038 0.1474519231 0.1203125 0.2263389423 0.1386899038 2 0.1663942308 0.0458557692 2 0.2980697115 0.0458557692 2 0 0 0 0 0 0 0 0 0
3 0.2281971154 0.0452764423 0.1474519231 0.0905528846 0.2250288462 0.0803870192 2 0 0 0 0 0 0 0 0 0 0 0 0 0 0 0
3 0.3808173077 0.3336899038 0.1474519231 0.1203125 0.3776658654 0.3836947115 2 0.3111177885 0.28559375 2 0.4493966346 0.2882427885 2 0 0 0 0 0 0 0 0 0
3 0.3742788462 0.28390625 0.1474519231 0.1203125 0.3711153846 0.3339086538 2 0.3045673077 0.2358052885 2 0.4428461538 0.2384567308 2 0 0 0 0 0 0 0 0 0
3 0.3742788462 0.2282331731 0.1474519231 0.1203125 0.3711153846 0.2782259615 2 0.3045673077 0.1801225962 2 0.4428461538 0.1827716346 2 0 0 0 0 0 0 0 0 0
3 0.3795192308 0.1797475962 0.1474519231 0.1203125 0.3763557692 0.2297475962 2 0.3098076923 0.1316442308 2 0.4480865385 0.1342956731 2 0 0 0 0 0 0 0 0 0
3 0.3788701923 0.1299639423 0.1474519231 0.1203125 0.3757019231 0.1799615385 2 0.3091538462 0.0818581731 2 0.4474302885 0.0845072115 2 0 0 0 0 0 0 0 0 0
3 0.3788701923 0.07953125 0.1474519231 0.1203125 0.3757019231 0.1295192308 2 0.3091538462 0.0314158654 2 0.4474302885 0.0340649038 2 0 0 0 0 0 0 0 0 0
3 0.3834134615 0.0480769231 0.1466346154 0.0961538462 0.3809423077 0.0872211538 2 0 0 0 0 0 0 0 0 0 0 0 0 0 0 0
3 0.8610456731 0.3827524038 0.2779086538 0.4631009615 0.7487644231 0.3268269231 2 0.8866322115 0.5978173077 2 1 0.1694254808 2 0 0 0 0 0 0 0 0 0
3 0.8224158654 0.365625 0.3551682692 0.4850480769 0.6715144231 0.3206826923 2 0.8014807692 0.5907956731 2 0.9831971154 0.1395793269 2 0 0 0 0 0 0 0 0 0
3 0.7925721154 0.3743990385 0.4148557692 0.5184134615 0.6118197115 0.3461394231 2 0.7119399038 0.6232764423 2 0.9893413462 0.1387019231 2 0 0 0 0 0 0 0 0 0
3 0.7012740385 0.4218028846 0.4148557692 0.5184134615 0.5205240385 0.3935432692 2 0.6074735577 0.6662908654 2 0.8278173077 0.2168293269 2 0 0 0 0 0 0 0 0 0
3 0.7100721154 0.480625 0.3569230769 0.4745192308 0.5582716346 0.4304134615 2 0.6364447115 0.7040384615 2 0.8655649038 0.2536995192 2 0 0 0 0 0 0 0 0 0
3 0.2219711538 0.8996754808 0.2878846154 0.1984375 0.2256081731 0.9840745192 2 0.0886634615 0.8234278846 2 0.35553125 0.8093798077 2 0 0 0 0 0 0 0 0 0
3 0.2233052885 0.9226081731 0.2957932692 0.1547836538 0 0 0 0.0912980769 0.8638076923 2 0.3528966346 0.8541514423 2 0 0 0 0 0 0 0 0 0
3 0.5481129808 0.8813581731 0.1834375 0.1547836538 0.4915985577 0.9875865385 2 0.3599206731 0.8225480769 1 0.6215216346 0.8128918269 2 0 0 0 0 0 0 0 0 0
3 0.5358052885 0.8111418269 0.1465625 0.1442548077 0.4608725962 0.9120889423 2 0.3291947115 0.7470528846 1 0.5907956731 0.7373966346 2 0 0 0 0 0 0 0 0 0
3 0.8200721154 0.8765144231 0.3037019231 0.1872596154 0.8236850962 0.9594927885 2 0.6920072115 0.7944567308 1 0.9316610577 0.8006033654 2 0 0 0 0 0 0 0 0 0
3 0.6600240385 0.8036778846 0.3037019231 0.2171153846 0.6636586538 0.7048918269 1 0.5319807692 0.8699278846 1 0.7716346154 0.8637836538 2 0 0 0 0 0 0 0 0 0
3 0.6920793269 0.8883653846 0.2852644231 0.2144711538 0.6864831731 0.7909206731 2 0.5548028846 0.9559567308 1 0.7944567308 0.9498125 2 0 0 0 0 0 0 0 0 0
3 0.8277163462 0.9221754808 0.3037019231 0.1556490385 0 0 0 0.6996490385 0.85590625 1 0.9393028846 0.8620528846 2 0 0 0 0 0 0 0 0 0
3 0.7787980769 0.8264903846 0.3037019231 0.1872596154 0.7824254808 0.9094567308 1 0.6507475962 0.7444206731 1 0.8904014423 0.7505649038 2 0 0 0 0 0 0 0 0 0
3 0.6723317308 0.9428125 0.3037019231 0.1126442308 0.6759471154 0.8962644231 2 0 0 0 0 0 0 0 0 0 0 0 0 0 0 0
