1 0.1733203125 0.7298359375 0.190109375 0.361984375 0.1701578125 0.5562140625 2 0.08141875 0.5598734375 2 0.2659734375 0.5534078125 2 0.1811359375 0.9001890625 2 0 0 0 0 0 0
1 0.178859375 0.7364375 0.189375 0.35678125 0.1765609375 0.9038484375 2 0.0865515625 0.9103296875 2 0.2625546875 0.8965296875 2 0.158265625 0.5598734375 2 0 0 0 0 0 0
1 0.2858828125 0.720421875 0.187546875 0.355875 0.28268125 0.883721875 2 0.37325 0.87731875 2 0.19394375 0.891040625 2 0.268959375 0.5461515625 2 0 0 0 0 0 0
1 0.3718828125 0.715859375 0.191203125 0.35953125 0.3705046875 0.54340625 2 0.2808515625 0.5498109375 2 0.465065625 0.5406203125 2 0.3814828125 0.891040625 2 0 0 0 0 0 0
1 0.393375 0.7378125 0.18296875 0.36684375 0.3961203125 0.9093375 2 0.30738125 0.912996875 2 0.480284375 0.90201875 2 0.3833125 0.55804375 2 0 0 0 0 0 0
1 0.602875 0.77759375 0.21040625 0.3805625 0.6047 0.5955515625 2 0.5031546875 0.5964671875 2 0.7035015625 0.59738125 2 0.60166875 0.9630890625 2 0 0 0 0 0 0
1 0.584109375 0.7968203125 0.1966875 0.384234375 0.5854890625 0.9797796875 2 0.4848578125 0.9788640625 2 0.6778859375 0.98069375 2 0.5854890625 0.6065296875 2 0 0 0 0 0 0
1 0.825171875 0.809671875 0.2140625 0.38065625 0.8224296875 0.630315625 2 0.7227125 0.6321453125 2 0.92671875 0.6312296875 2 0.8239515625 0.9952015625 2 0 0 0 0 0 0
1 0.7094453125 0.791328125 0.194859375 0.37690625 0.708990625 0.973375 2 0.8044203125 0.975028125 2 0.614475 0.975028125 2 0.7105609375 0.607621875 2 0 0 0 0 0 0
1 0.807171875 0.2848359375 0.20321875 0.400734375 0.8059046875 0.0958953125 2 0.710009375 0.093990625 2 0.9049765625 0.0952609375 2 0.7963796875 0.4801140625 2 0 0 0 0 0 0
1 0.81575 0.302921875 0.1975 0.39246875 0.812890625 0.492815625 2 0.7201703125 0.490275 2 0.9119625 0.490909375 2 0.8224171875 0.1073265625 2 0 0 0 0 0 0
1 0.688734375 0.28196875 0.19496875 0.38865625 0.687146875 0.466778125 2 0.59315625 0.4604265625 2 0.783678125 0.4686828125 2 0.6960375 0.0920859375 2 0 0 0 0 0 0
1 0.5909375 0.27753125 0.19496875 0.40390625 0.59315625 0.0851 2 0.4959078125 0.0806640625 2 0.6865125 0.094625 2 0.58363125 0.473128125 2 0 0 0 0 0 0
1 0.5680625 0.2876796875 0.1975 0.391203125 0.567753125 0.47249375 2 0.4712234375 0.4636015625 2 0.661109375 0.4769390625 2 0.5779140625 0.0984359375 2 0 0 0 0 0 0
1 0.3858125 0.21846875 0.173375 0.339125 0.3829484375 0.376596875 2 0.30229375 0.3829484375 2 0.4712234375 0.370246875 2 0.3721515625 0.048265625 2 0 0 0 0 0 0
1 0.2721328125 0.2152890625 0.174640625 0.337859375 0.268 0.3759625 2 0.1860765625 0.376596875 2 0.356275 0.3753265625 2 0.25339375 0.0469953125 2 0 0 0 0 0 0
1 0.1698828125 0.23021875 0.172109375 0.35628125 0.170834375 0.39565 2 0.0870046875 0.3969203125 2 0.2521234375 0.3943796875 2 0.1460671875 0.05398125 2 0 0 0 0 0 0
1 0.1775078125 0.2108515625 0.207671875 0.350578125 0.16511875 0.0406703125 2 0.0762859375 0.0399828125 2 0.244503125 0.042575 2 0.176315625 0.3817296875 2 0 0 0 0 0 0
