1 0.1482555781 0.8939503205 0.2313590264 0.1605929487 0.1482454361 0.9618269231 2 0.0415537525 0.9565032051 2 0.2549350913 0.9662628205 2 0.1549837728 0.8198589744 2 0 0 0 0 0 0
1 0.4211561866 0.9103685897 0.2335902637 0.1597115385 0.4233955375 0.9777980769 2 0.3077200811 0.972474359 2 0.5312109533 0.9831217949 2 0.4413651116 0.8331682692 2 0 0 0 0 0 0
1 0.4262068966 0.8943990385 0.2369574037 0.1561698718 0.4245192698 0.8269583333 2 0.3099655172 0.8225208333 2 0.5401947262 0.8287323718 2 0.4031805274 0.9689246795 2 0 0 0 0 0 0
1 0.1774543611 0.8806490385 0.2291075051 0.1535096154 0.1763204868 0.8145352564 2 0.0662616633 0.8118733974 2 0.2886267748 0.8189727564 2 0.1662129817 0.9520657051 2 0 0 0 0 0 0
1 0.2807606491 0.8917307692 0.2223732252 0.1703525641 0.2830121704 0.9609391026 2 0.1729513185 0.9582772436 2 0.3874584178 0.965375 2 0.2976125761 0.8118733974 2 0 0 0 0 0 0
1 0.1775862069 0.7116266026 0.2313590264 0.1756891026 0.1775821501 0.7870496795 2 0.0708904665 0.7817259615 2 0.2842738337 0.7914855769 2 0.1886754564 0.6273173077 2 0 0 0 0 0 0
1 0.4712576065 0.7107371795 0.2369574037 0.1703525641 0.4695780933 0.6362099359 2 0.3550263692 0.6317724359 2 0.5852555781 0.6379839744 2 0.4447342799 0.7896907051 2 0 0 0 0 0 0
1 0.460040568 0.7267067308 0.2414604462 0.1774519231 0.4662089249 0.8030208333 2 0.3505334686 0.7976971154 2 0.5740243408 0.8083445513 2 0.4885334686 0.642400641 2 0 0 0 0 0 0
1 0.2090365112 0.6975240385 0.2291075051 0.1756891026 0.2079046653 0.6203269231 2 0.0978438134 0.6176650641 2 0.3202109533 0.6247644231 2 0.1920446247 0.7781570513 2 0 0 0 0 0 0
1 0.3157302231 0.7107371795 0.2223732252 0.1703525641 0.3189513185 0.7817051282 2 0.2079046653 0.7772900641 2 0.4233955375 0.7861426282 2 0.3325638945 0.6308862179 2 0 0 0 0 0 0
1 0.2338742394 0.5106570513 0.2493306288 0.1872115385 0.2327505071 0.5918445513 2 0.1145517241 0.588275641 2 0.3515192698 0.595375 2 0.2493204868 0.4223525641 2 0 0 0 0 0 0
1 0.5359736308 0.5368269231 0.2538133874 0.1597115385 0.5382231237 0.6042676282 2 0.4121643002 0.6006987179 2 0.6569939148 0.6060224359 2 0.5649026369 0.4294503205 2 0 0 0 0 0 0
1 0.5432860041 0.5053285256 0.2594320487 0.1889903846 0.5415922921 0.4214839744 2 0.427040568 0.4170480769 2 0.6572677485 0.4232596154 2 0.5177342799 0.592713141 2 0 0 0 0 0 0
1 0.2686815416 0.4977884615 0.2560649087 0.1845512821 0.2686876268 0.4161602564 2 0.1482454361 0.4134791667 2 0.3919492901 0.4179150641 2 0.2526896552 0.5847259615 2 0 0 0 0 0 0
1 0.3810040568 0.5097676282 0.2223732252 0.1943108974 0.3832413793 0.5909567308 2 0.2731805274 0.5882948718 2 0.4876855984 0.5953942308 2 0.4043042596 0.4170288462 2 0 0 0 0 0 0
1 0.4749087221 0.2889342949 0.2661663286 0.2085096154 0.4773022312 0.3850849359 2 0.594515213 0.3869887821 2 0.3459046653 0.3824230769 2 0.5087484787 0.1881057692 2 0 0 0 0 0 0
1 0.3334077079 0.2738621795 0.2729006085 0.2191666667 0.3324279919 0.3655657051 2 0.4604563895 0.376213141 2 0.2077667343 0.3584663462 2 0.3986876268 0.1730224359 2 0 0 0 0 0 0
1 0.4670385396 0.2623237179 0.2729006085 0.2191666667 0.468020284 0.1706169872 2 0.3414117647 0.1561634615 2 0.5941014199 0.1854439103 2 0.3649959432 0.3655657051 2 0 0 0 0 0 0
1 0.1806693712 0.2725320513 0.2661663286 0.2324679487 0.1808133874 0.3602419872 2 0.3009817444 0.381536859 2 0.0595233266 0.3398333333 2 0.2897505071 0.1730224359 2 0 0 0 0 0 0
