2 0.7674671053 0.5001388889 0.0473355263 0.0265 0.7693141447 0.488412963 2 0.79078125 0.488412963 2 0.7471430921 0.488412963 2 0.7686101974 0.5121981481 2 0.789375 0.512 2 0.7467911184 0.5121981481 2
2 0.7936924342 0.5030509259 0.0469901316 0.0265092593 0.7932450658 0.5149731481 2 0.8150657895 0.5153694444 2 0.7710740132 0.5149731481 2 0.7943009868 0.4913861111 2 0.8171759868 0.4915842593 2 0.7714259868 0.4913861111 2
2 0.8176973684 0.5009814815 0.0453947368 0.0275925926 0.8182319079 0.4894046296 2 0.8393486842 0.4898009259 2 0.7978207237 0.4888092593 2 0.8154177632 0.5125944444 2 0.8375888158 0.5135861111 2 0.7957088816 0.5121981481 2
2 0.8415542763 0.5051805556 0.0434703947 0.0260092593 0.8418108553 0.5167574074 2 0.8611677632 0.5169555556 2 0.8210476974 0.5167574074 2 0.8414588816 0.4935666667 2 0.8625756579 0.4933685185 2 0.8206957237 0.4929722222 2
2 0.7638569079 0.5252453704 0.0475164474 0.0261018519 0.7643881579 0.5365777778 2 0.7876151316 0.5371722222 2 0.7415115132 0.5369740741 2 0.7661463816 0.513387037 2 0.7865592105 0.5135861111 1 0.7425674342 0.5129907407 2
2 0.8125986842 0.5264907407 0.0457565789 0.0254074074 0.8118980263 0.5373703704 2 0.8330131579 0.538362037 2 0.7925411184 0.5375685185 2 0.8161200658 0.5145768519 1 0.8340690789 0.514775 1 0.7957088816 0.5141805556 1
2 0.6507154605 0.4963703704 0.0450493421 0.0272962963 0.6514177632 0.485637963 2 0.6725345395 0.4862333333 2 0.6299506579 0.4850435185 2 0.6489555921 0.5090268519 2 0.6721825658 0.5090268519 2 0.6288947368 0.5086305556 2
2 0.6746381579 0.4943425926 0.0464473684 0.0273888889 0.6742944079 0.4826648148 2 0.6968174342 0.4834583333 2 0.6528256579 0.4822685185 2 0.6721825658 0.5062518519 2 0.6950575658 0.5066481481 2 0.6521217105 0.5058555556 2
2 0.6985690789 0.4982962963 0.0478618421 0.0253148148 0.6971694079 0.5096212963 2 0.7189884868 0.5094231481 2 0.6757023026 0.509225 2 0.6982253289 0.4872240741 2 0.7200444079 0.4880166667 2 0.67640625 0.4866296296 2
2 0.7223273026 0.4959212963 0.0446875 0.0276944444 0.7186365132 0.5084324074 2 0.7393996711 0.5086305556 2 0.7003371711 0.507837963 2 0.7225082237 0.4844490741 2 0.7439753289 0.485637963 2 0.7013930921 0.4836564815 2
2 0.6480674342 0.5232685185 0.0482072368 0.0276851852 0.6475476974 0.5347944444 2 0.6690148026 0.5359833333 2 0.6236167763 0.5343972222 2 0.6496595395 0.5110092593 2 0.6711266447 0.5118018519 2 0.6264309211 0.5104138889 2
2 0.6718256579 0.5204953704 0.0464473684 0.0261018519 0.6704226974 0.5320194444 2 0.6493075658 0.5316231481 2 0.6915378289 0.532812037 2 0.6714786184 0.5088287037 1 0.6503634868 0.5084324074 1 0.6947055921 0.509225 2
2 0.6940871711 0.5240601852 0.0466282895 0.0261018519 0.6932976974 0.5363796296 2 0.6707746711 0.5365777778 2 0.7137088816 0.5361814815 2 0.6954095395 0.5121981481 2 0.6718305921 0.5118018519 2 0.7175805921 0.5127925926 2
2 0.7177631579 0.5224768519 0.0468092105 0.0280833333 0.7158207237 0.5332083333 2 0.6947055921 0.5322175926 2 0.7376414474 0.5345962963 2 0.7193404605 0.5096212963 2 0.6961134868 0.509225 2 0.7411595395 0.5102166667 2
2 0.5311430921 0.4942407407 0.0455756579 0.0265925926 0.533875 0.4831518519 2 0.5528782895 0.4837462963 2 0.5127582237 0.4823583333 2 0.5310592105 0.5061435185 2 0.5525263158 0.5059453704 2 0.5088881579 0.5057472222 2
2 0.5560526316 0.4919583333 0.0457565789 0.0279722222 0.55675 0.4801787037 2 0.5789210526 0.480575 2 0.5356348684 0.4797824074 2 0.5542861842 0.504162037 2 0.5754013158 0.5045583333 2 0.5331710526 0.5037657407 2
2 0.5799753289 0.4946296296 0.0450493421 0.025 0.5813848684 0.484737037 2 0.6014440789 0.4849351852 2 0.5606217105 0.4843407407 2 0.5792730263 0.5051527778 2 0.6007401316 0.5053509259 2 0.5581578947 0.5051527778 1
2 0.6049671053 0.4942824074 0.0443421053 0.0284722222 0.6049638158 0.4829537037 2 0.6271348684 0.4837462963 2 0.5856085526 0.481962037 2 0.6014440789 0.5071351852 2 0.6229128289 0.5075314815 2 0.5845526316 0.5069361111 2
2 0.5281825658 0.5202268519 0.0443914474 0.0269166667 0.5300871711 0.508862037 2 0.5495328947 0.5090398148 2 0.509375 0.5083861111 2 0.5273404605 0.531837037 2 0.5491101974 0.5323722222 2 0.5064161184 0.5314796296 2
2 0.5528700658 0.51775 0.0449177632 0.0262592593 0.5535493421 0.5062435185 2 0.5746842105 0.5061240741 2 0.5322006579 0.5062435185 2 0.5522796053 0.529575 2 0.5746842105 0.5296935185 2 0.5305098684 0.5292175926 2
2 0.5775411184 0.5206388889 0.0454440789 0.0273888889 0.5772203947 0.5082666667 2 0.6006809211 0.5086240741 2 0.5577763158 0.5080287037 2 0.5753190789 0.5333842593 2 0.5964539474 0.5336222222 2 0.5556628289 0.5332648148 2
2 0.6009950658 0.5203148148 0.0454440789 0.0270925926 0.6027960526 0.5077907407 2 0.6235082237 0.5081481481 2 0.5789111842 0.5077907407 2 0.5994128289 0.5312416667 2 0.6207615132 0.532075 2 0.5782779605 0.5307648148 2
2 0.4838980263 0.4952731481 0.0433223684 0.0262685185 0.4838009868 0.484237037 2 0.5036677632 0.484237037 2 0.4639325658 0.4838796296 2 0.4825328947 0.5072111111 2 0.5034572368 0.5072111111 2 0.4620296053 0.5068537037 2
2 0.4608141447 0.4911296296 0.0434375 0.0262037037 0.4616069079 0.4795944444 2 0.4821101974 0.4800703704 2 0.4416348684 0.4793564815 2 0.4603388158 0.5028064815 2 0.4804177632 0.5032824074 2 0.4397319079 0.502687963 2
2 0.4364638158 0.4938101852 0.0441776316 0.0251388889 0.4382516447 0.4830462963 2 0.4581200658 0.4832842593 2 0.4209210526 0.4826898148 2 0.4365608553 0.505187963 2 0.4570625 0.5053064815 2 0.4154259868 0.50495 2
2 0.4136266447 0.4893518519 0.0429111842 0.0262037037 0.4150032895 0.4788805556 2 0.4348700658 0.4791185185 2 0.3951348684 0.4786425926 2 0.4139457237 0.5016166667 2 0.4344473684 0.5016166667 2 0.3930213816 0.5014972222 2
2 0.4583223684 0.5159490741 0.0422697368 0.0258611111 0.4587549342 0.5041166667 2 0.4794671053 0.5043546296 2 0.4397319079 0.5038787037 2 0.4574851974 0.5270907407 2 0.4784111842 0.5276861111 2 0.4369835526 0.5267342593 2
2 0.4324424342 0.5182037037 0.0475493421 0.0238888889 0.4323338816 0.5287574074 2 0.4543157895 0.5291148148 2 0.40971875 0.5287574074 2 0.4336019737 0.507687963 2 0.4555838816 0.5078064815 2 0.4139457237 0.5070925926 2
2 0.4103536184 0.5144583333 0.0439638158 0.0264537037 0.4109868421 0.502687963 1 0.4323338816 0.5025694444 1 0.3906973684 0.50245 2 0.4103536184 0.525662963 2 0.429375 0.525662963 2 0.3892171053 0.5253055556 2
2 0.2969078947 0.4874722222 0.0421710526 0.0256666667 0.2974868421 0.4759046296 2 0.3175674342 0.4759046296 2 0.2765625 0.4759046296 2 0.2970641447 0.4989981481 2 0.3184128289 0.4989981481 2 0.2763519737 0.4989981481 2
2 0.3200493421 0.4912268519 0.0427960526 0.0260277778 0.3205263158 0.4795944444 2 0.3410279605 0.4795944444 2 0.2991776316 0.4793564815 2 0.3205263158 0.5030453704 2 0.3410279605 0.5030453704 2 0.2991776316 0.5030453704 2
2 0.3446217105 0.4876574074 0.043125 0.0253148148 0.3446200658 0.4768564815 2 0.3659671053 0.4769759259 2 0.3236957237 0.4765 2 0.3446200658 0.4991166667 2 0.3642763158 0.4993546296 2 0.3230625 0.4989981481 2
2 0.3679851974 0.491787037 0.0429111842 0.0253703704 0.3676578947 0.4804277778 2 0.3883717105 0.4806657407 2 0.3463108553 0.4805472222 2 0.3676578947 0.5036407407 2 0.3887944079 0.5036407407 2 0.3488470395 0.5037592593 2
2 0.3672861842 0.5167777778 0.0421710526 0.0246666667 0.3666019737 0.5056638889 2 0.3879490132 0.5056638889 2 0.3465230263 0.5056638889 2 0.3659671053 0.5280435185 2 0.3871036184 0.5278055556 2 0.3469457237 0.528162037 1
2 0.34265625 0.5130648148 0.0415296053 0.0254444444 0.3437746711 0.5014972222 2 0.3632203947 0.5017361111 2 0.3217944079 0.5013787037 2 0.3433519737 0.5247101852 2 0.3632203947 0.5248296296 2 0.3220049342 0.5244722222 2
2 0.3190460526 0.5163611111 0.0426973684 0.0252592593 0.31946875 0.50495 2 0.3399703947 0.5050685185 2 0.2976990132 0.5048305556 2 0.3192565789 0.528162037 2 0.3395476974 0.528162037 2 0.3002351974 0.5280435185 2
2 0.2942105263 0.5123425926 0.04375 0.0247222222 0.2947401316 0.5011407407 2 0.315875 0.5012592593 2 0.2744490132 0.5009027778 2 0.2947401316 0.5237583333 2 0.3160871711 0.5236388889 2 0.2729703947 0.5237583333 2
2 0.2483388158 0.4869074074 0.0433223684 0.0253703704 0.2501430921 0.4754277778 2 0.2697993421 0.4757851852 2 0.2283733553 0.4751898148 2 0.2486644737 0.4985222222 2 0.2687417763 0.4987601852 2 0.2273157895 0.4982833333 2
2 0.2251973684 0.4890462963 0.0452302632 0.027037037 0.2264703947 0.4781657407 2 0.2476069079 0.4784046296 2 0.2064967105 0.4778092593 2 0.2255197368 0.5014981481 2 0.2470789474 0.5018546296 2 0.2024819079 0.5013787037 2
2 0.2035444079 0.4848842593 0.0443914474 0.0258425926 0.2045953947 0.4735240741 2 0.2253092105 0.4736425926 2 0.1828256579 0.4732861111 2 0.2024819079 0.4964981481 2 0.2217154605 0.4969740741 2 0.1821907895 0.4963796296 2
2 0.1810361842 0.4886990741 0.04375 0.0256203704 0.1811348684 0.4771027778 2 0.1599983553 0.4769842593 2 0.2012138158 0.4771027778 2 0.1788092105 0.5005537037 2 0.1597878289 0.5003157407 2 0.1986776316 0.5005537037 2
2 0.1757976974 0.5135972222 0.0444901316 0.0243796296 0.1762730263 0.5023398148 2 0.1976200658 0.5022203704 2 0.1545032895 0.5021018519 2 0.1745822368 0.5250759259 2 0.1961414474 0.5251953704 2 0.1538684211 0.5251953704 2
2 0.2006907895 0.5103564815 0.0462828947 0.0261018519 0.2018470395 0.4987685185 2 0.2212927632 0.4987685185 2 0.1836710526 0.4985305556 2 0.2007911184 0.5219805556 2 0.2193898026 0.5224574074 2 0.1807121711 0.521862037 2
2 0.2235115132 0.5144305556 0.0450164474 0.0246574074 0.2221381579 0.5255518519 2 0.2449654605 0.5256712963 2 0.2018470395 0.5257898148 2 0.22340625 0.5029342593 2 0.2455986842 0.5030537037 2 0.2022697368 0.5028157407 2
2 0.2471792763 0.5120138889 0.0445888158 0.0255462963 0.2472894737 0.5230518519 2 0.2265773026 0.5231712963 2 0.2682138158 0.5235287037 2 0.2485575658 0.4999583333 2 0.2261546053 0.4999583333 2 0.2694819079 0.5003157407 2
2 0.1956907895 0.3919583333 0.0452960526 0.0261759259 0.1970016447 0.3805092593 2 0.2181019737 0.3811555556 2 0.1749851974 0.3801222222 2 0.1940213816 0.403887963 2 0.2167253289 0.4041462963 2 0.1740690789 0.403887963 2
2 0.2184457237 0.388662037 0.0447203947 0.025787037 0.2208536184 0.3774092593 2 0.2403470395 0.3776675926 2 0.1990657895 0.3771509259 2 0.2187894737 0.4001425926 2 0.2396595395 0.4004009259 2 0.1965427632 0.3997555556 2
2 0.2447121711 0.3941203704 0.0449506579 0.0262407407 0.2449342105 0.3829638889 2 0.2664917763 0.3833509259 2 0.2229177632 0.3824472222 2 0.2444753289 0.4060842593 2 0.2655740132 0.4063425926 2 0.2229177632 0.4060842593 2
2 0.2431003289 0.4199861111 0.0458717105 0.0256759259 0.2435575658 0.4089259259 2 0.2655740132 0.4091842593 2 0.2233766447 0.4086675926 2 0.2435575658 0.4320462963 2 0.2630509868 0.4321759259 2 0.2222286184 0.4320462963 2
2 0.2185032895 0.4145925926 0.0441447368 0.0253518519 0.2190180921 0.4029842593 2 0.2394292763 0.403112963 2 0.1976907895 0.4029842593 2 0.2176430921 0.4261046296 2 0.2382828947 0.426362963 2 0.1967730263 0.425587963 2
2 0.1925246711 0.4179490741 0.0456414474 0.0266388889 0.1944786184 0.4056962963 2 0.2151200658 0.4060842593 2 0.1729210526 0.4056962963 2 0.1931036184 0.4297212963 2 0.2135148026 0.4301092593 2 0.1708569079 0.4292046296 2
2 0.1921957237 0.4439675926 0.0458717105 0.0260092593 0.1933322368 0.4320462963 2 0.2144325658 0.4321759259 2 0.1726924342 0.4316592593 2 0.1917269737 0.4549083333 2 0.2128273026 0.4556833333 2 0.1703996711 0.4543916667 2
2 0.2163322368 0.4397453704 0.0452960526 0.0272314815 0.2171842105 0.4275259259 2 0.2382828947 0.4277842593 2 0.1947088816 0.4272675926 2 0.2153486842 0.4516796296 2 0.2369078947 0.451937963 2 0.19425 0.4512916667 2
2 0.2410444079 0.4457731481 0.0463322368 0.0269351852 0.2414934211 0.4576212963 2 0.2185608553 0.456975 2 0.2619046053 0.4578796296 2 0.2417236842 0.4335962963 2 0.2201661184 0.4335962963 2 0.2637401316 0.4338546296 2
2 0.2755016447 0.4432546296 0.0496546053 0.0281018519 0.2749769737 0.4549083333 2 0.2515855263 0.4541333333 2 0.2974523026 0.455812963 2 0.2772713816 0.431012963 2 0.2557138158 0.4303675926 2 0.2995164474 0.4311425926 2
2 0.2783552632 0.4158194444 0.0510197368 0.0285833333 0.2793355263 0.403112963 2 0.303875 0.4036296296 2 0.2568601974 0.4028546296 2 0.2770411184 0.4280425926 2 0.3006628289 0.428687963 2 0.2543371711 0.4273962963 2
2 0.2810526316 0.3881157407 0.0488486842 0.0281759259 0.2827746711 0.3766342593 2 0.3045625 0.3772805556 2 0.2609868421 0.3757305556 2 0.2797927632 0.4010462963 2 0.3045625 0.4009175926 2 0.2584654605 0.400787963 2
2 0.3084539474 0.385662037 0.0486184211 0.0279166667 0.3084605263 0.3735342593 2 0.3320822368 0.3739222222 2 0.2875904605 0.3734055556 2 0.3070855263 0.3982055556 2 0.3286430921 0.3985925926 2 0.2843799342 0.3979472222 2
2 0.3050246711 0.4124583333 0.0463322368 0.0265092593 0.3057088816 0.4004009259 2 0.2850674342 0.4002712963 1 0.3277253289 0.4004009259 2 0.3043322368 0.4246842593 2 0.2820871711 0.4245546296 2 0.3270378289 0.4250712963 2
2 0.30359375 0.4394861111 0.0491940789 0.0274907407 0.3041036184 0.4268796296 2 0.3279539474 0.4270092593 1 0.2827746711 0.4268796296 1 0.3029572368 0.4518083333 2 0.3252023026 0.4521962963 2 0.2791052632 0.451937963 2
2 0.3283470395 0.4451574074 0.0478125 0.027 0.3277253289 0.4568462963 2 0.3504292763 0.4571046296 2 0.3059375 0.4567166667 2 0.3286430921 0.4326925926 2 0.3518059211 0.4328212963 2 0.3080016447 0.4324342593 2
2 0.3322615132 0.417787037 0.0503453947 0.0267592593 0.3304769737 0.4301092593 2 0.3077730263 0.4301092593 2 0.3531825658 0.4303675926 2 0.3323125 0.4058259259 2 0.3105246711 0.4055675926 2 0.3577680921 0.4059546296 2
2 0.3335115132 0.3903148148 0.0478125 0.0279259259 0.333 0.3780555556 2 0.3105246711 0.3779259259 2 0.3566217105 0.3781842593 2 0.3320822368 0.4029842593 2 0.3107549342 0.4027259259 2 0.3547878289 0.4032425926 2
2 0.4042105263 0.3917361111 0.0474671053 0.0280462963 0.4045542763 0.379925 2 0.4270296053 0.3801833333 2 0.3832253289 0.3797953704 2 0.4029490132 0.4042083333 2 0.4242763158 0.4044666667 2 0.3807023026 0.40395 2
2 0.4307072368 0.3888287037 0.0495394737 0.0284351852 0.4316167763 0.376825 2 0.4543207237 0.377212037 2 0.4100575658 0.37605 2 0.4293223684 0.4014953704 2 0.4511101974 0.401625 2 0.4059292763 0.4009787037 2
2 0.4553453947 0.3939027778 0.0479276316 0.0273425926 0.4554671053 0.381862037 2 0.4790888158 0.3821203704 2 0.4332220395 0.3817333333 2 0.4540904605 0.4065333333 2 0.4770246711 0.406662037 2 0.4329917763 0.4064037037 2
2 0.3997368421 0.4189861111 0.0481578947 0.0275462963 0.3997384868 0.406662037 2 0.4231299342 0.4069203704 2 0.3779506579 0.406275 2 0.3979029605 0.4313324074 2 0.4212960526 0.4319787037 2 0.3761151316 0.4310740741 2
2 0.4273108553 0.4160092593 0.0475822368 0.0277962963 0.4281759868 0.4033037037 2 0.4511101974 0.4034333333 2 0.4063881579 0.403175 2 0.4261118421 0.4278453704 2 0.4485871711 0.4288787037 2 0.4036365132 0.427587037 2
2 0.4527220395 0.4211064815 0.0467927632 0.0263055556 0.4522565789 0.4332703704 2 0.4740444079 0.4336574074 2 0.4293223684 0.4332703704 2 0.4527154605 0.4091166667 2 0.4754194079 0.4095037037 2 0.4316167763 0.408987037 2
2 0.3989309211 0.4471898148 0.0479276316 0.0275833333 0.3979029605 0.4588453704 2 0.4203782895 0.4591037037 2 0.37496875 0.4584574074 2 0.3997384868 0.434562037 2 0.4231299342 0.4348203704 2 0.3786381579 0.4343037037 2
2 0.4232976974 0.4428101852 0.0471217105 0.0294907407 0.4245065789 0.4301703704 1 0.4043240132 0.4295240741 1 0.4462927632 0.4304287037 1 0.4229013158 0.4550990741 2 0.4011134868 0.454712037 2 0.4456052632 0.4558740741 2
2 0.4477796053 0.4483611111 0.0470065789 0.0274259259 0.4474407895 0.4359824074 2 0.4254243421 0.4359824074 2 0.4710625 0.4358537037 2 0.4472105263 0.4600074074 2 0.4247351974 0.4603944444 2 0.4708322368 0.460137037 2
2 0.4988240132 0.4503287037 0.0467927632 0.0278796296 0.4985822368 0.4383074074 2 0.5222039474 0.4388240741 2 0.4790888158 0.4379203704 2 0.4976661184 0.462462037 2 0.5194523026 0.4625907407 2 0.4754194079 0.462462037 2
2 0.5023684211 0.4233425926 0.0483881579 0.0273518519 0.5022516447 0.4116990741 2 0.5256447368 0.4122157407 2 0.4818404605 0.4111824074 2 0.5004177632 0.4355953704 2 0.5240394737 0.4357240741 2 0.4788601974 0.4354657407 2
2 0.5106825658 0.3964861111 0.0478125 0.0278611111 0.5118848684 0.3844453704 2 0.5341299342 0.3850916667 2 0.4912434211 0.384187037 2 0.5093618421 0.4087287037 2 0.5318371711 0.4091166667 2 0.4880328947 0.4086 2
2 0.5369901316 0.3938611111 0.0474671053 0.0268888889 0.5368832237 0.3819953704 2 0.5602746711 0.382512037 2 0.5155542763 0.3816083333 2 0.5352779605 0.4061490741 2 0.5572927632 0.4064074074 2 0.5132598684 0.4058907407 2
2 0.5337828947 0.4203101852 0.0479276316 0.026712963 0.5334424342 0.408087037 2 0.5572927632 0.4083453704 2 0.5134901316 0.408087037 2 0.5320657895 0.4321111111 2 0.5561463816 0.4327574074 2 0.5100493421 0.4317240741 2
2 0.52265625 0.4464259259 0.0449506579 0.0274259259 0.5238108553 0.4342990741 2 0.5430740132 0.4345574074 1 0.5036282895 0.4342990741 2 0.5222039474 0.4587111111 2 0.5453684211 0.4590990741 2 0.5004177632 0.4581944444 2
2 0.5475493421 0.4518425926 0.0483881579 0.0274259259 0.5481200658 0.4399824074 2 0.5281677632 0.4395944444 2 0.5708240132 0.4404990741 2 0.5460559211 0.4636194444 2 0.5244983553 0.4633611111 2 0.5689901316 0.4637490741 2
2 0.5566118421 0.4258287037 0.0481578947 0.027287037 0.5572927632 0.413762037 2 0.5364243421 0.413762037 2 0.5804572368 0.4138907407 2 0.5559177632 0.4379157407 2 0.5345888158 0.4373990741 2 0.5786217105 0.4381740741 2
2 0.5603947368 0.399087963 0.0474671053 0.0272685185 0.5609621711 0.3868953704 2 0.5841266447 0.3872824074 2 0.5391759868 0.3865074074 2 0.5591282895 0.4115657407 2 0.5816036184 0.4116953704 2 0.5371118421 0.4115657407 2
2 0.6021875 0.4039351852 0.0450657895 0.0261111111 0.6036200658 0.3923203704 2 0.6242598684 0.392837037 2 0.5825213816 0.3916740741 2 0.6017845395 0.4159574074 2 0.6219671053 0.4162157407 2 0.5799983553 0.4156990741 2
2 0.5996546053 0.4288611111 0.0441447368 0.0256111111 0.6001792763 0.4173787037 2 0.6215082237 0.4177657407 2 0.5797680921 0.416862037 2 0.5988042763 0.4406277778 2 0.6192154605 0.4408861111 2 0.5779342105 0.4403694444 2
2 0.5980016447 0.4546898148 0.0442598684 0.0261388889 0.5990328947 0.4425657407 2 0.6199029605 0.4429527778 2 0.5790805921 0.4425657407 2 0.5981151316 0.4660740741 2 0.6189851974 0.4663324074 2 0.5763289474 0.4660740741 2
2 0.6261513158 0.4008981481 0.0448355263 0.0262407407 0.6263240132 0.3892203704 2 0.6483404605 0.3896074074 2 0.6054539474 0.3890907407 2 0.6254078947 0.4128574074 2 0.6465065789 0.4132453704 2 0.6040789474 0.4125990741 2
2 0.6242516447 0.4264398148 0.0431085526 0.0250277778 0.6249490132 0.4149240741 2 0.6458190789 0.4151824074 2 0.6052253289 0.414537037 2 0.62471875 0.4380444444 2 0.6449013158 0.4381740741 2 0.6033914474 0.4379157407 2
2 0.6231167763 0.4515833333 0.0458717105 0.0261296296 0.6235723684 0.4398527778 2 0.6031611842 0.4394657407 2 0.6453601974 0.4399824074 2 0.62334375 0.4632324074 2 0.5999506579 0.4631027778 2 0.6446710526 0.4633611111 2
2 0.6461595395 0.4565277778 0.0456414474 0.0263333333 0.6471940789 0.4447611111 2 0.6685230263 0.4447611111 2 0.6270131579 0.4447611111 2 0.6465065789 0.4685277778 2 0.6673766447 0.4686574074 2 0.6242598684 0.4681407407 2
2 0.6490789474 0.4314768519 0.0439144737 0.0258055556 0.6497171053 0.4195740741 2 0.6708157895 0.4197037037 2 0.6279292763 0.4193157407 2 0.6485707237 0.4434694444 2 0.6694407895 0.4435990741 2 0.6270131579 0.4432111111 2
2 0.6499424342 0.405712963 0.0431085526 0.0254074074 0.6497171053 0.3942574074 2 0.6293059211 0.3941287037 2 0.6712746711 0.3945157407 2 0.6494884868 0.4175074074 2 0.6293059211 0.4175074074 2 0.6717335526 0.4175074074 2
2 0.7041858553 0.4069398148 0.0447203947 0.0263055556 0.7042993421 0.3954203704 2 0.7258585526 0.3956787037 2 0.6820542763 0.3949037037 2 0.7020065789 0.4186703704 2 0.7247105263 0.4189287037 2 0.6820542763 0.4185407407 2
2 0.7020723684 0.432662037 0.0466776316 0.02625 0.7038404605 0.4209953704 2 0.7253996711 0.4213824074 2 0.6818240132 0.420737037 2 0.7008601974 0.4442444444 2 0.7244819079 0.4443740741 2 0.6793026316 0.4441157407 2
2 0.6982319079 0.4587546296 0.0465625 0.0265277778 0.6999424342 0.4464407407 2 0.7208125 0.4468277778 2 0.6779259868 0.4461824074 2 0.6965016447 0.4704657407 2 0.7192072368 0.4707240741 2 0.6754029605 0.4703361111 2
2 0.7299835526 0.4029953704 0.0481578947 0.0269537037 0.7302154605 0.3915453704 2 0.7536069079 0.3921907407 2 0.7091151316 0.3910287037 2 0.7279210526 0.4150537037 2 0.7510855263 0.4158287037 2 0.7059046053 0.4147953704 2
2 0.7264309211 0.4290833333 0.0479276316 0.0264444444 0.7267746711 0.4169907407 2 0.7501677632 0.4172490741 2 0.7059046053 0.4169907407 2 0.7244819079 0.4406277778 2 0.7474161184 0.4411444444 2 0.7029243421 0.4406277778 2
2 0.7238404605 0.4553657407 0.0475822368 0.0263240741 0.7240230263 0.4434694444 2 0.7476447368 0.4439861111 2 0.7022351974 0.4429527778 2 0.7210411184 0.4662027778 2 0.7455805921 0.4665907407 2 0.6997138158 0.4659444444 2
2 0.7522779605 0.4083888889 0.0473519737 0.0262407407 0.7528042763 0.3967064815 2 0.77596875 0.3972240741 2 0.7319358553 0.3963194444 2 0.7516578947 0.4204731481 2 0.7727582237 0.4204731481 2 0.7291825658 0.4200861111 2
2 0.7501069079 0.4345416667 0.0471217105 0.0261203704 0.7507401316 0.4224111111 2 0.7734457237 0.4226694444 2 0.7298717105 0.4224111111 2 0.7493651316 0.4465648148 2 0.7706940789 0.4465648148 2 0.7271184211 0.4465648148 2
2 0.7455756579 0.46075 0.0470065789 0.0258703704 0.7470707237 0.4486314815 2 0.7686299342 0.4487601852 2 0.7268898026 0.4486314815 2 0.7450082237 0.4720101852 2 0.7665657895 0.4723981481 2 0.7220740132 0.4717518519 2
2 0.8025657895 0.4096481481 0.0495394737 0.0270740741 0.8046365132 0.3979990741 2 0.8268815789 0.3986444444 2 0.7833075658 0.3973527778 2 0.8014243421 0.4217648148 2 0.8225246711 0.4218944444 2 0.7807845395 0.4216361111 2
2 0.8306661184 0.4068101852 0.0465625 0.0260462963 0.83146875 0.3951564815 2 0.8530263158 0.3955444444 2 0.8101398026 0.3946407407 2 0.8298634868 0.4185361111 2 0.8525674342 0.4189231481 2 0.8080756579 0.4185361111 2
2 0.8253865132 0.4327916667 0.0442598684 0.0265092593 0.8252763158 0.4206027778 2 0.8470625 0.4211194444 2 0.80440625 0.4202148148 2 0.8241299342 0.4444981481 2 0.8470625 0.4450148148 2 0.8039473684 0.4443685185 2
2 0.7993585526 0.4355694444 0.0472368421 0.0258611111 0.8009671053 0.4237027778 2 0.8227532895 0.4239611111 2 0.7780328947 0.4237027778 2 0.7984440789 0.4468231481 2 0.8213766447 0.4470814815 2 0.7757384868 0.4468231481 2
2 0.7964967105 0.461462963 0.0497697368 0.0265185185 0.7989029605 0.4495351852 2 0.8209194079 0.4497935185 2 0.7775740132 0.4494064815 2 0.7977549342 0.4733018519 2 0.8188552632 0.4734314815 2 0.7729868421 0.4727851852 2
2 0.8228700658 0.4578796296 0.0461019737 0.0277407407 0.8229819079 0.4455314815 2 0.8459161184 0.4457898148 2 0.8032598684 0.4451435185 2 0.8213766447 0.4699435185 2 0.8433947368 0.4700731481 2 0.8000493421 0.4696851852 2
2 0.8447615132 0.4628796296 0.0431085526 0.0262592593 0.8445411184 0.4517314815 2 0.8651809211 0.4519898148 2 0.8264226974 0.4516027778 2 0.8438519737 0.4747231481 2 0.8651809211 0.4749814815 2 0.8232121711 0.4745935185 2
2 0.8494654605 0.4374722222 0.0456414474 0.0261851852 0.8507319079 0.4256398148 2 0.8699967105 0.4258981481 2 0.8291743421 0.4253814815 2 0.8500444079 0.4491481481 2 0.8716019737 0.4492768519 2 0.8271101974 0.4488898148 2
2 0.8519983553 0.4121296296 0.0456414474 0.025462963 0.8525674342 0.4008407407 2 0.8326151316 0.4007111111 2 0.8734375 0.4010990741 2 0.8511907895 0.4234444444 2 0.8303223684 0.4233148148 2 0.87275 0.4238314815 2
2 0.1998684211 0.3443472222 0.0465789474 0.0280092593 0.2004819079 0.332075 2 0.2225888158 0.3330324074 2 0.1813963816 0.3316490741 2 0.1965131579 0.3557 2 0.2180542763 0.3568712963 2 0.1768618421 0.3557 2
2 0.2222039474 0.3418287037 0.0462828947 0.0281944444 0.2251809211 0.3303212963 2 0.2440592105 0.3315601852 2 0.2039177632 0.3289796296 2 0.22078125 0.3536518519 2 0.2440592105 0.3549944444 2 0.1991513158 0.3526194444 2
2 0.2463240132 0.3466990741 0.0494572368 0.0291944444 0.2481825658 0.3341481481 2 0.2701052632 0.3356212963 2 0.2288766447 0.333587037 2 0.2431381579 0.3582083333 2 0.2648125 0.3598212963 2 0.2217154605 0.3568046296 2
2 0.2727138158 0.345912037 0.0518092105 0.0293055556 0.2743404605 0.3336231481 2 0.2977582237 0.3355175926 2 0.2537894737 0.3325712963 2 0.2689851974 0.357475 2 0.2907828947 0.3592990741 2 0.2486809211 0.3560018519 2
2 0.2040707237 0.3163564815 0.0453453947 0.0291759259 0.2052088816 0.3043194444 2 0.2267565789 0.3055425926 2 0.1823240132 0.3026268519 2 0.2022023026 0.3299092593 2 0.2250855263 0.3304731481 2 0.1813223684 0.3297212963 2
2 0.2107236842 0.291662037 0.0467763158 0.0283240741 0.2122236842 0.2798592593 2 0.2339391447 0.2816472222 2 0.1928470395 0.2787305556 2 0.2075476974 0.304037963 1 0.2282598684 0.3050722222 1 0.1871677632 0.3035675926 1
2 0.2351891447 0.2900231481 0.0499506579 0.027287037 0.2382828947 0.2786361111 2 0.2593289474 0.2799537037 2 0.2177368421 0.277037037 2 0.2326036184 0.3018740741 2 0.2511447368 0.3027203704 2 0.2102203947 0.3014972222 2
2 0.2290871711 0.3152037037 0.0507730263 0.0277222222 0.2287615132 0.3026268519 2 0.2538174342 0.304037963 2 0.2087171053 0.3023444444 2 0.2252532895 0.3265222222 2 0.2478042763 0.3280277778 2 0.2028700658 0.3256759259 2
2 0.2576644737 0.2940416667 0.0487828947 0.027712963 0.2604983553 0.2832462963 2 0.2818799342 0.2852222222 2 0.2402861842 0.2815527778 2 0.2553207237 0.3063898148 2 0.2767023026 0.3074240741 1 0.2351085526 0.3053546296 2
2 0.2526891447 0.3203055556 0.0433388158 0.0297407407 0.2563223684 0.3094 2 0.2736940789 0.3100583333 1 0.2357763158 0.3085537037 1 0.2516447368 0.3336722222 2 0.2713569079 0.334612963 2 0.2319342105 0.3332018519 2
2 0.2834292763 0.2939212963 0.0496875 0.0296388889 0.2853881579 0.2823055556 2 0.3072697368 0.2844694444 2 0.2633388158 0.2797657407 2 0.2795411184 0.3057314815 2 0.3002549342 0.3078944444 2 0.2588289474 0.3045083333 2
2 0.2775328947 0.3206296296 0.0497697368 0.0277222222 0.2745296053 0.3307555556 2 0.2529819079 0.329062037 2 0.2952434211 0.3332018519 2 0.2790394737 0.3083648148 2 0.2573256579 0.3078009259 2 0.3015904605 0.3097759259 2
2 0.3297861842 0.2986712963 0.0501973684 0.0271018519 0.3316578947 0.2871009259 2 0.354375 0.2877592593 2 0.3126151316 0.2858777778 2 0.3278157895 0.310337963 2 0.3468585526 0.3112787037 1 0.3055986842 0.3097740741 2
2 0.3254851974 0.3240787037 0.0469243421 0.0269537037 0.3254325658 0.3121768519 2 0.3485131579 0.3125490741 2 0.3038914474 0.3114342593 2 0.3230148026 0.3358231481 2 0.3447763158 0.336937037 2 0.3016940789 0.3347092593 2
2 0.3226398026 0.3508472222 0.0464967105 0.0273981481 0.3234555921 0.3385462963 2 0.3449967105 0.3389175926 2 0.3027927632 0.338175 2 0.3216957237 0.3624398148 2 0.3425789474 0.3629351852 2 0.2997154605 0.3615731481 2
2 0.3541200658 0.2970648148 0.0507730263 0.0289814815 0.3559868421 0.285312037 2 0.3790674342 0.2866740741 2 0.3362039474 0.2838268519 2 0.3518108553 0.3090824074 2 0.3737927632 0.3097009259 2 0.3289506579 0.308462963 2
2 0.3498273026 0.322875 0.0487993421 0.0271388889 0.3496134868 0.3104435185 2 0.3740115132 0.311062963 2 0.3291694079 0.3095777778 2 0.3471940789 0.3337185185 2 0.3691759868 0.3342138889 2 0.3254325658 0.3330990741 2
2 0.3465378289 0.3479953704 0.0452796053 0.0276388889 0.3469753289 0.3354518519 2 0.3682960526 0.335575 2 0.3258733553 0.3347092593 2 0.3467549342 0.3607064815 2 0.3691759868 0.3609546296 2 0.3256529605 0.3603351852 2
2 0.3700082237 0.3536064815 0.0436348684 0.0280833333 0.3711546053 0.3415175926 2 0.3918174342 0.342137037 2 0.35225 0.3411462963 2 0.3698355263 0.3649166667 2 0.3907171053 0.3654111111 2 0.3478536184 0.3646685185 2
2 0.3740707237 0.3265 0.0464967105 0.0295555556 0.3740115132 0.3145296296 2 0.3966529605 0.3149009259 2 0.3526907895 0.3140342593 2 0.3722532895 0.3399083333 2 0.3926957237 0.3405277778 2 0.3507121711 0.3399083333 2
2 0.3759868421 0.3012453704 0.0470394737 0.0258240741 0.3773092105 0.290387963 2 0.3995098684 0.2906361111 2 0.3584046053 0.2895212963 2 0.3753305921 0.3130435185 2 0.3981907895 0.3135388889 2 0.3542286184 0.3127962963 2
2 0.4017105263 0.3001296296 0.0457236842 0.0287962963 0.4021480263 0.2887787037 2 0.4234703947 0.2897694444 2 0.3823651316 0.2876648148 2 0.3986315789 0.3129203704 2 0.4192927632 0.3132916667 2 0.3797269737 0.312425 2
2 0.3977467105 0.3269907407 0.0457236842 0.0268333333 0.3979720395 0.315025 2 0.4201726974 0.3151481481 2 0.3757713816 0.3145296296 2 0.3946743421 0.338175 2 0.4159967105 0.3391657407 2 0.3755509868 0.3374324074 2
2 0.3941282895 0.3520185185 0.0490131579 0.0275185185 0.3948947368 0.3397842593 2 0.4170953947 0.3411462963 2 0.3731332237 0.3386703704 2 0.3924769737 0.3631833333 2 0.4140180921 0.3639259259 2 0.371375 0.3629351852 2
2 0.4445148026 0.2982685185 0.0469243421 0.0291666667 0.4455608553 0.2859925926 2 0.4679819079 0.286487037 2 0.4235805921 0.2853731481 2 0.4447911184 0.311062037 2 0.4645756579 0.3111851852 2 0.4217121711 0.3104425926 2
2 0.4425986842 0.3260925926 0.0470394737 0.0276296296 0.4443519737 0.3142805556 2 0.4647944079 0.3145277778 2 0.4219309211 0.3139092593 2 0.44259375 0.3384212963 2 0.4632565789 0.3386694444 2 0.4186348684 0.3379268519 2
2 0.4406661184 0.3526990741 0.0478125 0.0273981481 0.4419342105 0.3402787037 2 0.4641348684 0.3405259259 2 0.4195131579 0.3396592593 2 0.4408355263 0.3640481481 2 0.4623766447 0.3644194444 2 0.4179753289 0.3638009259 2
2 0.4696381579 0.2936574074 0.0470394737 0.0288518519 0.4700707237 0.2814731481 2 0.4924917763 0.2815972222 2 0.4474292763 0.2814731481 2 0.4691907895 0.3061092593 2 0.4902927632 0.3067287037 2 0.4465509868 0.3061092593 2
2 0.4677549342 0.3216064815 0.0472532895 0.0271944444 0.4680921053 0.3089574074 2 0.4913930921 0.3092046296 2 0.4463305921 0.3087092593 2 0.4674325658 0.3332222222 2 0.4885345395 0.3338407407 2 0.4445723684 0.3328509259 2
2 0.4662746711 0.3486111111 0.0462664474 0.0266481481 0.4661134868 0.336812037 2 0.4889736842 0.3369361111 2 0.4443519737 0.3363166667 2 0.4656743421 0.3604583333 2 0.4869967105 0.3607055556 2 0.4434736842 0.3602101852 2
2 0.4895723684 0.3541574074 0.0453947368 0.026962963 0.4902927632 0.3421351852 2 0.5122746711 0.3423833333 2 0.46853125 0.3421351852 2 0.4902927632 0.3660287037 2 0.5116151316 0.3660287037 2 0.4669934211 0.3661527778 2
2 0.4920559211 0.3276064815 0.0457236842 0.0273240741 0.4918322368 0.3158898148 2 0.5149128289 0.3160138889 2 0.4718289474 0.3156425926 2 0.4916118421 0.3399074074 2 0.5133733553 0.3401546296 2 0.4707302632 0.3399074074 2
2 0.4935855263 0.3001898148 0.0448355263 0.0281759259 0.4940296053 0.287662963 2 0.5151315789 0.2880351852 2 0.4716085526 0.2874157407 2 0.4931513158 0.3126712963 2 0.5146924342 0.3126712963 2 0.4713898026 0.3124231481 2
2 0.5380921053 0.3059768519 0.0441776316 0.0252685185 0.5386513158 0.2947203704 2 0.5590953947 0.2945962963 2 0.5173305921 0.2945962963 2 0.5383996711 0.3175305556 2 0.5597532895 0.3179944444 2 0.5175493421 0.3177472222 2
2 0.5363404605 0.331287037 0.0433059211 0.0254074074 0.5368536184 0.319675 2 0.5573042763 0.3195888889 2 0.5151315789 0.3194796296 2 0.5368930921 0.3425074074 2 0.5564572368 0.3426305556 2 0.5151315789 0.3425074074 2
2 0.5354605263 0.3557083333 0.0428618421 0.0248611111 0.5360148026 0.3441166667 2 0.5571167763 0.3439925926 2 0.5153519737 0.3439925926 2 0.5360148026 0.3670194444 2 0.5562368421 0.3670194444 2 0.5146924342 0.3670194444 2
2 0.5610773026 0.3094166667 0.0413322368 0.0258333333 0.5619523026 0.2975675926 2 0.5815164474 0.2978148148 2 0.5406299342 0.2973194444 2 0.5610723684 0.3210898148 2 0.5812960526 0.3210898148 2 0.5410707237 0.321212963 2
2 0.5605263158 0.3346898148 0.0402302632 0.024787037 0.5606332237 0.3233175926 2 0.5804161184 0.3233175926 2 0.5406299342 0.3229462963 2 0.5597532895 0.3462212963 2 0.5793174342 0.3463444444 2 0.5406299342 0.3460972222 2
2 0.5584868421 0.3602268519 0.0447368421 0.0249907407 0.5590953947 0.3486972222 2 0.5808569079 0.3486972222 2 0.5390921053 0.3486972222 2 0.5577763158 0.3714759259 2 0.5788782895 0.3717240741 2 0.5368930921 0.3718481481 2
2 0.5860197368 0.3063518519 0.0450657895 0.0260185185 0.5856924342 0.2952148148 2 0.6072335526 0.2953388889 2 0.5634917763 0.2949675926 2 0.58459375 0.3182425926 2 0.6050361842 0.3183657407 2 0.5639309211 0.3182425926 2
2 0.5846463816 0.3317824074 0.0429769737 0.0256574074 0.5843733553 0.3198518519 2 0.6056957237 0.3197277778 2 0.56546875 0.3197277778 2 0.5832746711 0.3434972222 2 0.60415625 0.3437453704 2 0.5634917763 0.3433740741 2
2 0.5825082237 0.3567268519 0.0446217105 0.0250462963 0.5823947368 0.3454777778 2 0.6037171053 0.3452305556 2 0.5626118421 0.3453546296 2 0.5812960526 0.3678861111 2 0.6039358553 0.3683814815 2 0.5604128289 0.3675148148 2
2 0.6093832237 0.3103703704 0.0436348684 0.0258888889 0.6087730263 0.2989296296 2 0.6309736842 0.2989296296 2 0.5881101974 0.2985574074 2 0.6083322368 0.3219564815 2 0.6294342105 0.3224509259 2 0.5874506579 0.3220796296 2
2 0.6074506579 0.3358055556 0.0444078947 0.025537037 0.6085526316 0.3244324074 2 0.629875 0.3244324074 2 0.5861315789 0.323937037 2 0.6070148026 0.3474592593 2 0.6276759868 0.3477064815 2 0.5854720395 0.3475824074 2
2 0.6044901316 0.3609351852 0.0450657895 0.026037037 0.6054753289 0.3486972222 2 0.6270164474 0.3490685185 2 0.5841529605 0.3484490741 2 0.6043766447 0.3718481481 2 0.6245986842 0.3720953704 2 0.5819555921 0.3716 2
2 0.68 0.306537037 0.04375 0.0256481481 0.6803207237 0.2950925926 2 0.7018634868 0.2950925926 2 0.659 0.2948453704 2 0.6801019737 0.3184907407 2 0.7005444079 0.3187388889 2 0.6583404605 0.3184907407 2
2 0.6766940789 0.3324074074 0.04375 0.0254074074 0.6772434211 0.3205953704 2 0.6981266447 0.3207194444 2 0.6563618421 0.3203481481 2 0.6776842105 0.3443648148 2 0.6990049342 0.3443648148 2 0.6563618421 0.3442416667 2
2 0.6753207237 0.3580231481 0.0456085526 0.0254166667 0.6750460526 0.3467175926 2 0.69790625 0.3468416667 2 0.6530641447 0.3467175926 2 0.6757055921 0.3697444444 2 0.6974671053 0.3693731481 2 0.6541644737 0.3698685185 2
2 0.7042269737 0.3100046296 0.0453947368 0.0258981481 0.7047203947 0.2979398148 2 0.7269226974 0.2980638889 2 0.6825197368 0.2978166667 2 0.7040608553 0.3219574074 2 0.7262631579 0.3219574074 2 0.6827401316 0.3222046296 2
2 0.7008799342 0.3364861111 0.0459375 0.0268981481 0.7012039474 0.324062037 2 0.7238453947 0.323937963 2 0.6787828947 0.3238148148 2 0.7005444079 0.3489462963 2 0.7203273026 0.3490694444 2 0.6779029605 0.3490694444 2
2 0.6988322368 0.3624814815 0.0451644737 0.0254259259 0.6990049342 0.3504314815 2 0.7203273026 0.3505555556 2 0.6774638158 0.3501842593 2 0.6987861842 0.3735824074 2 0.7201069079 0.3738296296 2 0.6765838816 0.3734583333 2
2 0.7280098684 0.307125 0.0448355263 0.0264537037 0.7291200658 0.2953398148 2 0.7502220395 0.2958351852 2 0.7073585526 0.2947212963 2 0.7269226974 0.3191101852 2 0.7491233553 0.3193574074 2 0.7062598684 0.318862037 2
2 0.72609375 0.332962963 0.0469243421 0.0265185185 0.7260427632 0.3208435185 2 0.7497828947 0.3212148148 2 0.7051611842 0.3207194444 2 0.7242845395 0.344612963 2 0.7484638158 0.3448601852 2 0.7031825658 0.344612963 2
2 0.7247286184 0.3589814815 0.0461677632 0.0262222222 0.7245032895 0.3469648148 2 0.7475838816 0.3473361111 2 0.7034013158 0.3467175926 2 0.7214259868 0.3702398148 2 0.7458256579 0.3708583333 2 0.7018634868 0.3697444444 2
2 0.7516529605 0.3122268519 0.0459375 0.0273796296 0.7522006579 0.3009111111 2 0.7741809211 0.3011592593 2 0.7297796053 0.3000444444 2 0.7513207237 0.3245574074 2 0.7739621711 0.3250527778 2 0.7288996711 0.3238148148 2
2 0.7491858553 0.3387175926 0.0442927632 0.0261574074 0.7489029605 0.3271574074 2 0.7711052632 0.3275287037 2 0.7286809211 0.326537963 2 0.7480246711 0.3509268519 2 0.7702253289 0.3511740741 2 0.7267023026 0.3506787037 2
2 0.7461595395 0.3644351852 0.0468256579 0.0259814815 0.7469243421 0.3527833333 2 0.7693453947 0.3531555556 2 0.7262631579 0.3521648148 2 0.7458256579 0.3758101852 2 0.7664884868 0.3761824074 2 0.7231858553 0.3754388889 2
2 0.7968667763 0.3107453704 0.0420888158 0.0258981481 0.7979210526 0.29955 2 0.8179243421 0.29955 2 0.7763799342 0.2993018519 2 0.7977023026 0.3227 2 0.8183634868 0.3228240741 2 0.7766003289 0.3225759259 2
2 0.7933634868 0.3363981481 0.0456085526 0.0255925926 0.7950641447 0.3246814815 2 0.8163865132 0.3248046296 2 0.7730822368 0.3245574074 2 0.794625 0.3482027778 2 0.8159457237 0.3480796296 2 0.7717631579 0.3479555556 2
2 0.7939720395 0.3616157407 0.0461677632 0.0251759259 0.7930855263 0.3501842593 2 0.8170460526 0.3503074074 2 0.7708848684 0.349812963 2 0.7933059211 0.3733342593 2 0.8166052632 0.3732111111 2 0.7717631579 0.3734583333 2
2 0.8211101974 0.3147361111 0.0472532895 0.0260833333 0.8216611842 0.303262963 2 0.8440822368 0.303387037 2 0.7990213816 0.3030157407 2 0.8207828947 0.3266611111 2 0.8421036184 0.3267851852 2 0.8003388158 0.326537037 2
2 0.8188486842 0.3405138889 0.0451644737 0.025787037 0.8190230263 0.3287657407 2 0.8410049342 0.3287657407 2 0.7981414474 0.3282703704 2 0.8183634868 0.3525351852 2 0.8410049342 0.3526592593 2 0.7972615132 0.3526592593 2
2 0.8178700658 0.3664398148 0.0458388158 0.0251759259 0.8177039474 0.3546398148 2 0.8403453947 0.3546398148 2 0.7963832237 0.3543925926 2 0.8172648026 0.3776666667 2 0.8394671053 0.3776666667 2 0.7950641447 0.3775435185 2
2 0.8449588816 0.3117314815 0.0452796053 0.0256481481 0.8447417763 0.3004157407 2 0.8662828947 0.3005388889 2 0.8229802632 0.3001675926 2 0.8443026316 0.3231944444 2 0.8660641447 0.3236898148 2 0.8232006579 0.3231944444 2
2 0.8431990132 0.3371712963 0.0465953947 0.025287037 0.8438618421 0.3257944444 2 0.8662828947 0.3257944444 2 0.8223207237 0.3255472222 2 0.8434226974 0.3489453704 2 0.8651842105 0.3491925926 2 0.8221003289 0.3485740741 2
2 0.8424342105 0.3624166667 0.0428618421 0.026037037 0.8421036184 0.3508018519 2 0.8638651316 0.3505546296 2 0.8214424342 0.3503074074 2 0.8414440789 0.3739527778 2 0.8634259868 0.3739527778 2 0.8210016447 0.3737055556 2
2 0.8690953947 0.3162175926 0.0440789474 0.0260833333 0.8702401316 0.3041296296 2 0.8900230263 0.3042537037 2 0.8480394737 0.3038814815 2 0.8693601974 0.327775 2 0.8895838816 0.3278990741 2 0.8469391447 0.327775 2
2 0.8664473684 0.341875 0.0440789474 0.025787037 0.8673832237 0.3304990741 2 0.8856266447 0.3309944444 2 0.8456217105 0.3301277778 2 0.8673832237 0.3538972222 2 0.8880444079 0.3542685185 2 0.8454013158 0.3538972222 2
2 0.8654029605 0.3674259259 0.0465953947 0.0256666667 0.8649654605 0.3553824074 2 0.8849671053 0.3556305556 2 0.8447417763 0.3550111111 2 0.8634259868 0.3785333333 2 0.8840888158 0.3792759259 2 0.8421036184 0.3782861111 2
2 0.8338651316 0.2264398148 0.0538486842 0.0280648148 0.8570509868 0.2267305556 2 0.8559523026 0.2399777778 2 0.8579309211 0.2150935185 2 0.8128684211 0.225987963 2 0.8115493421 0.2386157407 2 0.8137483553 0.213112963 2
2 0.8425904605 0.2414166667 0.0517598684 0.0275740741 0.8649654605 0.241462963 2 0.8640855263 0.2548333333 2 0.8662828947 0.2293305556 2 0.8207828947 0.2399777778 2 0.8190230263 0.2529768519 2 0.8216611842 0.2274740741 2
2 0.8236513158 0.254662037 0.0527631579 0.0258425926 0.8467203947 0.254462037 2 0.8462796053 0.2668425926 2 0.8471595395 0.2422055556 2 0.8014391447 0.2542148148 2 0.8009983553 0.2669657407 2 0.8014391447 0.241587037 2
2 0.7922039474 0.2401481481 0.051875 0.0261481481 0.8150674342 0.2397296296 2 0.8148470395 0.2527287037 2 0.8161661184 0.2274740741 2 0.7697861842 0.2391111111 2 0.76890625 0.2517388889 2 0.7700049342 0.2271027778 2
2 0.7826480263 0.2272777778 0.0499013158 0.0256481481 0.8047351974 0.2284638889 2 0.8045164474 0.2386157407 2 0.8058355263 0.2158361111 2 0.7609934211 0.2277212963 2 0.7603338816 0.2394824074 2 0.7612121711 0.2143509259 2
2 0.7712911184 0.2563611111 0.0521875 0.0274444444 0.7938207237 0.2562509259 2 0.79325 0.2696805556 2 0.7945345395 0.2426601852 2 0.7482730263 0.2558490741 2 0.7485575658 0.2683138889 2 0.7482730263 0.2426601852 2
2 0.7339884868 0.2263055556 0.0488322368 0.0264259259 0.7559819079 0.2268175926 2 0.7555542763 0.2392824074 2 0.7562680921 0.2146740741 2 0.71171875 0.2264157407 2 0.7118618421 0.2388805556 2 0.71171875 0.2134685185 2
2 0.7392763158 0.2414814815 0.0528289474 0.0261481481 0.7631217105 0.2410518519 2 0.7624078947 0.2542398148 2 0.7639786184 0.2293101852 2 0.7175723684 0.2405694444 2 0.7164309211 0.2529537037 2 0.7181447368 0.2281851852 2
2 0.7214967105 0.2551157407 0.0515460526 0.0278425926 0.7448453947 0.2548833333 2 0.7441315789 0.2683138889 2 0.7455592105 0.2416148148 2 0.7001529605 0.2544009259 2 0.6998667763 0.2673481481 2 0.7002960526 0.2414537037 2
2 0.6621052632 0.2264305556 0.0506907895 0.0286018519 0.6837319079 0.2270592593 2 0.6824473684 0.2396842593 2 0.6854457237 0.2145138889 2 0.6401825658 0.22545 2 0.6393256579 0.2376740741 2 0.6408963816 0.2127444444 2
2 0.6738486842 0.2402824074 0.0531907895 0.0290462963 0.6948700658 0.2416148148 2 0.6927286184 0.254562037 2 0.6978684211 0.2289083333 2 0.6513207237 0.2391212963 2 0.64975 0.2518277778 2 0.6530328947 0.2256916667 2
2 0.6243667763 0.2378657407 0.0493256579 0.0285648148 0.6461792763 0.2392018519 2 0.6457516447 0.2517472222 2 0.6468930921 0.2260935185 2 0.6022023026 0.2378351852 2 0.6013453947 0.2511842593 2 0.6030575658 0.2237611111 2
2 0.5748273026 0.2383055556 0.0513322368 0.028 0.5979177632 0.2386388889 2 0.5970608553 0.251987963 2 0.5982039474 0.2262546296 2 0.5536546053 0.2373925926 2 0.5522269737 0.2500175926 2 0.5545115132 0.2242037037 2
2 0.6124177632 0.2244768519 0.0485526316 0.0268611111 0.6345427632 0.2250435185 2 0.6338289474 0.2373472222 2 0.6356858553 0.2121768519 2 0.5902796053 0.2242398148 2 0.5899934211 0.2367851852 2 0.5908503289 0.2116953704 2
2 0.6608963816 0.2545046296 0.0521217105 0.0280833333 0.6832335526 0.2545583333 2 0.6828042763 0.2678268519 2 0.684375 0.2420935185 2 0.6385411184 0.2537537037 2 0.6379703947 0.2667009259 2 0.6392549342 0.240887037 2
2 0.6117763158 0.2542222222 0.0506907895 0.027037037 0.6341151316 0.2541555556 2 0.6336858553 0.2673444444 2 0.6346858553 0.2413694444 2 0.5897072368 0.2536731481 2 0.5894226974 0.2666203704 2 0.5898503289 0.2413694444 2
2 0.5629769737 0.2526574074 0.0503289474 0.0282407407 0.5858519737 0.2528694444 2 0.58528125 0.2664601852 2 0.5864243421 0.2412083333 2 0.5418026316 0.2521435185 2 0.541375 0.2646888889 2 0.5425164474 0.2388740741 2
2 0.5645805921 0.2234351852 0.0492598684 0.0276666667 0.58678125 0.2235944444 2 0.5860674342 0.237025 2 0.5870657895 0.2112101852 2 0.5429457237 0.2232731481 2 0.5425164474 0.2367027778 2 0.5428026316 0.2104055556 2
2 0.8350986842 0.5293703704 0.0430263158 0.0260740741 0.8350904605 0.5190898148 1 0.8556266447 0.5189796296 1 0.8165115132 0.5190898148 1 0.8341134868 0.5415592593 2 0.8544523026 0.542 2 0.8141644737 0.5414490741 2
2 0.4837088816 0.2361481481 0.0495230263 0.0271851852 0.50584375 0.2377222222 2 0.5048371711 0.2494 2 0.5068503289 0.2252518519 2 0.4641759868 0.2354555556 2 0.4631694079 0.2466787037 2 0.4647796053 0.2229842593 2
2 0.4909703947 0.2494907407 0.0491447368 0.0258333333 0.5128832237 0.2505759259 2 0.51271875 0.2627824074 2 0.5137105263 0.2382759259 2 0.4698667763 0.2485259259 2 0.4692055921 0.2611990741 2 0.4701973684 0.236412963 2
2 0.4752796053 0.2627222222 0.0487171053 0.0277037037 0.4960082237 0.2639009259 2 0.4951809211 0.2762009259 2 0.4968355263 0.2516944444 2 0.4539851974 0.2625962963 2 0.4533223684 0.2761074074 2 0.4544802632 0.2492712963 2
2 0.4366118421 0.2301203704 0.0516118421 0.0295555556 0.4589473684 0.2316601852 2 0.4572927632 0.2439601852 2 0.4609325658 0.2186148148 2 0.4159325658 0.2288648148 2 0.4134506579 0.2411648148 2 0.4179177632 0.2160064815 2
2 0.3883388158 0.2277685185 0.0478947368 0.0284814815 0.4103059211 0.2289583333 2 0.4088174342 0.2417240741 2 0.4114654605 0.2166583333 2 0.3679523026 0.2266287037 2 0.3661332237 0.2387416667 2 0.3694407895 0.2140490741 2
2 0.3956990132 0.242087963 0.0513651316 0.027787037 0.4179177632 0.2434009259 2 0.4167582237 0.2557009259 2 0.4195723684 0.2306351852 2 0.3745707237 0.2409787037 2 0.3732467105 0.2516009259 2 0.3755625 0.2283990741 2
2 0.4449342105 0.2479351852 0.0475657895 0.027462963 0.4667236842 0.2477805556 2 0.4660625 0.2609194444 2 0.4677171053 0.2360398148 2 0.4242039474 0.2464759259 2 0.4233766447 0.2561666667 2 0.42503125 0.2347351852 2
2 0.4276398026 0.2580231481 0.0497203947 0.0289166667 0.4493519737 0.2584027778 2 0.4490213816 0.2715416667 2 0.4496825658 0.2467555556 2 0.4056743421 0.256912037 2 0.4051776316 0.2705166667 2 0.4060049342 0.2441462963 2
2 0.3803207237 0.2535231481 0.0503782895 0.0291388889 0.40253125 0.2544898148 2 0.4017039474 0.2675351852 2 0.4030279605 0.2420962963 2 0.3591842105 0.2529055556 2 0.3581907895 0.2657648148 2 0.3595148026 0.239487963 2
2 0.3296957237 0.2252222222 0.0503782895 0.0275925926 0.3519046053 0.2272787037 2 0.3514078947 0.2378074074 2 0.3524013158 0.2147925926 2 0.3080608553 0.2248555556 2 0.30640625 0.2361305556 2 0.3095493421 0.2123694444 2
2 0.3370148026 0.2392453704 0.0486348684 0.0248981481 0.3580263158 0.2394851852 2 0.3570328947 0.2516916667 2 0.3595148026 0.2270916667 2 0.3160016447 0.2385527778 2 0.31484375 0.2498277778 2 0.3168289474 0.226812963 2
2 0.3202960526 0.2515138889 0.0509539474 0.0288611111 0.3414802632 0.252437037 2 0.3398273026 0.2656685185 2 0.3433009868 0.2397648148 2 0.2987960526 0.2509462963 2 0.2974720395 0.2627805556 2 0.2999539474 0.2376212963 2
2 0.2730263158 0.2523287037 0.0485526316 0.0276018519 0.2943289474 0.2527166667 2 0.2930049342 0.2659481481 2 0.2953207237 0.2424666667 2 0.2531332237 0.2511324074 2 0.2516430921 0.2628731481 2 0.2544555921 0.2388324074 2
2 0.2889884868 0.2366157407 0.0513651316 0.0266203704 0.3115345395 0.2376212963 2 0.3100460526 0.2490824074 2 0.3125279605 0.226812963 2 0.2678569079 0.2361305556 2 0.2668651316 0.2481509259 2 0.2686842105 0.2240166667 2
2 0.2416282895 0.234 0.0514473684 0.0264259259 0.2627286184 0.2342666667 2 0.2609078947 0.2470324074 2 0.2648799342 0.2230851852 2 0.2207878289 0.2326833333 2 0.2201266447 0.2440509259 2 0.22178125 0.2211287037 2
2 0.2836924342 0.2224768519 0.0502138158 0.0271203704 0.3054967105 0.2238314815 2 0.3043388158 0.2356648148 2 0.3064884868 0.211437963 2 0.2618190789 0.2226194444 2 0.2606611842 0.2328694444 2 0.2621496711 0.2092953704 2
2 0.2373766447 0.2195833333 0.0498848684 0.0252592593 0.2588404605 0.2211287037 2 0.2578486842 0.2323101852 2 0.2604950658 0.2085490741 2 0.21615625 0.2201037037 2 0.2154934211 0.2317518519 2 0.2168174342 0.2070583333 2
2 0.2284375 0.2455324074 0.0488815789 0.0274166667 0.2497417763 0.2461944444 2 0.2485822368 0.258587037 2 0.2510641447 0.2335222222 2 0.2072220395 0.2453555556 2 0.2067253289 0.2582148148 2 0.2075526316 0.2322175926 2
