3 0.6731796875 0.4427265625 0.246984375 0.160109375 0.6808703125 0.38060625 2 0.5734875 0.5186953125 2 0.7792609375 0.5126078125 2 0 0 0 0 0 0 0 0 0
3 0.681703125 0.414109375 0.3054375 0.21246875 0.6820875 0.340425 2 0.53330625 0.5150421875 2 0.8097 0.517478125 2 0 0 0 0 0 0 0 0 0
3 0.6762265625 0.39159375 0.321265625 0.25509375 0.684521875 0.2965921875 2 0.5260015625 0.471209375 2 0.8255296875 0.50043125 2 0 0 0 0 0 0 0 0 0
3 0.6835234375 0.3575 0.321265625 0.2891875 0.691828125 0.245453125 2 0.5284359375 0.4103296875 2 0.8243125 0.4590328125 2 0 0 0 0 0 0 0 0 0
3 0.6823046875 0.31121875 0.321265625 0.2891875 0.6906109375 0.199184375 2 0.523565625 0.3555375 2 0.82309375 0.4127640625 2 0 0 0 0 0 0 0 0 0
3 0.6871796875 0.262515625 0.321265625 0.2891875 0.69548125 0.15048125 2 0.5284359375 0.306834375 2 0.834053125 0.3835421875 2 0 0 0 0 0 0 0 0 0
3 0.6859609375 0.21746875 0.321265625 0.2891875 0.6942640625 0.1054296875 2 0.52721875 0.2617828125 2 0.832834375 0.3384921875 2 0 0 0 0 0 0 0 0 0
3 0.690828125 0.172421875 0.326125 0.2891875 0.70156875 0.060378125 2 0.534525 0.21673125 2 0.840140625 0.293440625 2 0 0 0 0 0 0 0 0 0
3 0.3691484375 0.6061171875 0.279953125 0.173171875 0.3815109375 0.4401046875 1 0.25 0.6263015625 2 0.4856765625 0.6731765625 2 0 0 0 0 0 0 0 0 0
3 0.3554609375 0.615234375 0.278640625 0.19921875 0.3802078125 0.4752609375 1 0.2369796875 0.6731765625 2 0.4752609375 0.7044265625 2 0 0 0 0 0 0 0 0 0
3 0.3541640625 0.6399765625 0.278640625 0.272140625 0.37890625 0.5364578125 2 0.2356765625 0.734375 2 0.4739578125 0.765625 2 0 0 0 0 0 0 0 0 0
3 0.3476484375 0.6855546875 0.278640625 0.272140625 0.3723953125 0.58203125 2 0.2291671875 0.7799484375 2 0.4674484375 0.8111984375 2 0 0 0 0 0 0 0 0 0
3 0.3528671875 0.7350234375 0.278640625 0.272140625 0.3606765625 0.6328125 2 0.234375 0.8294265625 2 0.4700515625 0.8502609375 2 0 0 0 0 0 0 0 0 0
3 0.345703125 0.7975234375 0.27734375 0.256515625 0.34375 0.69140625 2 0.2278640625 0.8997390625 2 0.46875 0.8932296875 2 0 0 0 0 0 0 0 0 0
3 0.3815078125 0.428390625 0.294265625 0.1796875 0.4114578125 0.3958328125 2 0.296875 0.51171875 2 0.5221359375 0.4986984375 2 0 0 0 0 0 0 0 0 0
3 0.3235703125 0.3711015625 0.407546875 0.299484375 0.3984375 0.2786453125 2 0.1901046875 0.51171875 2 0.5208328125 0.3971359375 2 0 0 0 0 0 0 0 0 0
3 0.2786484375 0.3059921875 0.502609375 0.427078125 0.4010421875 0.1497390625 2 0.0768234375 0.5130203125 2 0.5234375 0.2682296875 2 0 0 0 0 0 0 0 0 0
3 0.26328125 0.22734375 0.5265625 0.4546875 0.3736984375 0 2 0.0130203125 0.4375 2 0.5221359375 0.1380203125 2 0 0 0 0 0 0 0 0 0
3 0.0650078125 0.73603125 0.130015625 0.33321875 0.09775625 0.5915640625 2 0 0.5978390625 2 0.11810625 0.8937140625 2 0 0 0 0 0 0 0 0 0
3 0.074140625 0.700734375 0.14828125 0.33321875 0.1160203125 0.556253125 2 0 0.5625296875 2 0.1363703125 0.8584046875 2 0 0 0 0 0 0 0 0 0
3 0.0832734375 0.686734375 0.166546875 0.3393125 0.1452421875 0.53311875 2 0 0.5223484375 2 0.142459375 0.8450109375 2 0 0 0 0 0 0 0 0 0
3 0.1149296875 0.6751484375 0.166546875 0.311296875 0.1769 0.50755 1 0.0316578125 0.496778125 1 0.164375 0.8291828125 2 0 0 0 0 0 0 0 0 0
3 0.1344140625 0.6617578125 0.166546875 0.279640625 0.19638125 0.4783265625 1 0.0511390625 0.46755625 1 0.18385625 0.799959375 2 0 0 0 0 0 0 0 0 0
3 0.1526796875 0.6514140625 0.166546875 0.258953125 0.226471875 0.4602515625 1 0.069403125 0.4468578125 1 0.2021203125 0.7792609375 2 0 0 0 0 0 0 0 0 0
3 0.1733828125 0.63925 0.166546875 0.24190625 0.247171875 0.4395515625 1 0.0901015625 0.4261578125 1 0.2228203125 0.7585609375 2 0 0 0 0 0 0 0 0 0
3 0.263671875 0.1584609375 0.52734375 0.316921875 0 0 0 0.042615625 0.2946578125 2 0.5221359375 0.02113125 2 0 0 0 0 0 0 0 0 0
3 0.69375 0.13203125 0.325 0.2640625 0.705221875 0.0082 2 0.5381765625 0.164553125 2 0.84379375 0.2412625 2 0 0 0 0 0 0 0 0 0
3 0.6835234375 0.4634296875 0.192203125 0.108984375 0.6833046875 0.426875 2 0.610015625 0.513825 2 0.75125625 0.5162609375 2 0 0 0 0 0 0 0 0 0
