1 0.3046953125 0.283203125 0.393234375 0.44140625 0.3046875 0.4674484375 2 0.1197921875 0.4466140625 2 0.4921875 0.4895828125 2 0.3828125 0.0677078125 2 0 0 0 0 0 0
1 0.4290390625 0.2486953125 0.373703125 0.442703125 0.4166671875 0.0533859375 2 0.2468984375 0.0329234375 2 0.5911453125 0.07421875 2 0.33984375 0.4544265625 2 0 0 0 0 0 0
1 0.5442734375 0.28971875 0.388015625 0.44140625 0.5338546875 0.4713546875 2 0.72265625 0.4934890625 2 0.3541671875 0.4544265625 2 0.6067703125 0.078125 2 0 0 0 0 0 0
1 0.81484375 0.2890625 0.3703125 0.45 0.8177078125 0.10546875 2 0.63671875 0.0872390625 2 0.9934890625 0.12109375 2 0.7369796875 0.5078125 2 0 0 0 0 0 0
1 0.767578125 0.333984375 0.40234375 0.44140625 0.76171875 0.5234375 2 0.9466140625 0.5442703125 2 0.57421875 0.5026046875 2 0.8385421875 0.1184890625 2 0 0 0 0 0 0
1 0.2877578125 0.76171875 0.388015625 0.3828125 0.28515625 0.9166671875 2 0.1028640625 0.9010421875 2 0.4596359375 0.9322921875 2 0.3463546875 0.5911453125 2 0 0 0 0 0 0
1 0.3867109375 0.7337265625 0.364578125 0.358078125 0.3880203125 0.5807296875 2 0.209021875 0.5592015625 2 0.55859375 0.59765625 2 0.32421875 0.8958328125 2 0 0 0 0 0 0
1 0.5247421875 0.770828125 0.388015625 0.375 0.5143234375 0.9192703125 2 0.6875 0.9401046875 2 0.3346359375 0.90234375 2 0.5755203125 0.5989578125 2 0 0 0 0 0 0
1 0.7669296875 0.768234375 0.369796875 0.375 0.76953125 0.62109375 2 0.5885421875 0.6028640625 2 0.9440109375 0.6432296875 2 0.7044265625 0.9375 2 0 0 0 0 0 0
1 0.744140625 0.8138046875 0.40234375 0.369796875 0.73828125 0.9674484375 2 0.9231765625 0.98828125 2 0.5598953125 0.9466140625 2 0.8020828125 0.6393234375 2 0 0 0 0 0 0
