1 0.1022109375 0.248046875 0.147140625 0.49609375 0.1028640625 0.47265625 2 0.0377609375 0.4830734375 2 0.1692703125 0.4609375 2 0.0729171875 0.0026046875 2 0 0 0 0 0 0
1 0.1881484375 0.248046875 0.147140625 0.49609375 0.1888015625 0.47265625 2 0.1236984375 0.4830734375 2 0.2552078125 0.4609375 2 0.1705734375 0.0026046875 2 0 0 0 0 0 0
1 0.2753984375 0.300125 0.147140625 0.51953125 0.2734375 0.5338546875 2 0.2122390625 0.54296875 2 0.3424484375 0.5247390625 2 0.2630203125 0.0442703125 2 0 0 0 0 0 0
1 0.3938828125 0.3014375 0.147140625 0.51953125 0.3919265625 0.53515625 2 0.3307296875 0.5442703125 2 0.4609375 0.5260421875 2 0.3723953125 0.046875 2 0 0 0 0 0 0
1 0.5605546875 0.259765625 0.147140625 0.51953125 0.5611984375 0.484375 2 0.4947921875 0.4986984375 2 0.625 0.4739578125 2 0.5533859375 0.0143234375 2 0 0 0 0 0 0
1 0.4746171875 0.25 0.147140625 0.5 0.4752609375 0.46484375 2 0.4088546875 0.4791671875 1 0.5390625 0.4544265625 2 0.46875 0 2 0 0 0 0 0 0
1 0.6503828125 0.2695234375 0.157546875 0.505203125 0.6497390625 0.4947921875 2 0.5736 0.5157671875 2 0.7161453125 0.4752609375 2 0.649490625 0.0232953125 2 0 0 0 0 0 0
1 0.7350234375 0.2786484375 0.157546875 0.526046875 0.73828125 0.5091140625 2 0.66015625 0.52734375 2 0.8046875 0.5 2 0.73828125 0.0299484375 2 0 0 0 0 0 0
1 0.826171875 0.27734375 0.14453125 0.5078125 0.8216140625 0.5130203125 2 0.8854171875 0.5143234375 2 0.7604171875 0.5182296875 2 0.8515625 0.0299484375 2 0 0 0 0 0 0
1 0.0833359375 0.7337265625 0.143234375 0.467453125 0.0859375 0.94921875 2 0.0135234375 0.96155625 2 0.1471359375 0.9388015625 2 0.05078125 0.5091140625 2 0 0 0 0 0 0
1 0.1673125 0.7402265625 0.14453125 0.462234375 0.1640625 0.94140625 2 0.0950515625 0.95703125 2 0.2265625 0.9296875 2 0.13671875 0.5169265625 2 0 0 0 0 0 0
1 0.25 0.7506484375 0.1328125 0.412765625 0.2526046875 0.9244796875 2 0.1861984375 0.9479171875 1 0.3111984375 0.91015625 2 0.2278640625 0.546875 2 0 0 0 0 0 0
1 0.3365859375 0.75325 0.147140625 0.44921875 0.3385421875 0.9427078125 2 0.2734375 0.9609375 2 0.4010421875 0.92578125 2 0.31640625 0.5403640625 2 0 0 0 0 0 0
1 0.4173203125 0.752609375 0.141921875 0.421875 0.4192703125 0.93359375 2 0.3502609375 0.9505203125 2 0.4830734375 0.921875 2 0.4036453125 0.546875 2 0 0 0 0 0 0
1 0.498046875 0.739578125 0.14453125 0.453125 0.5 0.9348953125 2 0.4322921875 0.9518234375 2 0.5638015625 0.92578125 2 0.4869796875 0.51953125 2 0 0 0 0 0 0
1 0.58528125 0.747390625 0.15234375 0.4609375 0.5833328125 0.9505203125 2 0.51171875 0.9622390625 2 0.64453125 0.9388015625 2 0.584415625 0.5227375 2 0 0 0 0 0 0
1 0.677734375 0.740890625 0.15234375 0.4609375 0.67578125 0.9440109375 2 0.609375 0.9622390625 2 0.7369796875 0.9322921875 2 0.6692703125 0.5377609375 2 0 0 0 0 0 0
1 0.763671875 0.751296875 0.15234375 0.4609375 0.76171875 0.9544265625 2 0.6901046875 0.96875 2 0.8229171875 0.9427078125 2 0.7643234375 0.5325515625 2 0 0 0 0 0 0
1 0.8483125 0.7578125 0.15234375 0.4609375 0.8463546875 0.9609375 2 0.7747390625 0.9752609375 2 0.9075515625 0.94921875 2 0.85546875 0.5338546875 2 0 0 0 0 0 0
1 0.923828125 0.759765625 0.15234375 0.44140625 0.9283859375 0.9674484375 2 0.8606765625 0.9700515625 2 0.9895828125 0.96875 2 0.96484375 0.5481765625 2 0 0 0 0 0 0
