2 0.6939027778 0.172453125 0.0700555556 0.08059375 0.6973291667 0.1345023438 2 0.7272597222 0.13385 2 0.6657736111 0.1351554688 2 0.6919916667 0.2112570313 2 0.7212277778 0.2109953125 2 0.6627569444 0.2115179688 2
2 0.6661111111 0.1707109375 0.0665833333 0.08059375 0.6664694444 0.1329367187 2 0.6970972222 0.1322835938 2 0.6376986111 0.1330671875 2 0.6620611111 0.2092984375 2 0.6903680556 0.2090375 2 0.6330583333 0.209559375 2
2 0.6031666667 0.1730234375 0.0665833333 0.08059375 0.6049833333 0.1356773438 2 0.6335222222 0.135025 2 0.5762125 0.1362 2 0.6008069444 0.2115179688 2 0.627425 0.2113484375 2 0.5718041667 0.2117789063 2
2 0.6322916667 0.1765273438 0.0648333333 0.0801640625 0.6360930556 0.13915 2 0.6082319444 0.1394632813 2 0.6637722222 0.1386601562 2 0.6302958333 0.2148085937 2 0.6013125 0.215053125 2 0.659425 0.2146453125 2
2 0.5718194444 0.17953125 0.0618888889 0.078671875 0.5753708333 0.1419242187 2 0.5476916667 0.1420875 2 0.6016013889 0.1415984375 2 0.5704430556 0.2173351563 2 0.54175 0.2174984375 2 0.5987027778 0.2171726562 2
2 0.4854652778 0.1955117188 0.0624305556 0.0789296875 0.4884458333 0.1581734375 2 0.4613458333 0.1583359375 2 0.5152569444 0.157846875 2 0.4822138889 0.2331820313 2 0.4555486111 0.2331 2 0.5103291667 0.2331 2
2 0.4542152778 0.1998046875 0.0637083333 0.078328125 0.4569986111 0.1628203125 2 0.4313472222 0.1629835937 2 0.4843888889 0.1626570313 2 0.4506208333 0.2373398438 2 0.4238111111 0.237584375 2 0.4780111111 0.2373398438 2
2 0.4258472222 0.1955078125 0.0620277778 0.077953125 0.4280138889 0.1586625 2 0.4016388889 0.158825 2 0.4562736111 0.1584179687 2 0.4230861111 0.23301875 2 0.3952611111 0.23301875 2 0.4483027778 0.2329367187 2
2 0.3952291667 0.2001328125 0.0616805556 0.078 0.3978708333 0.163309375 2 0.3725097222 0.1633914062 2 0.4242458333 0.163228125 2 0.3922180556 0.237503125 2 0.3651180556 0.2377476562 2 0.417725 0.2371765625 2
2 0.1101041667 0.2796523437 0.0507083333 0.0579140625 0.1113958333 0.252425 2 0.0892388889 0.252334375 2 0.1348375 0.252515625 2 0.1081847222 0.3072539063 2 0.0857069444 0.3071640625 2 0.1319472222 0.3071640625 2
2 0.1362847222 0.2826328125 0.0507361111 0.058453125 0.1362819444 0.25540625 2 0.1155708333 0.255315625 2 0.1579583333 0.255315625 2 0.1333930556 0.310415625 2 0.111075 0.310325 2 0.1566736111 0.3105054688 2
2 0.1616944444 0.2797421875 0.0530833333 0.05809375 0.1622930556 0.2520640625 2 0.1419013889 0.2519734375 2 0.1865375 0.2519734375 2 0.1581180556 0.3073445312 2 0.1362819444 0.3072539063 2 0.1818805556 0.3073445312 2
2 0.1854513889 0.2826679688 0.053375 0.0587421875 0.1863763889 0.2550445312 2 0.1621319444 0.255225 2 0.2115833333 0.2550445312 2 0.1826833333 0.3107765625 2 0.1592416667 0.3107765625 2 0.2046791667 0.3108671875 2
2 0.2136458333 0.2809921875 0.0509305556 0.057984375 0.2141861111 0.253346875 2 0.1893 0.2532570312 2 0.2382694444 0.253346875 2 0.2114555556 0.3087179688 2 0.1884972222 0.3087179688 2 0.2334527778 0.3088984375 2
2 0.2375486111 0.2857226562 0.0528194444 0.0600859375 0.2390722222 0.25723125 2 0.2182 0.2570507812 2 0.2626736111 0.25723125 2 0.2365027778 0.313325 2 0.2116166667 0.3134148438 2 0.2605861111 0.3134148438 2
2 0.3017361111 0.2887460938 0.0508333333 0.0578984375 0.3040986111 0.2608789062 2 0.2819416667 0.2609695312 2 0.3264152778 0.2608789062 2 0.3004055556 0.31625 2 0.2769638889 0.31625 2 0.3232041667 0.3165210937 2
2 0.3293819444 0.2864101562 0.0521805556 0.0573359375 0.3302694444 0.2594335937 2 0.3084333333 0.259253125 2 0.3545138889 0.2591625 2 0.3259347222 0.3140820313 2 0.3037777778 0.3142625 2 0.3477694444 0.3140820313 2
2 0.35275 0.28878125 0.0516944444 0.0581875 0.3538708333 0.26115 2 0.3323569444 0.26115 2 0.3779541667 0.261059375 2 0.3501777778 0.316340625 2 0.3275402778 0.3165210937 2 0.3747430556 0.3165210937 2
2 0.3796805556 0.2864335937 0.0529166667 0.0578203125 0.3803625 0.2587109375 2 0.3586875 0.2585304687 2 0.4039652778 0.2588921875 2 0.3749041667 0.3142625 2 0.3538708333 0.3142625 2 0.3975430556 0.3142625 2
2 0.4024305556 0.2888515625 0.0540833333 0.05853125 0.4038055556 0.2611132812 2 0.3819694444 0.2612039063 2 0.4291736111 0.2610234375 2 0.4001125 0.316575 2 0.3757069444 0.3167554687 2 0.4243555556 0.3166648438 2
2 0.4283958333 0.2862617188 0.0552916667 0.0579140625 0.4307791667 0.2583132813 2 0.4065347222 0.2584039062 2 0.4556652778 0.2583132813 2 0.4251583333 0.3141359375 2 0.4005944444 0.3141359375 2 0.4510083333 0.3143164063 2
2 0.4853958333 0.29046875 0.0544583333 0.059390625 0.4859472222 0.2620867188 2 0.4650736111 0.2618164063 2 0.5116361111 0.2620867188 2 0.4822541667 0.3182710938 2 0.4581708333 0.318090625 2 0.5058555556 0.3184515625 2
2 0.5094375 0.2937421875 0.0527638889 0.060078125 0.5130805556 0.2655195312 2 0.4899611111 0.2658804687 2 0.5344347222 0.2652484375 2 0.5090819444 0.32120625 2 0.4846625 0.3221546875 2 0.5328291667 0.3221546875 2
2 0.5371666667 0.2895664062 0.0539444444 0.0608359375 0.5382888889 0.2612742188 2 0.5142041667 0.2613640625 2 0.5623722222 0.2612742188 2 0.5344347222 0.3183609375 2 0.5105125 0.3182710938 2 0.559 0.3182710938 2
2 0.5627777778 0.2931523437 0.05475 0.0599921875 0.5641375 0.2648875 2 0.5397333333 0.2649773437 2 0.589025 0.2648875 2 0.5610875 0.3216132812 2 0.5360402778 0.3216132812 2 0.5850097222 0.3216132812 2
2 0.5904027778 0.2895664062 0.05575 0.0600078125 0.5914333333 0.2613992187 2 0.5671888889 0.2613992187 2 0.6161597222 0.26121875 2 0.5880611111 0.31830625 2 0.563175 0.3183960937 2 0.6123055556 0.3183960937 2
2 0.6153263889 0.2926328125 0.0548472222 0.061109375 0.6182458333 0.2642898437 2 0.5944847222 0.2643804687 2 0.6410458333 0.264109375 2 0.6142319444 0.32191875 2 0.5888638889 0.3218289062 2 0.6384763889 0.3218289062 2
2 0.6591527778 0.2832460937 0.0561944444 0.0633671875 0.6601194444 0.253959375 2 0.6334680556 0.254140625 2 0.6866125 0.2535984375 2 0.6581930556 0.3132148438 2 0.6317013889 0.3134859375 2 0.6843638889 0.313034375 2
2 0.6866875 0.2872578125 0.0550694444 0.0629375 0.6885388889 0.2577539062 2 0.66285 0.25784375 2 0.7129430556 0.2573015625 2 0.6864513889 0.3172796875 2 0.6594777778 0.3174601563 2 0.7119805556 0.3170992188 2
2 0.7156180556 0.2829453125 0.0560972222 0.06378125 0.7166361111 0.2535078125 2 0.6898236111 0.2537789062 2 0.7431277778 0.25305625 2 0.7153513889 0.312853125 2 0.6877361111 0.31294375 2 0.7400777778 0.3127632812 2
2 0.7446111111 0.2859453125 0.0563888889 0.06378125 0.7448305556 0.2559648438 2 0.7197847222 0.2561453125 2 0.7721263889 0.255784375 2 0.7442277778 0.3151054688 2 0.7167333333 0.3162132812 2 0.7708416667 0.3160328125 2
2 0.7736736111 0.28165625 0.0560694444 0.063875 0.7735708333 0.2521710938 2 0.7464361111 0.2523515625 2 0.8011861111 0.251990625 2 0.7732902778 0.31085625 2 0.7459541667 0.311878125 2 0.7995805556 0.311878125 2
2 0.8033125 0.2851875 0.0569027778 0.06421875 0.8026319444 0.2550617187 2 0.7777444444 0.2555132813 2 0.8302472222 0.2546101562 2 0.8008652778 0.3150390625 2 0.7750152778 0.315490625 2 0.8304083333 0.3144976563 2
2 0.7643472222 0.3935546875 0.0795555556 0.10359375 0.7690680556 0.3435382812 2 0.7361833333 0.3435382812 2 0.8027402778 0.3433171875 2 0.7598138889 0.442909375 2 0.7251569444 0.4423554688 2 0.7938791667 0.4435742187 2
2 0.7288819444 0.3890078125 0.0799027778 0.1038125 0.7340180556 0.3399960938 2 0.7005430556 0.3396640625 2 0.768675 0.3401070312 2 0.7235819444 0.4384804688 2 0.6891222222 0.4380375 2 0.7562694444 0.4391453125 2
2 0.6916666667 0.3928164063 0.0793611111 0.1029296875 0.6958944444 0.3433632812 2 0.6618291667 0.3432523438 2 0.7301569444 0.3434734375 2 0.6860486111 0.4414039062 2 0.6527708333 0.441071875 2 0.7191305556 0.441846875 2
2 0.6197847222 0.3973085937 0.0695138889 0.0893046875 0.62225 0.3544414062 2 0.5944847222 0.3544414062 2 0.6535583333 0.3542195312 2 0.6161458333 0.4397421875 2 0.5854263889 0.4394101563 2 0.6478486111 0.4399640625 2
2 0.5889583333 0.39309375 0.0669166667 0.08753125 0.5915305556 0.3508960937 2 0.5617972222 0.3505632813 2 0.6216583333 0.3508960937 2 0.5842458333 0.4351976563 2 0.5560861111 0.4347546875 2 0.6137819444 0.4355304688 2
2 0.5548611111 0.3964648438 0.0675 0.0878828125 0.5595125 0.353884375 2 0.5305666667 0.3539953125 2 0.5876708333 0.353884375 2 0.5522263889 0.4382992187 2 0.5222958333 0.4382992187 2 0.5817638889 0.4385210938 2
2 0.523875 0.3919765625 0.0685277778 0.087421875 0.5270208333 0.3498304688 2 0.4978777778 0.3494984375 2 0.5569513889 0.3497195312 2 0.5197361111 0.4340242188 2 0.4911833333 0.4336914063 2 0.5506513889 0.4342453125 2
2 0.4922777778 0.3953046875 0.0636388889 0.087421875 0.4957125 0.3532648438 2 0.4667666667 0.3531539062 2 0.5232805556 0.3531539062 2 0.4886236111 0.4370148437 2 0.4608583333 0.4369039062 2 0.5179638889 0.4372367188 2
2 0.4373611111 0.394859375 0.0628888889 0.085203125 0.4395916667 0.3537078125 2 0.4122208333 0.3534859375 2 0.4685388889 0.3537078125 2 0.4350625 0.4356859375 2 0.4067083333 0.4356859375 2 0.4646 0.4357960937 1
2 0.4077708333 0.3915 0.061125 0.08478125 0.4089125 0.3503640625 2 0.3827236111 0.3501421875 2 0.4376611111 0.3504742188 2 0.4039902778 0.4317875 2 0.3772097222 0.4314554688 2 0.4327388889 0.4323414063 2
2 0.3760069444 0.3936679687 0.0617916667 0.0844296875 0.3778 0.3533546875 2 0.3516111111 0.3528007812 2 0.4051708333 0.35324375 2 0.3733944444 0.4341757813 2 0.3453138889 0.4339992188 2 0.4010041667 0.4344398437 2
2 0.3473055556 0.390453125 0.0632777778 0.0836875 0.3486083333 0.3499484375 2 0.3224111111 0.3497695312 2 0.3774736111 0.3500367188 2 0.343275 0.4306960938 2 0.3162930556 0.4306078125 2 0.3711986111 0.4306960938 2
2 0.3160555556 0.3928867187 0.0610277778 0.0841015625 0.318175 0.3527726562 2 0.29135 0.3525078125 2 0.3457847222 0.352684375 2 0.313625 0.433075 2 0.2861722222 0.433075 2 0.3412347222 0.433075 2
2 0.25475 0.3914101562 0.0578888889 0.0832734375 0.2556125 0.3518523437 2 0.2305125 0.351940625 2 0.2830652778 0.3517640625 2 0.2531027778 0.4317195313 2 0.2265902778 0.4318078125 2 0.2805555556 0.43163125 2
2 0.2274583333 0.3884765625 0.056 0.082265625 0.2280027778 0.3487632813 2 0.2038444444 0.3485867187 2 0.2546708333 0.3487632813 2 0.2258069444 0.4280148438 2 0.1996083333 0.4280148438 2 0.25075 0.4281914063 2
2 0.1982777778 0.391453125 0.056 0.082296875 0.1997652778 0.3518523437 2 0.1751361111 0.3516757812 2 0.2248652778 0.3517640625 2 0.1966277778 0.4311054688 2 0.1704305556 0.4309289063 2 0.2237666667 0.4310171875 2
2 0.1710833333 0.388390625 0.0584166667 0.081890625 0.1721555556 0.3488515625 2 0.1475263889 0.348675 2 0.1986680556 0.3488515625 2 0.1687041667 0.4275757813 2 0.1425069444 0.4274875 2 0.1955291667 0.4274875 2
2 0.1420208333 0.3909375 0.0570694444 0.082109375 0.1426638889 0.3514117187 2 0.1170930556 0.3512351563 2 0.1693319444 0.3514117187 2 0.1404666667 0.4302195313 2 0.1139555556 0.43013125 2 0.1663513889 0.4300429688 2
2 0.1270208333 0.4692539062 0.0471527778 0.0484609375 0.1276027778 0.446446875 2 0.1059555556 0.4463585938 2 0.1497222222 0.4463585938 2 0.1260347222 0.4923398438 2 0.1042291667 0.4923398438 2 0.1481541667 0.4923398438 2
2 0.1263472222 0.5179179687 0.0436111111 0.0487265625 0.1254069444 0.4946304687 2 0.1050138889 0.49471875 2 0.1476833333 0.4945421875 2 0.1250930556 0.5413171875 2 0.1054847222 0.5414054688 2 0.1473694444 0.5414054688 2
2 0.1522777778 0.4657773438 0.0455833333 0.0481796875 0.1523902778 0.4430070312 2 0.1308972222 0.44291875 2 0.1748222222 0.4428304687 2 0.1506638889 0.4890742188 2 0.1298 0.4889859375 2 0.1729402778 0.4890742188 2
2 0.1511736111 0.51409375 0.0440138889 0.048453125 0.1509777778 0.4908375 2 0.1302708333 0.4908375 2 0.1730972222 0.4907492187 2 0.1498791667 0.5374359375 2 0.1299569444 0.5373476562 2 0.1693319444 0.5373476562 2
2 0.1760833333 0.4708671875 0.0458055556 0.048609375 0.1765486111 0.447684375 2 0.1556847222 0.4475078125 2 0.1985111111 0.4475960937 2 0.1748222222 0.4938421875 2 0.1536444444 0.4937539062 2 0.1930194444 0.4939304688 2
2 0.1733472222 0.5193867187 0.0440555556 0.0484453125 0.1738819444 0.4957773438 2 0.1949027778 0.4957773438 2 0.1541152778 0.4959539063 2 0.1723125 0.5422 2 0.194275 0.5422 2 0.1516055556 0.5422 2
2 0.2001597222 0.4664960937 0.0447083333 0.0483359375 0.2002361111 0.443534375 2 0.1785875 0.4434460937 2 0.2220416667 0.4433578125 2 0.1985111111 0.4897804687 2 0.1784305556 0.4896921875 2 0.2217277778 0.4897804687 2
2 0.1982222222 0.5157109375 0.0455555556 0.049984375 0.1970986111 0.4918960937 2 0.1782736111 0.4918960937 2 0.2195319444 0.4918078125 2 0.1966277778 0.5387601563 2 0.1756069444 0.5385835937 2 0.2170222222 0.5388484375 2
2 0.2212638889 0.5203671875 0.0476944444 0.049140625 0.2206291667 0.49675 2 0.2000791667 0.49675 2 0.2436902778 0.4966617187 2 0.2195319444 0.543084375 2 0.1981972222 0.5429078125 2 0.2407097222 0.5432609375 2
2 0.2226041667 0.4711171875 0.045375 0.049328125 0.2218847222 0.4474195313 2 0.2018041667 0.44733125 2 0.2438472222 0.44733125 2 0.2211 0.4943710937 2 0.2002361111 0.4944601563 2 0.2447888889 0.4944601563 2
2 0.2712430556 0.4719648438 0.047125 0.0482734375 0.272775 0.4489726562 2 0.2514402778 0.4489726562 2 0.2937958333 0.4489726562 2 0.2697944444 0.4953953125 2 0.2498708333 0.4953070313 2 0.2916 0.4953953125 2
2 0.2693263889 0.52096875 0.0464305556 0.04928125 0.2693236111 0.4975070312 2 0.2486166667 0.4974195312 2 0.2901875 0.4974195312 2 0.2672847222 0.544459375 2 0.2464208333 0.5442828125 2 0.2897180556 0.544459375 2
2 0.2974722222 0.4687734375 0.04625 0.04865625 0.2974041667 0.44553125 2 0.2760694444 0.4453546875 2 0.3198375 0.44553125 2 0.2956791667 0.4922179688 2 0.2748138889 0.4921296875 2 0.3171708333 0.4922179688 2
2 0.2944930556 0.5177578125 0.0446805556 0.049 0.2945805556 0.4947734375 2 0.2737166667 0.4948617188 2 0.3159152778 0.4946851562 2 0.2930097222 0.54096875 2 0.2727555556 0.541034375 2 0.3136111111 0.5410992187 2
2 0.3170277778 0.5223359375 0.0487222222 0.051203125 0.3192833333 0.4981210938 2 0.2972916667 0.497990625 2 0.3409263889 0.4980554687 2 0.3156944444 0.5456546875 2 0.2930097222 0.5451335937 2 0.3376847222 0.546175 2
2 0.3214236111 0.4730625 0.0482638889 0.04921875 0.3235652778 0.4500109375 2 0.3020375 0.4496851562 2 0.3450930556 0.4502710937 2 0.320325 0.4966296875 2 0.2985652778 0.4964992188 2 0.3411569444 0.496759375 2
2 0.3465972222 0.469859375 0.0468055556 0.04875 0.3475 0.446571875 2 0.3250472222 0.4463117187 2 0.3696069444 0.446571875 2 0.3446069444 0.493446875 2 0.3230791667 0.493446875 2 0.3663666667 0.493446875 2
2 0.3427569444 0.5194179687 0.048375 0.0498984375 0.34345 0.4953351563 2 0.3223847222 0.4952695313 2 0.36625 0.4954 2 0.3407875 0.5424773438 2 0.3189125 0.5423476563 2 0.3611583333 0.5429335938 2
2 0.3647152778 0.523609375 0.0467083333 0.04984375 0.3669444444 0.4996320312 2 0.3448388889 0.4995023438 2 0.3875472222 0.4997625 2 0.3635888889 0.5471007812 2 0.3414819444 0.5469054688 2 0.3863888889 0.5473609375 2
2 0.3708819444 0.4742734375 0.0504583333 0.049296875 0.371575 0.4507375 2 0.3501625 0.4507375 2 0.3940277778 0.4507375 2 0.36845 0.4976851563 2 0.3461111111 0.4976195312 2 0.3905555556 0.49775 2
2 0.5096319444 0.4778632812 0.0505416667 0.0527734375 0.5130847222 0.4540023438 2 0.5341736111 0.4547242188 2 0.4901611111 0.4529703125 2 0.5077666667 0.5018734375 2 0.5319736111 0.5023898437 2 0.4846597222 0.5012546875 2
2 0.5029513889 0.528421875 0.0547638889 0.053375 0.5048319444 0.5039351563 2 0.5295888889 0.5045539062 2 0.482275 0.503109375 2 0.5007972222 0.552528125 2 0.5253708333 0.5533539063 2 0.4760402778 0.5516 2
2 0.5383402778 0.4752070313 0.0549027778 0.0516796875 0.539675 0.451425 2 0.5171180556 0.450496875 2 0.5635152778 0.4519414063 2 0.5354569444 0.4989851563 2 0.5114333333 0.4985742187 2 0.5576472222 0.4995007812 2
2 0.5308402778 0.5254921875 0.0483472222 0.05221875 0.5332569444 0.5007367188 2 0.51015 0.5002203125 2 0.5543458333 0.5009429687 2 0.5290388889 0.5494335938 2 0.5068486111 0.5490203125 2 0.5497611111 0.5500523438 2
2 0.5610833333 0.4801054688 0.0446388889 0.0503359375 0.56535 0.456271875 2 0.5448097222 0.456065625 2 0.5824041667 0.45658125 2 0.5614986111 0.50435 2 0.5405916667 0.503834375 2 0.5822208333 0.504659375 2
2 0.5548194444 0.5310625 0.0545 0.05221875 0.5567305556 0.5062023437 2 0.5349069444 0.5059960937 2 0.5809375 0.5065117188 2 0.5525125 0.5552085937 2 0.5277555556 0.5547960938 2 0.5785527778 0.5559304687 2
2 0.5854305556 0.4772382813 0.0570277778 0.0527734375 0.5864388889 0.4524546875 2 0.5644319444 0.4521453125 2 0.6119291667 0.4526609375 2 0.5825875 0.5016671875 2 0.5570972222 0.5012546875 2 0.6086291667 0.5023898437 2
2 0.5825069444 0.5284335937 0.0519305556 0.0519140625 0.5864388889 0.5042445313 2 0.5636986111 0.5040382812 2 0.6075277778 0.5043476562 2 0.5818541667 0.5520125 2 0.5578305556 0.55139375 2 0.6038611111 0.5527351563 2
2 0.6111597222 0.533015625 0.0593472222 0.0511875 0.6102791667 0.5087835938 2 0.5877222222 0.5083710938 2 0.6398041667 0.5090929687 2 0.6056944444 0.5573773438 2 0.5814875 0.5566554688 2 0.6346694444 0.55789375 2
2 0.6158888889 0.4818945313 0.0578055556 0.0519296875 0.6165138889 0.457615625 2 0.5917569444 0.4575125 2 0.6425555556 0.457821875 2 0.6126638889 0.506209375 2 0.5884555556 0.5055898437 2 0.6405375 0.50693125 2
2 0.6740555556 0.4841914063 0.05325 0.0520703125 0.6764097222 0.4597804688 2 0.6527527778 0.4592640625 2 0.70025 0.4599867188 2 0.6714583333 0.5087867187 2 0.6474333333 0.5083742187 2 0.6954819444 0.5090960937 2
2 0.6707777778 0.5348632813 0.0529166667 0.0501796875 0.6721805556 0.510925 2 0.6475263889 0.5107835938 2 0.6968347222 0.5109945312 2 0.6700597222 0.5585640625 1 0.6469069444 0.5583882812 1 0.6948513889 0.5585976563 1
2 0.6978125 0.5323398437 0.0515138889 0.0519609375 0.6985680556 0.5072992187 2 0.6747819444 0.5070898437 2 0.7222319444 0.50736875 2 0.6960902778 0.5566460937 2 0.6723041667 0.5562976563 2 0.7192583333 0.556925 1
2 0.7021319444 0.4813085938 0.0556805556 0.0517265625 0.7024097222 0.4567070313 2 0.6777555556 0.4563585937 2 0.7273111111 0.4570554687 2 0.6990638889 0.5057023438 2 0.6747819444 0.5053539062 2 0.7232222222 0.5061898437 2
2 0.7238194444 0.5371757812 0.0529166667 0.0501796875 0.7247097222 0.5132234375 2 0.7005777778 0.513096875 2 0.7498847222 0.5133070312 2 0.7226027778 0.5606882813 1 0.6999583333 0.5607007813 1 0.7479027778 0.5609101563 1
2 0.7281180556 0.4867265625 0.0547638889 0.052265625 0.7303833333 0.4619179688 2 0.7058069444 0.4616015625 2 0.7551152778 0.4618125 2 0.7257 0.5110703125 2 0.7019138889 0.5107921875 2 0.7503541667 0.5112796875 2
2 0.7561458333 0.482 0.0547638889 0.052265625 0.7583833333 0.4573875 2 0.7338333333 0.4568742188 2 0.7832847222 0.4576664062 2 0.7528083333 0.5071523437 2 0.72865 0.50694375 2 0.7780805556 0.5075710937 2
2 0.7517222222 0.5332226562 0.0529166667 0.0501796875 0.7526111111 0.5092632812 2 0.7284791667 0.5091359375 2 0.7777875 0.509346875 2 0.7477277778 0.5573296875 1 0.7250569444 0.5573296875 1 0.7706472222 0.557259375 1
2 0.7824097222 0.4876796875 0.0547638889 0.052265625 0.7837763889 0.4628 2 0.7600958333 0.4625554688 2 0.8061652778 0.4626101562 2 0.7800263889 0.5123609375 2 0.7553277778 0.5119507813 2 0.8008916667 0.5126039063 1
2 0.7778125 0.53896875 0.0547638889 0.05315625 0.7791791667 0.5136390625 2 0.7554972222 0.5133953125 2 0.8007472222 0.51373125 1 0.7752777778 0.5640679687 2 0.7505291667 0.5639875 1 0.7955680556 0.5641492188 1
