3 0.1903004808 0.4213461538 0.3699278846 0.6076442308 0.0133557692 0.4861105769 2 0.3512283654 0.1415600962 2 0.29246875 0.7118052885 2 0 0 0 0 0 0 0 0 0
3 0.3238461538 0.4046514423 0.3859615385 0.6276682692 0.1388894231 0.4594014423 2 0.4914519231 0.1228629808 2 0.4260144231 0.7104711538 2 0 0 0 0 0 0 0 0 0
3 0.3238461538 0.4046514423 0.3859615385 0.6276682692 0.1388894231 0.4594014423 2 0.4914519231 0.1228629808 2 0.4260144231 0.7104711538 2 0 0 0 0 0 0 0 0 0
3 0.5362019231 0.3953004808 0.3859615385 0.6276682692 0.3512283654 0.4500528846 2 0.6436971154 0.1776177885 2 0.6276706731 0.7064639423 2 0 0 0 0 0 0 0 0 0
3 0.4347115385 0.4026442308 0.3859615385 0.6476923077 0.2497331731 0.4473822115 2 0.5462067308 0.1696057692 2 0.5301826923 0.7171466346 2 0 0 0 0 0 0 0 0 0
3 0.1225961538 0.4483173077 0.2451923077 0.6274038462 0 0 0 0.2163461538 0.1549134615 2 0.1696057692 0.7131418269 2 0 0 0 0 0 0 0 0 0
3 0.7769711538 0.2096634615 0.2403846154 0.3365384615 0.8707259615 0.2150096154 2 0.6717403846 0.0654375 2 0.6757475962 0.3619134615 2 0 0 0 0 0 0 0 0 0
3 0.8831370192 0.1976442308 0.2310336538 0.3365384615 0.9815697115 0.2029903846 2 0.7839206731 0.0587596154 2 0.7839206731 0.3472211538 2 0 0 0 0 0 0 0 0 0
3 0.9452524038 0.185625 0.0988221154 0.3365384615 0 0 0 0.9041129808 0.0560889423 2 0.912125 0.3352019231 2 0 0 0 0 0 0 0 0 0
3 0.7188822115 0.2290384615 0.1402163462 0.2096634615 0.7638894231 0.2256947115 2 0.6543798077 0.1415600962 2 0.6543798077 0.3044879808 2 0 0 0 0 0 0 0 0 0
3 0.9472475962 0.4767548077 0.1055048077 0.3365384615 0 0 0 0.9054495192 0.3672548077 2 0.8987716346 0.5956201923 2 0 0 0 0 0 0 0 0 0
3 0.8631009615 0.5021394231 0.215 0.3365384615 0.9561971154 0.5074783654 2 0.7785793269 0.3926274038 2 0.7719014423 0.6209927885 2 0 0 0 0 0 0 0 0 0
3 0.7442548077 0.5168269231 0.215 0.3365384615 0.8373389423 0.5221682692 2 0.6597235577 0.4073197115 2 0.6530456731 0.6356850962 2 0 0 0 0 0 0 0 0 0
3 0.7135336538 0.5255048077 0.1322115385 0.1909615385 0.7518701923 0.5235048077 2 0.6543798077 0.4620721154 2 0.6530456731 0.5849350962 2 0 0 0 0 0 0 0 0 0
3 0.1806730769 0.8938341346 0.215 0.2123317308 0.1228629808 0.9708870192 2 0.2564110577 0.8560360577 2 0 0 0 0 0 0 0 0 0 0 0 0
3 0.1392788462 0.8938341346 0.215 0.2123317308 0.0814639423 0.9708870192 2 0.2150120192 0.8560360577 2 0 0 0 0 0 0 0 0 0 0 0 0
3 0.1075 0.8938341346 0.215 0.2123317308 0.0496802885 0.9708870192 2 0.1832259615 0.8560360577 2 0 0 0 0 0 0 0 0 0 0 0 0
3 0.0889423077 0.8930288462 0.1778846154 0.2139423077 0.0136225962 0.9708870192 2 0.1471682692 0.8560360577 2 0 0 0 0 0 0 0 0 0 0 0 0
3 0.1713461538 0.7889903846 0.215 0.1335576923 0.1135144231 0.7286322115 2 0.2470625 0.8434831731 2 0.2625528846 0.6247331731 1 0 0 0 0 0 0 0 0 0
3 0.1312740385 0.7903365385 0.215 0.1388942308 0.0734495192 0.724625 2 0.2069975962 0.8394759615 2 0.2224879808 0.6207259615 1 0 0 0 0 0 0 0 0 0
3 0.1155288462 0.7863341346 0.1696153846 0.1362259615 0.04540625 0.7318365385 2 0.1685360577 0.8421466346 2 0.1840264423 0.6233966346 1 0 0 0 0 0 0 0 0 0
