2 0.1863084112 0.2884414063 0.0985773624 0.1477265625 0.1895939772 0.2208351562 2 0.2336251298 0.223803125 2 0.1435919003 0.216878125 2 0.1843364486 0.3558703125 2 0.2329678089 0.3578492188 2 0.1455638629 0.3543867187 2
2 0.2360851506 0.28275 0.0936448598 0.14525 0.2395389408 0.2183625 2 0.2822554517 0.220340625 2 0.1955088266 0.2144054688 2 0.235596054 0.3499351562 2 0.2815981308 0.3533976562 2 0.1928795431 0.34795625 2
2 0.3307165109 0.2892148438 0.0942679128 0.1419609375 0.3290228453 0.2218078125 2 0.3736884735 0.2225898438 2 0.2859148494 0.2206351563 2 0.331344756 0.3541085938 2 0.3778431983 0.3562835938 2 0.2843561786 0.3566742187 2
2 0.3795327103 0.29634375 0.0953063344 0.140984375 0.37992108 0.2296265625 2 0.4256261682 0.2315804687 2 0.3342159917 0.2280625 2 0.3801734164 0.3607953125 2 0.4266645898 0.3629289062 2 0.3352554517 0.3629289062 2
2 0.4765264798 0.298984375 0.097642783 0.1443125 0.4796407061 0.2343171875 2 0.5243063344 0.2370539062 2 0.4380903427 0.2311898438 2 0.4718504673 0.36605625 2 0.5154776739 0.3684015625 2 0.4277030114 0.3652742187 2
2 0.5241744548 0.299078125 0.0947871236 0.141765625 0.5274226376 0.2327539063 2 0.5705306334 0.23588125 2 0.4853541018 0.2304078125 2 0.5196323988 0.3641015625 2 0.5632596054 0.3676195313 2 0.4770436137 0.3613648437 2
2 0.6193509865 0.3051289062 0.0966043614 0.1421484375 0.6271422638 0.2421226562 2 0.6666147456 0.24603125 2 0.5855929387 0.2382132813 2 0.6141578401 0.3699523437 2 0.6567466251 0.3734703125 2 0.571569055 0.367215625 2
2 0.6666199377 0.30503125 0.097642783 0.13921875 0.6733665628 0.2425132812 2 0.7143966771 0.24603125 2 0.6318161994 0.23743125 2 0.6593437175 0.3679976562 2 0.7024517134 0.3719070313 2 0.6177933541 0.3648703125 2
2 0.7921703011 0.29253125 0.0947871236 0.14390625 0.7912637591 0.2272671875 2 0.8317757009 0.22883125 2 0.7455597092 0.2237492188 2 0.7948992731 0.3609609375 2 0.8385264798 0.3609609375 2 0.7502336449 0.3605703125 2
2 0.8411266874 0.3001484375 0.0914122534 0.142734375 0.8406043614 0.23313125 2 0.8816344756 0.2346945313 2 0.7974963655 0.2303945312 2 0.8432014538 0.36760625 2 0.8837123572 0.3687796875 2 0.8006126687 0.366825 2
2 0.7477673936 0.4425742188 0.1088058152 0.0829453125 0.74503946 0.4054742187 2 0.7985347871 0.4054742187 2 0.6946604361 0.4046929687 2 0.7491952233 0.4809210937 2 0.8021713396 0.4801398437 2 0.6956998962 0.4813125 2
2 0.8029543094 0.4506835938 0.1023156802 0.0862734375 0.8021713396 0.4121203125 2 0.849953271 0.4117289063 2 0.7517912773 0.4113382813 2 0.8026905504 0.489521875 2 0.8504724818 0.4906945313 2 0.7512720665 0.4883492187 2
2 0.5853322949 0.4410117188 0.1095846314 0.0845078125 0.5855929387 0.4035195313 2 0.6396074766 0.4046929687 2 0.5315773624 0.40195625 2 0.586807892 0.4809234375 2 0.6370103842 0.4809210937 2 0.5315773624 0.4809210937 2
2 0.5289771547 0.4359335938 0.1121806854 0.0837265625 0.5279418484 0.397265625 2 0.5835150571 0.3964835938 2 0.4739273105 0.3964835938 2 0.5284620976 0.4742757812 2 0.5814371755 0.4742757812 2 0.4728888889 0.4750578125 2
2 0.4149844237 0.4302617188 0.124132918 0.0958359375 0.417834891 0.389446875 2 0.4754859813 0.39335625 2 0.3575877466 0.3855375 2 0.4126417445 0.4723210938 2 0.4744465213 0.4754484375 2 0.3534330218 0.46919375 2
2 0.3505815161 0.4333867188 0.1262097612 0.0950546875 0.352913811 0.3921789062 2 0.4136801661 0.39530625 2 0.2921474559 0.3886609375 2 0.349278297 0.4762257812 2 0.4110830737 0.479353125 2 0.2879916926 0.4730984375 2
2 0.2243717549 0.4267421875 0.129325026 0.093484375 0.2277445483 0.38670625 2 0.2864340602 0.3890515625 2 0.1628234683 0.3835789063 2 0.2220321911 0.4672351563 2 0.2822793354 0.4703617187 2 0.1607455867 0.4656710937 2
2 0.1590602285 0.4290898438 0.1249117342 0.0934921875 0.1617840083 0.3882695313 2 0.2215119418 0.3917875 2 0.1129636552 0.3851421875 2 0.1550332295 0.4719257813 2 0.2183956386 0.4730984375 2 0.0984205607 0.4699710938 2
2 0.0855711319 0.55040625 0.0677777778 0.113234375 0.0810218069 0.6036390625 2 0.1142616822 0.6044210937 2 0.0545337487 0.6028570313 2 0.0860228453 0.4986445312 2 0.1168587747 0.49691875 2 0.062325026 0.496528125 2
2 0.1201090343 0.5458164062 0.0703738318 0.1126484375 0.1184164071 0.5993390625 2 0.1506178609 0.5997296875 2 0.0882928349 0.5997296875 2 0.1210134995 0.4934007812 2 0.1542533749 0.4934007812 2 0.0960841121 0.49261875 2
2 0.1534787124 0.5516054688 0.071152648 0.1111015625 0.1563312565 0.4980914063 2 0.1874932503 0.4977007813 2 0.1251692627 0.4977007813 2 0.1537341641 0.6044210937 2 0.1880124611 0.6040296875 2 0.1199750779 0.6048117187 2
2 0.1919106957 0.5447695313 0.06596054 0.1099296875 0.1921682243 0.4930101562 2 0.2238494289 0.4930101562 2 0.1594475597 0.49261875 2 0.1923520249 0.59501875 2 0.2240571132 0.595203125 2 0.1597590862 0.59501875 2
2 0.2232969886 0.549859375 0.0651817238 0.108625 0.2270488058 0.4979320312 2 0.2555867082 0.4977054687 2 0.1946053998 0.4977054687 2 0.2240446521 0.6021375 2 0.2540851506 0.6016851563 2 0.1913011423 0.6023632812 2
2 0.2608774663 0.54534375 0.0675285566 0.10771875 0.2609937695 0.4938632813 2 0.2940384216 0.4940890625 2 0.2300529595 0.4938632813 2 0.259192108 0.5969382813 2 0.2898328141 0.5969382813 2 0.2273489097 0.597390625 2
2 0.3788733126 0.5503789062 0.0620041537 0.1091171875 0.3795347871 0.4991539063 2 0.4095752856 0.5007359375 2 0.3503956386 0.4977976563 2 0.3711235722 0.6017765625 2 0.4011630322 0.60268125 2 0.3491941848 0.601325 2
2 0.40807892 0.5466289063 0.0684942887 0.1075859375 0.4128795431 0.4962148437 2 0.4414174455 0.4973453125 2 0.3825389408 0.4950851562 2 0.4050685358 0.59725625 2 0.4336074766 0.5983859375 2 0.3741266874 0.5963515625 2
2 0.4385617861 0.552140625 0.0681931464 0.10559375 0.4438203531 0.5025445312 2 0.4723592939 0.5034484375 2 0.4143811007 0.5016398438 2 0.4354091381 0.6022289062 2 0.4645482866 0.6031328125 2 0.4056697819 0.601325 2
2 0.4720560748 0.5483203125 0.0666874351 0.105546875 0.4753634476 0.4989273437 2 0.5045025961 0.5002835938 2 0.4462242991 0.4973453125 2 0.4684537902 0.5983859375 2 0.5008971963 0.599290625 2 0.4393146417 0.5977078125 2
2 0.5015057113 0.55390625 0.0678920042 0.10478125 0.5060041537 0.5052570312 2 0.5348431983 0.5054828125 2 0.478066459 0.5043523438 2 0.4981941848 0.6035851563 2 0.5258307373 0.6042632812 2 0.4681536864 0.6029070313 2
2 0.5337642783 0.551125 0.0646417445 0.1035625 0.5369460021 0.5023179688 2 0.5657850467 0.5032226562 2 0.5072056075 0.5011882812 2 0.5318390447 0.6004203125 2 0.5606780893 0.6017765625 2 0.5014984424 0.5990648438 2
2 0.7225285566 0.5625703125 0.0679854621 0.105359375 0.728430945 0.5135375 2 0.7559013499 0.5142421875 2 0.7009595016 0.51189375 2 0.7228120457 0.611490625 2 0.7505950156 0.6126648437 2 0.6950280374 0.6107859375 2
2 0.7564382139 0.5579882812 0.0601246106 0.1046484375 0.7590238837 0.510484375 2 0.7858701973 0.512128125 2 0.7315524403 0.5081351563 2 0.7537165109 0.6067921875 2 0.7796272066 0.6079671875 2 0.7271817238 0.6060875 2
2 0.7833437175 0.5640039062 0.06 0.1020234375 0.7858701973 0.5156515625 2 0.8127175493 0.51635625 2 0.7608971963 0.5147125 2 0.7805638629 0.6129 2 0.8077227414 0.6131351563 2 0.7537165109 0.6126648437 2
2 0.8137175493 0.5603867188 0.062305296 0.1026796875 0.8161516096 0.5125984375 2 0.8442471443 0.5142421875 2 0.7893042575 0.5109539062 2 0.8111568017 0.608671875 2 0.8383156802 0.6096117187 2 0.7830612669 0.6077320313 2
2 0.8428764278 0.5661914062 0.0614330218 0.1018828125 0.8464319834 0.5187054688 2 0.8729667705 0.5198796875 2 0.8195846314 0.5170609375 2 0.8408130841 0.6147789062 2 0.8648504673 0.61571875 2 0.8124049844 0.6140742188 2
2 0.8759916926 0.5651757813 0.0632398754 0.1015546875 0.8745275182 0.5170609375 2 0.907305296 0.5180007813 2 0.8492419522 0.5158867188 2 0.8707819315 0.6124296875 2 0.8976282451 0.6136046875 2 0.8445586708 0.6110203125 2
