2 0.22382 0.4170258621 0.23772 0.2978448276 0.22466 0.5561853448 2 0.331722 0.5561853448 2 0.108326 0.5552780172 2 0.225504 0.2889978448 2 0.341838 0.2971788793 2 0.104954 0.2780926724 2
2 0.33678 0.389299569 0.22424 0.2878663793 0.344366 0.5216530172 2 0.44637 0.518924569 2 0.237306 0.5261961207 2 0.34521 0.2590086207 2 0.445526 0.2626443966 2 0.230562 0.2535560345 1
2 0.44678 0.4165732759 0.20316 0.2660344828 0.44637 0.5371012931 2 0.538256 0.534375 2 0.347738 0.5416465517 2 0.45227 0.2935431034 2 0.548374 0.2935431034 2 0.34521 0.2899073276 2
2 0.11086 0.7320258621 0.15848 0.3845258621 0.1294 0.9060172414 2 0.189254 0.8969288793 2 0.069548 0.9151034483 2 0.102004 0.5533965517 2 0.165228 0.5506702586 1 0.03625 0.5588491379 2
2 0.18314 0.7068211207 0.13108 0.3668318966 0.19389 0.875112069 2 0.247842 0.8696594828 2 0.132352 0.884200431 2 0.176188 0.5352198276 1 0.22761 0.5315840517 1 0.121392 0.5370366379 1
2 0.25038 0.7158943966 0.13488 0.3813577586 0.254586 0.8887435345 2 0.313596 0.8787478448 2 0.19642 0.8978318966 2 0.24447 0.5552133621 1 0.304324 0.5515775862 1 0.182932 0.5588491379 1
2 0.30981 0.7043318966 0.1273 0.3527586207 0.315282 0.8660237069 2 0.372608 0.8578448276 2 0.260488 0.8732952586 2 0.310224 0.5397650862 1 0.366706 0.5370366379 1 0.248686 0.5415818966 1
2 0.37605 0.7059913793 0.12278 0.3611206897 0.379714 0.8703706897 2 0.435912 0.861637931 2 0.32706 0.8812866379 2 0.373132 0.5396142241 1 0.430342 0.5357931034 1 0.320478 0.5417974138 1
2 0.43527 0.6882543103 0.11366 0.3409482759 0.43895 0.8479935345 2 0.491096 0.8430797414 2 0.38579 0.8545431034 2 0.440974 0.5330646552 1 0.49059 0.5297887931 1 0.385284 0.5379762931 1
2 0.49945 0.6920797414 0.10886 0.3529525862 0.499704 0.853450431 2 0.54932 0.8469008621 2 0.446038 0.8621831897 2 0.499198 0.5243318966 1 0.554888 0.5226939655 2 0.450594 0.5254224138 1
2 0.91082 0.8436530172 0.085 0.2445043103 0.905842 0.9553534483 2 0.942882 0.9492112069 2 0.8688 0.9625215517 2 0.922938 0.7280474138 1 0.951904 0.7234396552 1 0.885896 0.7341918103 1
2 0.57082 0.6245474138 0.09736 0.3075 0.572236 0.481862069 2 0.617824 0.4762306034 2 0.525696 0.4849353448 2 0.574134 0.7649719828 2 0.618298 0.7578038793 2 0.53187 0.7716271552 2
2 0.61295 0.5979094828 0.09046 0.2972413793 0.6145 0.4572887931 2 0.650592 0.4542176724 1 0.569386 0.4608728448 2 0.614024 0.7322068966 2 0.656764 0.7270862069 2 0.576034 0.7378383621 2
2 0.66413 0.6059051724 0.0907 0.3023706897 0.663888 0.7414224138 2 0.708052 0.7352780172 1 0.620674 0.7480775862 2 0.666262 0.4649676724 2 0.705202 0.4603599138 1 0.620674 0.4700883621 2
2 0.72693 0.5987715517 0.09902 0.3043965517 0.721348 0.7378383621 2 0.76124 0.7322068966 2 0.67766 0.7450064655 2 0.725214 0.4572435345 2 0.771272 0.4538771552 1 0.680718 0.458924569 1
2 0.7739 0.606950431 0.08996 0.3070043103 0.766978 0.7475840517 2 0.807962 0.7421142241 2 0.728336 0.7534762931 2 0.773614 0.4656573276 2 0.81733 0.4622909483 2 0.729118 0.4690237069 2
2 0.81529 0.5831788793 0.0931 0.3015301724 0.809134 0.7219159483 2 0.848166 0.7172887931 2 0.770102 0.7282284483 2 0.81811 0.4429353448 2 0.861046 0.4387284483 2 0.774786 0.4471443966 2
2 0.86066 0.5890625 0.09368 0.2998491379 0.857142 0.7269655172 2 0.894222 0.721075431 2 0.816158 0.7349612069 2 0.864558 0.4517715517 2 0.905932 0.4479849138 2 0.822404 0.4555603448 2
2 0.92681 0.5973383621 0.09718 0.2883836207 0.918032 0.7294633621 2 0.955894 0.7235732759 2 0.87822 0.7357758621 2 0.932474 0.4603038793 2 0.969554 0.4565172414 2 0.893442 0.4624073276 2
2 0.69479 0.2769612069 0.16558 0.3843965517 0.665602 0.4533426724 2 0.715634 0.4629741379 2 0.612592 0.4437112069 2 0.723378 0.1033922414 2 0.7746 0.1175193966 2 0.67275 0.0892672414 2
2 0.75271 0.2722413793 0.14742 0.3763362069 0.775792 0.1014676724 2 0.822846 0.1117413793 2 0.724568 0.0911939655 2 0.728142 0.4462780172 2 0.775792 0.4539849138 2 0.67811 0.4392155172 2
