1 0.4928359375 0.522140625 0.553390625 0.7578125 0.4934890625 0.8841140625 2 0.23046875 0.8802078125 2 0.76255625 0.8914890625 2 0.515625 0.15234375 2 0 0 0 0 0 0
1 0.0826796875 0.3157578125 0.165359375 0.298171875 0.0442703125 0.4388015625 2 0.1497390625 0.453125 2 0 0.4348953125 2 0.0260421875 0.1692703125 2 0 0 0 0 0 0
1 0.19140625 0.311203125 0.234375 0.296875 0.19140625 0.4401046875 2 0.29296875 0.4479171875 2 0.0794265625 0.4296875 2 0.1783859375 0.1653640625 2 0 0 0 0 0 0
1 0.3476640625 0.29621875 0.221359375 0.30859375 0.3541671875 0.4388015625 2 0.2486984375 0.4348953125 2 0.45554375 0.44663125 1 0.3463921875 0.1458171875 2 0 0 0 0 0 0
1 0.7304765625 0.3229140625 0.127609375 0.169265625 0.7317703125 0.2604171875 2 0.6731765625 0.2721359375 2 0.7825515625 0.2486984375 2 0.7421875 0.40234375 2 0 0 0 0 0 0
1 0.78190625 0.350265625 0.12890625 0.1796875 0.77734375 0.4231765625 2 0.7174484375 0.43359375 2 0.83984375 0.4127609375 2 0.7799484375 0.26953125 2 0 0 0 0 0 0
1 0.8528671875 0.3235703125 0.145828125 0.173171875 0.8528640625 0.2513015625 2 0.9239421875 0.2391625 2 0.7864578125 0.26953125 2 0.8567703125 0.4049484375 2 0 0 0 0 0 0
1 0.8671953125 0.346359375 0.127609375 0.1796875 0.8671875 0.4127609375 2 0.8033859375 0.4244796875 2 0.9231765625 0.4088546875 2 0.866459375 0.258775 2 0 0 0 0 0 0
1 0.94140625 0.33528125 0.1171875 0.18359375 0.9479171875 0.4075515625 2 0.8842890625 0.42476875 2 0.9947921875 0.3997390625 2 0.9557296875 0.2552078125 2 0 0 0 0 0 0
1 0.9342421875 0.3190078125 0.115890625 0.174484375 0.9440109375 0.2447921875 2 0.9908859375 0.2356765625 2 0.8802078125 0.2578125 2 0.9375 0.40234375 2 0 0 0 0 0 0
1 0.361328125 0.2623671875 0.23828125 0.298171875 0.3645828125 0.1263015625 2 0.2486984375 0.1263015625 2 0.4713546875 0.1276046875 2 0.3723953125 0.41015625 2 0 0 0 0 0 0
1 0.1992109375 0.275390625 0.263015625 0.33984375 0.1953125 0.1380203125 2 0.0710234375 0.109753125 2 0.3203125 0.1588546875 2 0.1977171875 0.441028125 2 0 0 0 0 0 0
1 0.08515625 0.271875 0.1703125 0.31875 0.0481765625 0.1354171875 2 0.0013015625 0.1302078125 2 0.1666671875 0.1458328125 2 0.0768234375 0.4283859375 2 0 0 0 0 0 0
