1 0.4329453125 0.2604140625 0.290359375 0.424484375 0.4322921875 0.0611984375 2 0.2955734375 0.0598953125 2 0.5690109375 0.0611984375 2 0.4518234375 0.4674484375 2 0 0 0 0 0 0
1 0.43359375 0.2838515625 0.28125 0.427078125 0.4361984375 0.4830734375 2 0.2981765625 0.4830734375 2 0.5651046875 0.4830734375 2 0.4127609375 0.0755203125 2 0 0 0 0 0 0
1 0.5937578125 0.2617109375 0.283859375 0.427078125 0.59765625 0.4622390625 2 0.7252609375 0.4622390625 2 0.4674484375 0.46484375 2 0.58203125 0.0546875 2 0 0 0 0 0 0
1 0.7304609375 0.2565078125 0.278640625 0.424484375 0.7252609375 0.0598953125 2 0.859375 0.0572921875 2 0.5963546875 0.0638015625 2 0.73828125 0.4609375 2 0 0 0 0 0 0
1 0.760421875 0.2792890625 0.28125 0.423171875 0.76171875 0.47265625 2 0.88671875 0.4739578125 2 0.62890625 0.4791671875 2 0.7486984375 0.0755203125 2 0 0 0 0 0 0
1 0.451171875 0.7499921875 0.28515625 0.333328125 0.453125 0.5911453125 2 0.3151046875 0.5963546875 2 0.578125 0.5911453125 2 0.4635421875 0.9088546875 2 0 0 0 0 0 0
1 0.7460859375 0.7376328125 0.270828125 0.334640625 0.7369796875 0.58984375 2 0.6158859375 0.5963546875 2 0.8723953125 0.58203125 2 0.7473953125 0.8958328125 2 0 0 0 0 0 0
1 0.7636796875 0.7656328125 0.287765625 0.338546875 0.76953125 0.9205734375 2 0.8971359375 0.9166671875 2 0.6341140625 0.92578125 2 0.7604171875 0.6002609375 2 0 0 0 0 0 0
1 0.4407578125 0.7734375 0.282546875 0.34375 0.4388015625 0.9231765625 2 0.3059890625 0.9322921875 2 0.5716140625 0.9270828125 2 0.4391421875 0.6058953125 2 0 0 0 0 0 0
1 0.6015625 0.7519453125 0.2890625 0.329421875 0.6067703125 0.9010421875 2 0.7369796875 0.8997390625 2 0.4739578125 0.9049484375 2 0.59765625 0.5911453125 2 0 0 0 0 0 0
