0 0.1575864198 0.2702824074 0.0244814815 0.0534351852 0.1646185185 0.2461814815 2 0.1464654321 0.2461814815 2 0.1489518519 0.2957907407 2 0.1683481481 0.2961638889 2 0 0 0 0 0 0
0 0.1592160494 0.2671111111 0.0232469136 0.0549259259 0.1500703704 0.2422648148 2 0.1682234568 0.2422648148 2 0.169591358 0.2920611111 2 0.1509419753 0.2920611111 2 0 0 0 0 0 0
0 0.1843271605 0.2667314815 0.0232469136 0.0549259259 0.1751864198 0.2418916667 2 0.1933395062 0.2418916667 2 0.1947074074 0.291687963 2 0.1760567901 0.291687963 2 0 0 0 0 0 0
0 0.1822098765 0.2713101852 0.0229876543 0.05325 0.1902308642 0.2463675926 2 0.1720777778 0.2463675926 2 0.1738185185 0.2959777778 2 0.1914740741 0.2959777778 2 0 0 0 0 0 0
0 0.2066975309 0.2700972222 0.0247283951 0.0530648148 0.2158444444 0.2456222222 2 0.1966962963 0.2456222222 2 0.1991839506 0.2946722222 2 0.2168382716 0.2946722222 2 0 0 0 0 0 0
0 0.210191358 0.2672962963 0.0232469136 0.0549259259 0.2010481481 0.2424518519 2 0.2192 0.2424518519 2 0.2205691358 0.2922472222 2 0.2019185185 0.2922472222 2 0 0 0 0 0 0
0 0.2319012346 0.2694212963 0.0240987654 0.0519166667 0.2395728395 0.244237963 2 0.2215802469 0.2443842593 2 0.2240679012 0.2934342593 2 0.2417234568 0.2934342593 2 0 0 0 0 0 0
0 0.234382716 0.2669953704 0.0249876543 0.0518240741 0.2243679012 0.2418583333 2 0.2423592593 0.2420037037 2 0.2460469136 0.2910861111 2 0.2272580247 0.2912768519 2 0 0 0 0 0 0
0 0.2552592593 0.2691435185 0.0251111111 0.0519166667 0.2635679012 0.2438574074 2 0.2444333333 0.2440981481 2 0.2478246914 0.2933712963 2 0.2664876543 0.2930861111 2 0 0 0 0 0 0
0 0.2585061728 0.2660509259 0.0249876543 0.0518240741 0.2484901235 0.2409055556 2 0.2664814815 0.2410518519 2 0.2701703704 0.2901342593 2 0.2513802469 0.290325 2 0 0 0 0 0 0
0 0.3332160494 0.2680416667 0.0264567901 0.0534351852 0.3395333333 0.2439435185 2 0.3228469136 0.243987037 2 0.3277839506 0.2912444444 2 0.345062963 0.2912444444 2 0 0 0 0 0 0
0 0.3361049383 0.2719212963 0.0267530864 0.0510277778 0.325208642 0.2479574074 2 0.3424654321 0.2478842593 2 0.3479209877 0.295337037 2 0.3297333333 0.2957268519 2 0 0 0 0 0 0
0 0.3128888889 0.272287037 0.0280493827 0.0515185185 0.3013444444 0.2476824074 2 0.3194975309 0.2476824074 2 0.325445679 0.2955324074 2 0.3064777778 0.2958240741 2 0 0 0 0 0 0
0 0.3112962963 0.2691018519 0.0262469136 0.0505185185 0.3176888889 0.2455324074 2 0.2995358025 0.2455324074 2 0.3068679012 0.2929981481 2 0.3233666667 0.2928037037 2 0 0 0 0 0 0
0 0.3562469136 0.2679444444 0.0278518519 0.0506296296 0.3626024691 0.2440842593 2 0.3442839506 0.2440842593 2 0.3502864198 0.291887037 2 0.3675395062 0.2919268519 2 0 0 0 0 0 0
0 0.358037037 0.2714768519 0.026617284 0.0505462963 0.3472135802 0.2478518519 2 0.3653666667 0.2478518519 2 0.3698777778 0.2947527778 2 0.3519493827 0.2949472222 2 0 0 0 0 0 0
0 0.3785864198 0.2688842593 0.0264320988 0.0519166667 0.3850888889 0.2436944444 2 0.3670975309 0.2438407407 2 0.3718271605 0.2911472222 2 0.3905345679 0.2908546296 2 0 0 0 0 0 0
0 0.3805925926 0.2714351852 0.0249876543 0.0508148148 0.3693925926 0.2481296296 2 0.3866518519 0.2477935185 2 0.3922592593 0.2950203704 2 0.3734691358 0.2952101852 2 0 0 0 0 0 0
0 0.4008024691 0.2676157407 0.0251111111 0.0510833333 0.4070493827 0.2435907407 2 0.3899728395 0.2438296296 2 0.3953938272 0.2909972222 2 0.4119802469 0.2909972222 2 0 0 0 0 0 0
0 0.4037098765 0.2724027778 0.0265555556 0.0509537037 0.3924802469 0.2489703704 2 0.4097395062 0.2488018519 2 0.4153432099 0.2957046296 2 0.3976345679 0.2958731481 2 0 0 0 0 0 0
0 0.2907283951 0.2736018519 0.0280493827 0.0515185185 0.2791814815 0.2490018519 2 0.2973345679 0.2490018519 2 0.303282716 0.2968518519 2 0.2843148148 0.2971444444 2 0 0 0 0 0 0
0 0.2864567901 0.2706851852 0.0262469136 0.0505185185 0.2938580247 0.2494953704 1 0.274862963 0.2498601852 2 0.2820271605 0.2945814815 2 0.2985271605 0.294387037 1 0 0 0 0 0 0
0 0.5937222222 0.2623842593 0.027691358 0.0502314815 0.5986740741 0.2387861111 2 0.5815975309 0.239025 2 0.5868703704 0.2854787037 2 0.6053555556 0.2854787037 2 0 0 0 0 0 0
0 0.5970061728 0.2642546296 0.0265555556 0.0509537037 0.5857753086 0.2408231481 2 0.6030345679 0.2406555556 2 0.6086382716 0.2875574074 2 0.5909308642 0.2877259259 2 0 0 0 0 0 0
0 0.4546666667 0.278375 0.068345679 0.01925 0.4859234568 0.2704083333 2 0.4859234568 0.2847546296 2 0.4222703704 0.2862018519 2 0.4219481481 0.2739046296 2 0 0 0 0 0 0
0 0.4493580247 0.2768055556 0.0689876543 0.018037037 0.4814234568 0.2833083333 2 0.4804592593 0.2687212963 2 0.4172864198 0.2704175926 2 0.4169654321 0.2841518519 2 0 0 0 0 0 0
0 0.4578765432 0.2608935185 0.068345679 0.01925 0.4891382716 0.2529277778 2 0.4891382716 0.2672740741 2 0.4254851852 0.2687212963 2 0.425162963 0.2564240741 2 0 0 0 0 0 0
0 0.4488765432 0.2590833333 0.0689876543 0.018037037 0.4809407407 0.2655861111 2 0.4799765432 0.2509990741 2 0.4168049383 0.2526953704 2 0.416482716 0.2664305556 2 0 0 0 0 0 0
0 0.4570740741 0.2435324074 0.068345679 0.01925 0.4883345679 0.2355675926 2 0.4883345679 0.2499138889 2 0.4246814815 0.2513611111 2 0.4243592593 0.2390638889 2 0 0 0 0 0 0
0 0.4482345679 0.241962963 0.0689876543 0.018037037 0.4802975309 0.2484675926 2 0.4793333333 0.2338796296 2 0.4161617284 0.2355759259 2 0.4158407407 0.2493111111 2 0 0 0 0 0 0
0 0.450962963 0.225087963 0.068345679 0.01925 0.4822271605 0.2171222222 2 0.4822271605 0.2314685185 2 0.4185728395 0.2329157407 2 0.4182518519 0.2206185185 2 0 0 0 0 0 0
0 0.4450123457 0.2232777778 0.0689876543 0.0173148148 0.477082716 0.2301425926 2 0.4766012346 0.2157962963 2 0.4129469136 0.2168814815 2 0.4131074074 0.2307453704 2 0 0 0 0 0 0
0 0.4525679012 0.2066435185 0.068345679 0.01925 0.4838345679 0.1986777778 2 0.4838345679 0.2130240741 2 0.4201802469 0.2144703704 2 0.4198592593 0.2021731481 2 0 0 0 0 0 0
0 0.4458148148 0.2058981481 0.0689876543 0.017037037 0.4777777778 0.2121296296 2 0.4774049383 0.1985564815 2 0.4137506173 0.1996416667 2 0.4139111111 0.2135055556 2 0 0 0 0 0 0
0 0.5418271605 0.2815694444 0.0651358025 0.01675 0.5717283951 0.2740740741 2 0.5717283951 0.287037037 2 0.5110358025 0.2887018519 2 0.5107135802 0.2764046296 2 0 0 0 0 0 0
0 0.5329382716 0.2801805556 0.0651358025 0.01675 0.5030296296 0.2876657407 2 0.5030296296 0.2747027778 2 0.5637222222 0.273037963 2 0.5640432099 0.2853342593 2 0 0 0 0 0 0
0 0.5452839506 0.2645324074 0.0651358025 0.01675 0.5751851852 0.257037037 2 0.5754320988 0.2707407407 2 0.5144925926 0.2716648148 2 0.5141703704 0.2593675926 2 0 0 0 0 0 0
0 0.5376296296 0.2634675926 0.0651358025 0.017212963 0.5077209877 0.2704435185 2 0.5077209877 0.2574805556 2 0.5683950617 0.2561111111 2 0.5686419753 0.2687962963 2 0 0 0 0 0 0
0 0.5421975309 0.2477731481 0.0651358025 0.01675 0.5720987654 0.2402777778 2 0.572345679 0.2539814815 2 0.5114061728 0.2549055556 2 0.5110839506 0.2426083333 2 0 0 0 0 0 0
0 0.5351604938 0.2465231481 0.0651358025 0.017212963 0.5052518519 0.2534990741 2 0.5052518519 0.2405361111 2 0.565308642 0.2399074074 2 0.5654320988 0.2525925926 2 0 0 0 0 0 0
0 0.5239259259 0.2326805556 0.0651358025 0.01675 0.5538271605 0.2251851852 2 0.5540740741 0.2388888889 2 0.4931345679 0.239812963 2 0.4928123457 0.2275157407 2 0 0 0 0 0 0
0 0.5177530864 0.2305046296 0.0651358025 0.017212963 0.4878444444 0.2374805556 2 0.4878444444 0.2245175926 2 0.5479012346 0.2238888889 2 0.5480246914 0.2365740741 2 0 0 0 0 0 0
0 0.5261481481 0.2161064815 0.0651358025 0.01675 0.5560493827 0.2086111111 2 0.5562962963 0.2223148148 2 0.4953567901 0.2232388889 2 0.4950345679 0.2109416667 2 0 0 0 0 0 0
0 0.5193580247 0.2137453704 0.0651358025 0.017212963 0.4894493827 0.2207212963 2 0.4894493827 0.2077583333 2 0.5495061728 0.2071296296 2 0.5496296296 0.2198148148 2 0 0 0 0 0 0
0 0.6159444444 0.2613657407 0.027691358 0.0502314815 0.6208962963 0.2377675926 2 0.6038197531 0.2380064815 2 0.6090925926 0.2844601852 2 0.6275777778 0.2844601852 2 0 0 0 0 0 0
0 0.6175 0.2644398148 0.0265555556 0.0509537037 0.6062691358 0.2410083333 2 0.6235283951 0.2408407407 2 0.6291320988 0.2877425926 2 0.6114246914 0.2879111111 2 0 0 0 0 0 0
0 0.6382901235 0.2592361111 0.027691358 0.0502314815 0.6432419753 0.235637963 2 0.6261654321 0.2358768519 2 0.6314382716 0.2823305556 2 0.6499234568 0.2823305556 2 0 0 0 0 0 0
0 0.6404012346 0.2645324074 0.0247037037 0.0509537037 0.6295061728 0.2412037037 2 0.6455037037 0.2409333333 2 0.6511074074 0.2878351852 2 0.6334 0.2880037037 2 0 0 0 0 0 0
0 0.660882716 0.2577546296 0.027691358 0.0502314815 0.6658345679 0.2341564815 2 0.6487580247 0.2343953704 2 0.6540308642 0.2808490741 2 0.6725160494 0.2808490741 2 0 0 0 0 0 0
0 0.6638580247 0.2612916667 0.0247037037 0.0509537037 0.652962963 0.237962963 2 0.6689604938 0.2376925926 2 0.6745641975 0.2845944444 2 0.6568567901 0.284762963 2 0 0 0 0 0 0
0 0.6829814815 0.2575694444 0.027691358 0.0502314815 0.6879333333 0.2339712963 2 0.6708567901 0.2342101852 2 0.6761296296 0.2806638889 2 0.6946148148 0.2806638889 2 0 0 0 0 0 0
0 0.6855864198 0.2613842593 0.0247037037 0.0509537037 0.674691358 0.2380555556 2 0.6906888889 0.2377851852 2 0.6962925926 0.284687037 2 0.6785851852 0.2848555556 2 0 0 0 0 0 0
2 0.1760246914 0.348587963 0.0528148148 0.0726018519 0.1697580247 0.3139805556 2 0.1911320988 0.3135175926 2 0.1510555556 0.3142888889 2 0.1773617284 0.3822638889 2 0.1981197531 0.3824175926 2 0.1576320988 0.3822638889 2
2 0.1975 0.3455046296 0.0505555556 0.0726018519 0.1923654321 0.3108972222 2 0.2137395062 0.3104351852 2 0.173662963 0.3112055556 2 0.2001740741 0.3779481481 2 0.2196987654 0.3774851852 2 0.1796222222 0.3785638889 2
2 0.221654321 0.3478194444 0.0528148148 0.0726018519 0.215382716 0.3132092593 2 0.2367567901 0.3127472222 2 0.1966802469 0.3135175926 2 0.2219592593 0.3797972222 2 0.2412777778 0.3787185185 2 0.2030518519 0.3807222222 2
2 0.2405555556 0.3436574074 0.0470617284 0.0704444444 0.2371679012 0.3101268519 2 0.2571037037 0.3095101852 2 0.2184654321 0.3104351852 2 0.2439506173 0.3765601852 2 0.2624469136 0.3759435185 2 0.2254530864 0.3773314815 2
2 0.2625432099 0.3462777778 0.0470617284 0.0704444444 0.2591580247 0.3127472222 2 0.2790938272 0.3121305556 2 0.2404567901 0.3130555556 2 0.2659407407 0.3784101852 2 0.2838209877 0.3781018519 2 0.247854321 0.3793351852 2
2 0.2841234568 0.3427314815 0.0470617284 0.0704444444 0.2807382716 0.3092018519 2 0.3006728395 0.3085851852 2 0.2620358025 0.3095101852 2 0.2875197531 0.3748648148 2 0.3054 0.3745564815 2 0.2694345679 0.3757898148 2
2 0.3052962963 0.3445740741 0.0470617284 0.0704444444 0.3019061728 0.3110518519 2 0.3218419753 0.3104351852 2 0.2832037037 0.3113601852 2 0.3086876543 0.3767148148 2 0.3265679012 0.3764064815 2 0.2906024691 0.3776398148 2
2 0.4267283951 0.3477777778 0.0470617284 0.0704444444 0.4233407407 0.31425 2 0.4432753086 0.3136333333 2 0.4046382716 0.3145583333 2 0.4282679012 0.3774 2 0.4451222222 0.3769425926 2 0.4112098765 0.3780092593 2
2 0.4458209877 0.3438935185 0.0446296296 0.0669351852 0.4436469136 0.3121175926 2 0.4635814815 0.3115009259 2 0.4249444444 0.3124259259 2 0.4485753086 0.3748111111 2 0.4654296296 0.3745064815 2 0.430908642 0.374962963 2
2 0.4662283951 0.3454907407 0.043617284 0.0664814815 0.464562963 0.31425 2 0.4810654321 0.3138907407 2 0.4458604938 0.3145583333 2 0.4692876543 0.3770953704 2 0.4859395062 0.376637963 2 0.4526358025 0.3775518519 2
2 0.4862283951 0.3424398148 0.0446296296 0.0655648148 0.4840567901 0.3113564815 2 0.5039925926 0.3107398148 2 0.4653555556 0.3116648148 2 0.4877666667 0.3735925926 2 0.5048246914 0.373287963 2 0.4717246914 0.3738972222 2
2 0.5057345679 0.3447268519 0.0430246914 0.0655648148 0.5043641975 0.3136407407 2 0.5203703704 0.3133333333 2 0.4856617284 0.3139490741 2 0.5080728395 0.3758768519 2 0.5251308642 0.3755722222 2 0.4920308642 0.3761814815 2
2 0.5252407407 0.3416064815 0.0446296296 0.0655648148 0.5230691358 0.3105231481 2 0.5430049383 0.3099064815 2 0.5043679012 0.3108314815 2 0.5267790123 0.3727592593 2 0.543837037 0.3724546296 2 0.510737037 0.3730638889 2
2 0.5458580247 0.3427175926 0.0446296296 0.0655648148 0.5436864198 0.3116342593 2 0.5613580247 0.3112962963 2 0.5249851852 0.3119425926 2 0.5473962963 0.3738703704 2 0.5664197531 0.3736111111 2 0.531354321 0.374175 2
2 0.5859814815 0.3409583333 0.0446296296 0.0655648148 0.5835802469 0.3096296296 2 0.6014814815 0.309537037 2 0.5658024691 0.3099074074 2 0.5871604938 0.3721296296 2 0.6065432099 0.3718518519 2 0.5714777778 0.3724157407 2
2 0.6053024691 0.337625 0.0422839506 0.0655648148 0.6040740741 0.3062962963 2 0.6219753086 0.3062037037 2 0.5862962963 0.3065740741 2 0.6066666667 0.3688888889 2 0.6254320988 0.3685185185 2 0.5890123457 0.3691666667 2
2 0.6253024691 0.3393842593 0.0422839506 0.0655648148 0.6240740741 0.3080555556 2 0.6419753086 0.307962963 2 0.6062962963 0.3083333333 2 0.6266666667 0.3706481481 2 0.6454320988 0.3702777778 2 0.6090123457 0.3709259259 2
2 0.6477716049 0.3345694444 0.0422839506 0.0668611111 0.6465432099 0.3025925926 2 0.6644444444 0.3025 2 0.6287654321 0.3028703704 2 0.6496296296 0.3665740741 2 0.6675308642 0.3663888889 2 0.6319753086 0.3668518519 2
2 0.6696234568 0.3356805556 0.0422839506 0.0668611111 0.6683950617 0.3037037037 2 0.6862962963 0.3036111111 2 0.650617284 0.3039814815 2 0.6714814815 0.3676851852 2 0.689382716 0.3675 2 0.6538271605 0.367962963 2
2 0.6908580247 0.3316990741 0.0422839506 0.0668611111 0.6896296296 0.2997222222 2 0.7075308642 0.2996296296 2 0.6718518519 0.3 2 0.6922222222 0.3636111111 2 0.710617284 0.3635185185 2 0.6750617284 0.3639814815 2
2 0.701845679 0.3387361111 0.0422839506 0.0668611111 0.700617284 0.3067592593 2 0.7185185185 0.3066666667 2 0.6828395062 0.307037037 1 0.7037037037 0.3694444444 2 0.7227160494 0.3685185185 2 0.6856790123 0.3703703704 2
2 0.177845679 0.4058703704 0.0250740741 0.0190740741 0.1756790123 0.3978703704 2 0.1867901235 0.3976851852 2 0.1665432099 0.3981481481 2 0.1774506173 0.4131703704 2 0.1888777778 0.4130092593 2 0.1688259259 0.4131703704 2
2 0.1910555556 0.4071666667 0.0240864198 0.0190740741 0.189382716 0.3991666667 2 0.2004938272 0.3989814815 2 0.1802469136 0.3994444444 2 0.1911111111 0.4152777778 2 0.2014814815 0.4150925926 2 0.1825925926 0.415462963 2
2 0.2052530864 0.4028148148 0.023345679 0.0190740741 0.2039506173 0.3948148148 2 0.2150617284 0.3946296296 2 0.1948148148 0.3950925926 2 0.2055555556 0.4115740741 2 0.2156790123 0.4112962963 2 0.197037037 0.4119444444 2
2 0.2185864198 0.4046666667 0.023345679 0.0190740741 0.2177777778 0.3966666667 2 0.2283950617 0.3964814815 2 0.2081481481 0.3969444444 2 0.2187654321 0.4131481481 2 0.2290123457 0.4131481481 2 0.2101234568 0.4131481481 2
2 0.2326604938 0.400962963 0.023345679 0.0190740741 0.2313580247 0.392962963 2 0.2424691358 0.3927777778 2 0.2222222222 0.3932407407 2 0.232962963 0.4097222222 2 0.2430864198 0.4094444444 2 0.2244444444 0.4100925926 2
2 0.2464876543 0.4042962963 0.023345679 0.0190740741 0.2451851852 0.3962962963 2 0.2562962963 0.3961111111 2 0.2360493827 0.3965740741 2 0.2467901235 0.4130555556 2 0.2569135802 0.4127777778 2 0.2382716049 0.4134259259 2
2 0.2600679012 0.4006851852 0.023345679 0.0190740741 0.2587654321 0.3926851852 2 0.2698765432 0.3925 2 0.2496296296 0.392962963 2 0.2598765432 0.4093518519 2 0.2704938272 0.4091666667 2 0.2498765432 0.4092592593 2
2 0.2718580247 0.3977222222 0.0271728395 0.0196296296 0.2724691358 0.3894444444 2 0.2835802469 0.3892592593 2 0.2633333333 0.3897222222 2 0.2732098765 0.4065740741 2 0.2840740741 0.4066666667 2 0.2628395062 0.4066666667 2
2 0.2863641975 0.3942037037 0.028037037 0.0203703704 0.2862962963 0.3855555556 2 0.2971604938 0.3855555556 2 0.2750617284 0.3855555556 2 0.287037037 0.4026851852 2 0.2979012346 0.4027777778 2 0.2766666667 0.4027777778 2
2 0.3011790123 0.3978148148 0.028037037 0.0203703704 0.3011111111 0.3891666667 2 0.3119753086 0.3891666667 2 0.2898765432 0.3891666667 2 0.3018518519 0.4062962963 2 0.3127160494 0.4063888889 2 0.2914814815 0.4063888889 2
2 0.3159938272 0.3939259259 0.028037037 0.0203703704 0.3159259259 0.3852777778 2 0.3267901235 0.3852777778 2 0.304691358 0.3852777778 2 0.3166666667 0.4024074074 2 0.3275308642 0.4025 2 0.3062962963 0.4025 2
2 0.3305617284 0.3972592593 0.028037037 0.0203703704 0.3304938272 0.3886111111 2 0.3413580247 0.3886111111 2 0.3192592593 0.3886111111 2 0.3312345679 0.4057407407 2 0.3420987654 0.4058333333 2 0.3208641975 0.4058333333 2
2 0.3440185185 0.3929074074 0.028037037 0.0203703704 0.3439506173 0.3842592593 2 0.3548148148 0.3842592593 2 0.3327160494 0.3842592593 2 0.344691358 0.4013888889 2 0.3555555556 0.4014814815 2 0.3343209877 0.4014814815 2
2 0.358462963 0.3965185185 0.028037037 0.0203703704 0.3583950617 0.3878703704 2 0.3692592593 0.3878703704 2 0.3471604938 0.3878703704 2 0.3591358025 0.405 2 0.37 0.4050925926 2 0.3487654321 0.4050925926 2
2 0.2748209877 0.4175833333 0.0249506173 0.020462963 0.2743209877 0.4082407407 2 0.2854320988 0.4082407407 2 0.264691358 0.4081481481 2 0.2748148148 0.4264814815 2 0.2855555556 0.4265740741 2 0.264691358 0.4264814815 2
2 0.288462963 0.4133703704 0.028037037 0.0203703704 0.2883950617 0.4047222222 2 0.2992592593 0.4047222222 2 0.2771604938 0.4047222222 2 0.2891358025 0.4218518519 2 0.3 0.4219444444 2 0.2787654321 0.4219444444 2
2 0.3034012346 0.4177222222 0.028037037 0.0203703704 0.3033333333 0.4090740741 2 0.3141975309 0.4090740741 2 0.2920987654 0.4090740741 2 0.3040740741 0.4262037037 2 0.3149382716 0.4262962963 2 0.2937037037 0.4262962963 2
2 0.3172283951 0.4130925926 0.028037037 0.0203703704 0.3171604938 0.4044444444 2 0.3280246914 0.4044444444 2 0.3059259259 0.4044444444 2 0.3179012346 0.4215740741 2 0.3287654321 0.4216666667 2 0.3075308642 0.4216666667 2
2 0.3319197531 0.4168888889 0.028037037 0.0203703704 0.3318518519 0.4082407407 2 0.3427160494 0.4082407407 2 0.320617284 0.4082407407 2 0.3325925926 0.4253703704 2 0.3434567901 0.425462963 2 0.3222222222 0.425462963 2
2 0.3452530864 0.4119814815 0.028037037 0.0203703704 0.3451851852 0.4033333333 2 0.3560493827 0.4033333333 2 0.3339506173 0.4033333333 2 0.3459259259 0.420462963 2 0.3567901235 0.4205555556 2 0.3355555556 0.4205555556 2
2 0.3596975309 0.4155 0.028037037 0.0203703704 0.3596296296 0.4068518519 2 0.3704938272 0.4068518519 2 0.3483950617 0.4068518519 2 0.3603703704 0.4239814815 2 0.3712345679 0.4240740741 2 0.35 0.4240740741 2
2 0.2772901235 0.4369814815 0.0249506173 0.0196296296 0.2767901235 0.4287037037 2 0.2879012346 0.4285185185 2 0.267654321 0.4289814815 2 0.2772839506 0.445462963 2 0.2880246914 0.4455555556 2 0.2671604938 0.445462963 2
2 0.2915493827 0.4329074074 0.0245802469 0.0196296296 0.2908641975 0.4246296296 2 0.3024691358 0.4246296296 2 0.2813580247 0.4246296296 2 0.2913580247 0.4413888889 2 0.3020987654 0.4414814815 2 0.2812345679 0.4413888889 2
2 0.3066111111 0.4368888889 0.0245802469 0.0196296296 0.3055555556 0.4286111111 2 0.3175308642 0.4286111111 2 0.2958024691 0.4286111111 2 0.3064197531 0.4453703704 2 0.3171604938 0.445462963 2 0.2962962963 0.4453703704 2
2 0.3196975309 0.4316111111 0.0245802469 0.0196296296 0.3186419753 0.4233333333 2 0.330617284 0.4233333333 2 0.3088888889 0.4233333333 2 0.3195061728 0.4400925926 2 0.3302469136 0.4401851852 2 0.309382716 0.4400925926 2
2 0.3468580247 0.4305 0.0245802469 0.0196296296 0.3458024691 0.4222222222 2 0.3577777778 0.4222222222 2 0.3360493827 0.4222222222 2 0.3466666667 0.4389814815 2 0.3574074074 0.4390740741 2 0.3365432099 0.4389814815 2
2 0.3334012346 0.4352222222 0.0245802469 0.0196296296 0.332345679 0.4269444444 2 0.3443209877 0.4269444444 2 0.3225925926 0.4269444444 2 0.3332098765 0.4437037037 2 0.3439506173 0.4437962963 2 0.3230864198 0.4437037037 2
2 0.3619197531 0.4345740741 0.0245802469 0.0196296296 0.3608641975 0.4262962963 2 0.3728395062 0.4262962963 2 0.3511111111 0.4262962963 2 0.3617283951 0.4430555556 2 0.3724691358 0.4431481481 2 0.3516049383 0.4430555556 2
2 0.2476604938 0.4222592593 0.0249506173 0.0196296296 0.2471604938 0.4139814815 2 0.2582716049 0.4137962963 2 0.2380246914 0.4142592593 2 0.247654321 0.4307407407 2 0.2583950617 0.4308333333 2 0.2375308642 0.4307407407 2
2 0.2497592593 0.4404074074 0.0249506173 0.0196296296 0.2492592593 0.4321296296 2 0.2603703704 0.4319444444 2 0.2401234568 0.4324074074 2 0.2497530864 0.4488888889 2 0.2604938272 0.4489814815 2 0.2396296296 0.4488888889 2
2 0.2340802469 0.4192962963 0.0249506173 0.0196296296 0.2335802469 0.4110185185 2 0.244691358 0.4108333333 2 0.2244444444 0.4112962963 2 0.2340740741 0.4277777778 2 0.2448148148 0.4278703704 2 0.2239506173 0.4277777778 2
2 0.2350679012 0.4370740741 0.0249506173 0.0196296296 0.2345679012 0.4289814815 2 0.245308642 0.4288888889 2 0.2254320988 0.4290740741 2 0.235308642 0.4455555556 2 0.2465432099 0.4455555556 2 0.2251851852 0.4455555556 2
2 0.2208703704 0.4231851852 0.0259382716 0.0201851852 0.2207407407 0.4139814815 2 0.2308641975 0.4138888889 2 0.2108641975 0.4141666667 2 0.2214814815 0.4312037037 2 0.2328395062 0.4312962963 2 0.2112345679 0.4312037037 2
2 0.2236481481 0.4414259259 0.0260617284 0.0196296296 0.2237037037 0.4331481481 2 0.2335802469 0.4330555556 2 0.2133333333 0.4332407407 2 0.2241975309 0.4499074074 2 0.2349382716 0.45 2 0.2140740741 0.4499074074 2
2 0.2063024691 0.4217962963 0.0259382716 0.0201851852 0.2061728395 0.4125925926 2 0.2162962963 0.4125 2 0.1962962963 0.4127777778 2 0.207037037 0.4291666667 2 0.2182716049 0.4289814815 2 0.1969135802 0.4293518519 2
2 0.2083395062 0.4385555556 0.0260617284 0.0196296296 0.2083950617 0.4302777778 2 0.2182716049 0.4301851852 2 0.1980246914 0.4303703704 2 0.2088888889 0.447037037 2 0.2202469136 0.4468518519 2 0.1995061728 0.4472222222 2
2 0.1959938272 0.4432777778 0.0260617284 0.0196296296 0.1960493827 0.435 2 0.2059259259 0.4349074074 2 0.1856790123 0.4350925926 2 0.197037037 0.4517592593 2 0.2079012346 0.4515740741 2 0.1871604938 0.4519444444 2
2 0.193154321 0.425037037 0.0260617284 0.0196296296 0.1932098765 0.4167592593 2 0.2030864198 0.4166666667 2 0.1828395062 0.4168518519 2 0.1941975309 0.4335185185 2 0.2050617284 0.4333333333 2 0.1843209877 0.4337037037 2
2 0.1903271605 0.4754351852 0.0260617284 0.0196296296 0.1903802469 0.4671601852 2 0.2002567901 0.4670675926 2 0.1800098765 0.4672527778 2 0.1913679012 0.4839194444 2 0.2022320988 0.4837342593 2 0.181491358 0.4841046296 2
2 0.202537037 0.47075 0.0260617284 0.0196296296 0.2025901235 0.4624722222 2 0.2124666667 0.4623796296 2 0.1922197531 0.4625648148 2 0.2035777778 0.4792314815 2 0.2144419753 0.4790462963 2 0.1937012346 0.4794166667 2
2 0.2227469136 0.474787037 0.0260617284 0.0196296296 0.2227950617 0.4665064815 2 0.2326716049 0.466412963 2 0.2124246914 0.4665981481 2 0.223782716 0.4832648148 2 0.2346469136 0.4830796296 2 0.2139061728 0.48345 2
2 0.2369814815 0.470537037 0.0260617284 0.0196296296 0.2370395062 0.4622546296 2 0.2469160494 0.4621611111 2 0.2266691358 0.4623462963 2 0.2380271605 0.479012963 2 0.248891358 0.4788277778 2 0.2281506173 0.4791981481 2
2 0.2507962963 0.4736944444 0.0260617284 0.0196296296 0.2508481481 0.4654157407 2 0.2607246914 0.4653231481 2 0.2404777778 0.4655083333 2 0.2518358025 0.482175 2 0.2627 0.4819898148 2 0.2419592593 0.4823601852 2
2 0.1786975309 0.5104351852 0.0260617284 0.0196296296 0.1787518519 0.5021546296 2 0.1886283951 0.5020611111 2 0.1683814815 0.5022462963 2 0.1797395062 0.518912963 2 0.1906037037 0.5187277778 2 0.169862963 0.5190981481 2
2 0.1952654321 0.5128333333 0.0260617284 0.0196296296 0.1953222222 0.5045527778 2 0.2051987654 0.5044601852 2 0.1849518519 0.5046444444 2 0.1963098765 0.5213111111 2 0.2071740741 0.5211268519 2 0.1864333333 0.5214962963 2
2 0.2077716049 0.4903703704 0.0260617284 0.0196296296 0.2078234568 0.4820953704 2 0.2177 0.4820027778 2 0.1974530864 0.482187963 2 0.2088111111 0.4988546296 2 0.2196753086 0.4986694444 2 0.1989345679 0.4990398148 2
2 0.2092283951 0.5092314815 0.0260617284 0.0196296296 0.2092765432 0.5009555556 2 0.2191530864 0.500862037 2 0.1989061728 0.5010472222 2 0.2102641975 0.5177138889 2 0.2211283951 0.5175287037 2 0.2003876543 0.5178990741 2
2 0.2397469136 0.508037037 0.0260617284 0.0196296296 0.2398012346 0.4997555556 2 0.2496777778 0.499662963 2 0.2294308642 0.4998481481 2 0.2407888889 0.5165148148 2 0.2516530864 0.5163296296 2 0.2309123457 0.5167 2
2 0.2256481481 0.5120648148 0.0260617284 0.0196296296 0.2257024691 0.5037898148 2 0.2355790123 0.5036962963 2 0.2153308642 0.5038814815 2 0.2266901235 0.5205481481 2 0.2375530864 0.520362963 2 0.2168135802 0.5207333333 2
2 0.2237592593 0.4940740741 0.0260617284 0.0213703704 0.2244283951 0.4849037037 2 0.2348938272 0.4847944444 2 0.2134419753 0.4850222222 2 0.2248641975 0.5026731481 2 0.2354753086 0.5026731481 2 0.2145432099 0.5027824074 2
2 0.238154321 0.4889537037 0.0260617284 0.0196296296 0.2382024691 0.4806777778 2 0.2480790123 0.4805851852 2 0.2278320988 0.4807703704 2 0.2391901235 0.497437037 2 0.250054321 0.4972518519 2 0.2293135802 0.4976222222 2
2 0.2526851852 0.4924444444 0.0260617284 0.0196296296 0.2527382716 0.4841666667 2 0.2626148148 0.4840740741 2 0.2423679012 0.4842592593 2 0.2537259259 0.5009259259 2 0.2645901235 0.5007407407 2 0.2438493827 0.5011111111 2
2 0.2541419753 0.5110833333 0.0260617284 0.0196296296 0.254191358 0.5028083333 2 0.2640679012 0.5027157407 2 0.2438209877 0.5029009259 2 0.2551790123 0.5195675926 2 0.2660432099 0.5193824074 2 0.2453024691 0.5197527778 2
2 0.2786851852 0.4721296296 0.0260617284 0.0196296296 0.2787407407 0.4638472222 2 0.288617284 0.4637537037 2 0.2683703704 0.4639388889 2 0.2797271605 0.4806055556 2 0.2905925926 0.4804203704 2 0.2698506173 0.4807907407 2
2 0.2925 0.4682592593 0.0260617284 0.0196296296 0.2925469136 0.4599768519 2 0.3024234568 0.4598842593 2 0.2821765432 0.4600694444 2 0.2935345679 0.4767361111 2 0.3043987654 0.4765509259 2 0.2836580247 0.4769212963 2
2 0.2795987654 0.4913981481 0.0260617284 0.0196296296 0.2796530864 0.4831203704 2 0.2895296296 0.4830277778 2 0.269282716 0.483212963 2 0.2806407407 0.4998796296 2 0.2915049383 0.4996944444 2 0.2707641975 0.5000648148 2
2 0.2939691358 0.4868981481 0.0260617284 0.0196296296 0.2940185185 0.4786231481 2 0.3038950617 0.4785305556 2 0.2836481481 0.4787157407 2 0.2950061728 0.4953824074 2 0.3058703704 0.4951972222 2 0.2851296296 0.4955675926 2
2 0.3066604938 0.4717314815 0.0260617284 0.0196296296 0.306708642 0.4634564815 2 0.3165851852 0.4633638889 2 0.2963382716 0.4635490741 2 0.3076962963 0.4802157407 2 0.3185604938 0.4800305556 2 0.2978197531 0.4804009259 2
2 0.308191358 0.4898333333 0.0260617284 0.0196296296 0.3082432099 0.4815518519 2 0.3181197531 0.4814592593 2 0.2978728395 0.4816444444 2 0.3092308642 0.4983111111 2 0.3200950617 0.4981259259 2 0.299354321 0.4984962963 2
2 0.3203271605 0.4674444444 0.0260617284 0.0196296296 0.3203765432 0.4591685185 2 0.3302530864 0.4590759259 2 0.3100061728 0.4592611111 2 0.3213641975 0.4759277778 2 0.3322283951 0.4757425926 2 0.3114876543 0.476112963 2
2 0.3213024691 0.485962963 0.0260617284 0.0196296296 0.3213518519 0.4776814815 2 0.3312283951 0.4775888889 2 0.3109814815 0.4777740741 2 0.3223395062 0.4944407407 2 0.3332037037 0.4942555556 2 0.312462963 0.4946259259 2
2 0.3355246914 0.4886759259 0.0260617284 0.0196296296 0.3355777778 0.4804009259 2 0.3454530864 0.4803083333 2 0.3252074074 0.4804935185 2 0.3365654321 0.4971601852 2 0.3474296296 0.496975 2 0.3266888889 0.4973453704 2
2 0.3344135802 0.4705833333 0.0260617284 0.0196296296 0.3344617284 0.4623064815 2 0.3443382716 0.462212963 2 0.324091358 0.4623981481 2 0.3354493827 0.4790648148 2 0.3465580247 0.4790453704 2 0.3255728395 0.4792509259 2
2 0.3477962963 0.4665092593 0.0260617284 0.0196296296 0.3478493827 0.4582268519 2 0.3577259259 0.4581342593 2 0.3374790123 0.4583194444 2 0.348837037 0.4749861111 2 0.3599469136 0.4749666667 2 0.3389604938 0.4751712963 2
2 0.3485 0.4849166667 0.0260617284 0.0196296296 0.3485469136 0.4766361111 2 0.3584234568 0.4765425926 2 0.3381765432 0.4767277778 2 0.3495345679 0.4933944444 2 0.3606444444 0.493375 2 0.3396580247 0.4935796296 2
2 0.3613271605 0.4700648148 0.0260617284 0.0196296296 0.3613777778 0.4617833333 2 0.371254321 0.4616907407 2 0.3510074074 0.4618759259 2 0.3623654321 0.4785425926 2 0.3734740741 0.4785222222 2 0.3524888889 0.4787277778 2
2 0.3628580247 0.4882592593 0.0260617284 0.0196296296 0.3629111111 0.4799824074 2 0.3727876543 0.4798898148 2 0.3525407407 0.480075 2 0.3638987654 0.4967416667 2 0.375008642 0.4967222222 2 0.3540222222 0.4969268519 2
2 0.2823888889 0.5097037037 0.0260617284 0.0196296296 0.2824432099 0.501425 2 0.2923197531 0.5013314815 2 0.2720728395 0.5015175926 2 0.2834308642 0.5181842593 2 0.2942950617 0.5179981481 2 0.273554321 0.5183685185 2
2 0.2959197531 0.5060462963 0.0260617284 0.0196296296 0.2959703704 0.4977638889 2 0.3058469136 0.4976712963 2 0.2856 0.4978564815 2 0.2969580247 0.5145231481 2 0.3078222222 0.514337963 2 0.2870814815 0.5147083333 2
2 0.3097222222 0.5088703704 0.0260617284 0.0196296296 0.3097765432 0.500587963 2 0.3196530864 0.5004953704 2 0.2994061728 0.5006805556 2 0.3107641975 0.5173472222 2 0.3216283951 0.517162037 2 0.3008876543 0.5175324074 2
2 0.3225493827 0.5041574074 0.0260617284 0.0196296296 0.3226074074 0.4958814815 2 0.3324839506 0.4957888889 2 0.312237037 0.4959740741 2 0.3235950617 0.5126407407 2 0.3344592593 0.5124555556 2 0.3137185185 0.512825 2
2 0.3362160494 0.5075092593 0.0260617284 0.0196296296 0.3362740741 0.4992287037 2 0.3461506173 0.4991351852 2 0.3259037037 0.4993203704 2 0.3372617284 0.515987037 2 0.3481259259 0.5158018519 2 0.3273851852 0.5161722222 2
2 0.3496111111 0.5036388889 0.0260617284 0.0196296296 0.349662963 0.4953583333 2 0.3595395062 0.4952657407 2 0.3392925926 0.4954509259 2 0.3506506173 0.5121175926 2 0.3615148148 0.5119324074 2 0.3407740741 0.5123027778 2
2 0.3634135802 0.5068796296 0.0260617284 0.0196296296 0.3634691358 0.4986009259 2 0.373345679 0.4985083333 2 0.3530987654 0.4986925926 2 0.3644567901 0.5153592593 2 0.3753209877 0.515175 2 0.3545802469 0.5155444444 2
2 0.414117284 0.3937962963 0.028037037 0.0203703704 0.4140407407 0.3851490741 2 0.4249049383 0.3851481481 2 0.4028061728 0.3851481481 2 0.4147814815 0.4022777778 2 0.425645679 0.4023703704 2 0.4044111111 0.4023703704 2
2 0.4278209877 0.389712963 0.028037037 0.0203703704 0.4277506173 0.3810657407 2 0.4386148148 0.3810657407 2 0.4165160494 0.3810657407 2 0.428491358 0.3981953704 2 0.4393555556 0.398287963 2 0.4181209877 0.398287963 2
2 0.4421419753 0.3925833333 0.028037037 0.0203703704 0.4420654321 0.3839388889 2 0.4529296296 0.3839388889 2 0.4308308642 0.3839388889 2 0.4428061728 0.4010685185 2 0.4536703704 0.4011611111 2 0.4324358025 0.4011611111 2
2 0.455845679 0.3891111111 0.028037037 0.0203703704 0.4557753086 0.3804611111 2 0.4666395062 0.3804611111 2 0.4445407407 0.3804611111 2 0.4565160494 0.3975907407 2 0.4673802469 0.3976833333 2 0.446145679 0.3976833333 2
2 0.4693518519 0.3927407407 0.028037037 0.0203703704 0.4692839506 0.3840907407 2 0.4801481481 0.3840898148 2 0.4580493827 0.3840898148 2 0.4700246914 0.4012194444 2 0.4808888889 0.401312037 2 0.459654321 0.401312037 2
2 0.4830679012 0.388962963 0.028037037 0.0203703704 0.4829938272 0.3803101852 2 0.4938580247 0.3803101852 2 0.4717592593 0.3803101852 2 0.4837345679 0.3974398148 2 0.4945987654 0.3975324074 2 0.4733641975 0.3975324074 2
2 0.4963765432 0.392287037 0.028037037 0.0203703704 0.4963 0.383637037 2 0.5071641975 0.3836361111 2 0.4850654321 0.3836361111 2 0.4970407407 0.4007657407 2 0.5079049383 0.4008583333 2 0.4866703704 0.4008583333 2
2 0.4152283951 0.4124074074 0.028037037 0.0203703704 0.4151518519 0.4037601852 2 0.4260160494 0.4037592593 2 0.403917284 0.4037592593 2 0.4158925926 0.4208888889 2 0.4267567901 0.4209814815 2 0.4055222222 0.4209814815 2
2 0.4293024691 0.4087037037 0.028037037 0.0203703704 0.4292259259 0.4000564815 2 0.4400901235 0.4000555556 2 0.417991358 0.4000555556 2 0.4299666667 0.4171851852 2 0.4408308642 0.4172777778 2 0.4195962963 0.4172777778 2
2 0.4565864198 0.4080555556 0.028037037 0.0203703704 0.4565098765 0.3994083333 2 0.4673740741 0.3994074074 2 0.4452753086 0.3994074074 2 0.4572506173 0.416537037 2 0.4681148148 0.4166296296 2 0.4468802469 0.4166296296 2
2 0.4431296296 0.4115740741 0.028037037 0.0203703704 0.4430530864 0.4029268519 2 0.453917284 0.4029259259 2 0.4318185185 0.4029259259 2 0.4437938272 0.4200555556 2 0.4546580247 0.4201481481 2 0.4334234568 0.4201481481 2
2 0.4304135802 0.4275925926 0.028037037 0.0203703704 0.430337037 0.4189453704 2 0.4412012346 0.4189444444 2 0.4191024691 0.4189444444 2 0.4310777778 0.4360740741 2 0.4419419753 0.4361666667 2 0.4207074074 0.4361666667 2
2 0.4700432099 0.4113888889 0.028037037 0.0203703704 0.4699666667 0.4027416667 2 0.4808308642 0.4027407407 2 0.4587320988 0.4027407407 2 0.4707074074 0.4198703704 2 0.4815716049 0.419962963 2 0.460337037 0.419962963 2
2 0.4842407407 0.4075 0.028037037 0.0203703704 0.4841641975 0.3988527778 2 0.4950283951 0.3988518519 2 0.4729296296 0.3988518519 2 0.4849049383 0.4159814815 2 0.4957691358 0.4160740741 2 0.4745345679 0.4160740741 2
2 0.4576975309 0.4266666667 0.028037037 0.0203703704 0.4576209877 0.4180194444 2 0.4684851852 0.4180185185 2 0.4463864198 0.4180185185 2 0.4583617284 0.4351481481 2 0.4692259259 0.4352407407 2 0.447991358 0.4352407407 2
2 0.4847345679 0.4259259259 0.028037037 0.0203703704 0.4846580247 0.4172787037 2 0.4955222222 0.4172777778 2 0.4734234568 0.4172777778 2 0.4853987654 0.4344074074 2 0.496262963 0.4345 2 0.4750283951 0.4345 2
2 0.4173271605 0.4318518519 0.028037037 0.0203703704 0.4172506173 0.4232046296 2 0.4281148148 0.4232037037 2 0.4060160494 0.4232037037 2 0.417991358 0.4403333333 2 0.4288555556 0.4404259259 2 0.4076209877 0.4404259259 2
2 0.4443641975 0.4307407407 0.028037037 0.0203703704 0.4442876543 0.4220935185 2 0.4551518519 0.4220925926 2 0.4330530864 0.4220925926 2 0.4450283951 0.4392222222 2 0.4558925926 0.4393148148 2 0.4346580247 0.4393148148 2
2 0.4717716049 0.4302777778 0.028037037 0.0203703704 0.4716950617 0.4216305556 2 0.4825592593 0.4216296296 2 0.4604604938 0.4216296296 2 0.4724358025 0.4387592593 2 0.4833 0.4388518519 2 0.4620654321 0.4388518519 2
2 0.498191358 0.4108333333 0.028037037 0.0203703704 0.4981148148 0.4021861111 2 0.5089790123 0.4021851852 2 0.4868802469 0.4021851852 2 0.4988555556 0.4193148148 2 0.5097197531 0.4194074074 2 0.4884851852 0.4194074074 2
2 0.498808642 0.4293518519 0.028037037 0.0203703704 0.4987320988 0.4207046296 2 0.5095962963 0.4207037037 2 0.4874975309 0.4207037037 2 0.4994728395 0.4378333333 2 0.510337037 0.4379259259 2 0.4891024691 0.4379259259 2
2 0.546154321 0.3910092593 0.028037037 0.0203703704 0.5460839506 0.3823648148 2 0.5569481481 0.3823648148 2 0.5348493827 0.3823648148 2 0.5468246914 0.3994944444 2 0.5576888889 0.399587037 2 0.536454321 0.399587037 2
2 0.5591049383 0.3871944444 0.028037037 0.0203703704 0.5590308642 0.37855 2 0.5698950617 0.37855 2 0.5477962963 0.37855 2 0.5597716049 0.3956796296 2 0.5706358025 0.3957722222 2 0.5494012346 0.3957722222 2
2 0.5600308642 0.406037037 0.028037037 0.0203703704 0.5599555556 0.3973925926 2 0.5708197531 0.3973925926 2 0.5487209877 0.3973925926 2 0.5606962963 0.4145222222 2 0.5715604938 0.4146148148 2 0.5503259259 0.4146148148 2
2 0.5467716049 0.4091666667 0.028037037 0.0203703704 0.5467 0.4005138889 2 0.5575641975 0.4005138889 2 0.5354654321 0.4005138889 2 0.5474407407 0.4176435185 2 0.5583049383 0.4177361111 2 0.5370703704 0.4177361111 2
2 0.5722037037 0.3904351852 0.028037037 0.0203703704 0.5721320988 0.381787037 2 0.5829962963 0.381787037 2 0.5608975309 0.381787037 2 0.5728728395 0.3989166667 2 0.583737037 0.3990092593 2 0.5625024691 0.3990092593 2
2 0.584845679 0.3865092593 0.028037037 0.0203703704 0.5847703704 0.3778574074 2 0.5956345679 0.3778564815 2 0.5735358025 0.3778564815 2 0.5855111111 0.3949861111 2 0.5963753086 0.3950787037 2 0.5751407407 0.3950787037 2
2 0.5734382716 0.4091666667 0.028037037 0.0203703704 0.5733654321 0.4005138889 2 0.5842296296 0.4005138889 2 0.5621296296 0.4005138889 2 0.5741061728 0.4176435185 2 0.5849691358 0.4177361111 2 0.5637345679 0.4177361111 2
2 0.5980925926 0.3893981481 0.028037037 0.0203703704 0.5980259259 0.3807472222 2 0.6088901235 0.3807462963 2 0.586791358 0.3807462963 2 0.5987666667 0.3978759259 2 0.6096308642 0.3979685185 2 0.5883962963 0.3979685185 2
2 0.5993271605 0.4085833333 0.028037037 0.0203703704 0.5992580247 0.3999361111 2 0.6101222222 0.3999351852 2 0.5880234568 0.3999351852 2 0.5999987654 0.4170648148 2 0.610862963 0.4171583333 2 0.5896283951 0.4171583333 2
2 0.5857716049 0.4059259259 0.028037037 0.0203703704 0.5856950617 0.3972768519 2 0.5965592593 0.3972768519 2 0.5744604938 0.3972768519 2 0.5864358025 0.4144064815 2 0.5973 0.4144990741 2 0.5760654321 0.4144990741 2
2 0.610117284 0.3863888889 0.028037037 0.0203703704 0.6100481481 0.3777416667 2 0.6209111111 0.3777407407 2 0.5988123457 0.3777407407 2 0.6107876543 0.3948703704 2 0.6216518519 0.394962963 2 0.6004185185 0.394962963 2
2 0.6241419753 0.3889351852 0.028037037 0.0203703704 0.6240740741 0.3802842593 2 0.634937037 0.3802842593 2 0.6128382716 0.3802842593 2 0.6248135802 0.3974138889 2 0.6356777778 0.3975064815 2 0.6144432099 0.3975064815 2
2 0.6110432099 0.4047685185 0.028037037 0.0203703704 0.6109728395 0.3961212963 2 0.621837037 0.3961212963 2 0.5997382716 0.3961212963 2 0.6117135802 0.4132509259 2 0.6225777778 0.4133435185 2 0.6013432099 0.4133435185 2
2 0.6243024691 0.4070833333 0.028037037 0.0203703704 0.6242271605 0.3984333333 2 0.635091358 0.3984333333 2 0.6129925926 0.3984333333 2 0.6249679012 0.415562963 2 0.6358320988 0.4156555556 2 0.6145975309 0.4156555556 2
2 0.5487716049 0.4281203704 0.028037037 0.0203703704 0.5487037037 0.4194712963 2 0.5595679012 0.4194712963 2 0.5374691358 0.4194712963 2 0.5494444444 0.4366009259 2 0.560308642 0.4366935185 2 0.5390740741 0.4366935185 2
2 0.5620308642 0.4244166667 0.028037037 0.0203703704 0.5619592593 0.4157722222 2 0.5728234568 0.4157722222 2 0.5507246914 0.4157722222 2 0.5627 0.4329018519 2 0.5735641975 0.4329944444 2 0.5523296296 0.4329944444 2
2 0.5749814815 0.4276574074 0.028037037 0.0203703704 0.5749061728 0.4190092593 2 0.5857703704 0.4190092593 2 0.5636716049 0.4190092593 2 0.5756469136 0.4361388889 2 0.5865111111 0.4362314815 2 0.5652765432 0.4362314815 2
2 0.5877716049 0.4237916667 0.028037037 0.0195648148 0.5876987654 0.4155416667 2 0.598562963 0.4155416667 2 0.5764641975 0.4155416667 2 0.5881580247 0.4316388889 2 0.599408642 0.4316388889 2 0.5784469136 0.4316388889 2
2 0.6010308642 0.4271435185 0.028037037 0.0195648148 0.600954321 0.4188935185 2 0.6118185185 0.4188935185 2 0.5897197531 0.4188935185 2 0.6014123457 0.4349916667 2 0.6126641975 0.4349916667 2 0.5917024691 0.4349916667 2
2 0.6263024691 0.4265601852 0.028037037 0.0195648148 0.6262308642 0.4183157407 2 0.6370950617 0.4183157407 2 0.6149962963 0.4183157407 2 0.6266901235 0.434412963 2 0.6379407407 0.434412963 2 0.6169790123 0.434412963 2
2 0.6136604938 0.4228657407 0.028037037 0.0195648148 0.6135925926 0.4146166667 2 0.6244567901 0.4146166667 2 0.6023580247 0.4146166667 2 0.6140506173 0.4307138889 2 0.6253024691 0.4307138889 2 0.6043407407 0.4307138889 2
2 0.3889938272 0.4691388889 0.0260617284 0.0196296296 0.3890493827 0.4608583333 2 0.3989259259 0.4607648148 2 0.3786790123 0.46095 2 0.390037037 0.4776166667 2 0.4009012346 0.4774314815 2 0.3801604938 0.4778018519 2
2 0.3903395062 0.4874444444 0.0260617284 0.0196296296 0.3903864198 0.4791648148 2 0.400262963 0.4790722222 2 0.3800160494 0.4792574074 2 0.3913740741 0.4959240741 2 0.4022382716 0.4957388889 2 0.3814975309 0.4961092593 2
2 0.3913395062 0.5056203704 0.0260617284 0.0196296296 0.3913901235 0.4973472222 2 0.4012666667 0.4972537037 2 0.3810197531 0.4974388889 2 0.3923777778 0.5141055556 2 0.4032419753 0.5139203704 2 0.3825012346 0.5142907407 2
2 0.402537037 0.465 0.0260617284 0.0196296296 0.402591358 0.4567203704 2 0.4124679012 0.4566268519 2 0.3922209877 0.456812037 2 0.4035790123 0.4734787037 2 0.4144432099 0.4732935185 2 0.3937024691 0.4736638889 2
2 0.4028703704 0.4840555556 0.0260617284 0.0196296296 0.4029259259 0.4757796296 2 0.4128024691 0.475687037 2 0.3925555556 0.4758722222 2 0.4039135802 0.4925388889 2 0.4147777778 0.4923537037 2 0.394037037 0.4927240741 2
2 0.4047098765 0.5019907407 0.0260617284 0.0196296296 0.4047641975 0.4937101852 2 0.4146407407 0.4936175926 2 0.3943938272 0.4938027778 2 0.4057518519 0.5104694444 2 0.4166160494 0.5102842593 2 0.3958753086 0.5106546296 2
2 0.4160802469 0.4677592593 0.0260617284 0.0196296296 0.4161333333 0.4594787037 2 0.4260098765 0.4593861111 2 0.405762963 0.4595712963 2 0.4171209877 0.476237963 2 0.4279851852 0.4760527778 2 0.4072444444 0.4764231481 2
2 0.4172530864 0.4864444444 0.0260617284 0.0196296296 0.4173037037 0.478162037 2 0.4271802469 0.4780694444 2 0.4069333333 0.4782546296 2 0.418291358 0.4949212963 2 0.4291555556 0.4947361111 2 0.4084148148 0.4951064815 2
2 0.4184259259 0.50475 0.0260617284 0.0196296296 0.4184740741 0.4964694444 2 0.4283506173 0.4963759259 2 0.4081037037 0.4965611111 2 0.4194617284 0.5132277778 2 0.4303259259 0.5130425926 2 0.4095851852 0.513412963 2
2 0.4286728395 0.4641481481 0.0260617284 0.0196296296 0.4287259259 0.4558675926 2 0.4386024691 0.455775 2 0.4183555556 0.4559601852 2 0.4297135802 0.4726268519 2 0.4405777778 0.4724416667 2 0.419837037 0.472812037 2
2 0.4306481481 0.4825740741 0.0260617284 0.0196296296 0.4307012346 0.4742935185 2 0.4405777778 0.4742009259 2 0.4203308642 0.4743861111 2 0.4316888889 0.4910527778 2 0.4425530864 0.4908675926 2 0.4218123457 0.491237963 2
2 0.4322530864 0.5008148148 0.0245802469 0.0196296296 0.4320987654 0.4925 2 0.4428395062 0.4923148148 2 0.4222222222 0.4926851852 2 0.4325530864 0.5092935185 2 0.443417284 0.5091083333 2 0.4226765432 0.5094787037 2
2 0.4459567901 0.5037777778 0.0245802469 0.0196296296 0.4458024691 0.495462963 2 0.4565432099 0.4952777778 2 0.4359259259 0.4956481481 2 0.4462567901 0.5122564815 2 0.4571209877 0.5120712963 2 0.4363802469 0.5124416667 2
2 0.4449691358 0.4852592593 0.0245802469 0.0196296296 0.4448148148 0.4769444444 2 0.4555555556 0.4767592593 2 0.4349382716 0.4771296296 2 0.4452691358 0.493737963 2 0.4561333333 0.4935527778 2 0.4353925926 0.4939231481 2
2 0.443117284 0.4669259259 0.0245802469 0.0196296296 0.442962963 0.4586111111 2 0.4537037037 0.4584259259 2 0.4330864198 0.4587962963 2 0.443417284 0.4754046296 2 0.4542814815 0.4752194444 2 0.4335407407 0.4755898148 2
2 0.4557098765 0.4628518519 0.0245802469 0.0196296296 0.4555555556 0.454537037 2 0.4662962963 0.4543518519 2 0.4456790123 0.4547222222 2 0.4560098765 0.4713305556 2 0.4668740741 0.4711453704 2 0.4461333333 0.4715157407 2
2 0.457808642 0.4811851852 0.0245802469 0.0196296296 0.457654321 0.4728703704 2 0.4683950617 0.4726851852 2 0.4477777778 0.4730555556 2 0.458108642 0.4896638889 2 0.4689728395 0.4894787037 2 0.4482320988 0.4898490741 2
2 0.4591666667 0.5000740741 0.0245802469 0.0196296296 0.4590123457 0.4917592593 2 0.4697530864 0.4915740741 2 0.4491358025 0.4919444444 2 0.4594666667 0.5085527778 2 0.4703308642 0.5083675926 2 0.4495901235 0.508737963 2
2 0.4728703704 0.5022962963 0.0245802469 0.0196296296 0.4727160494 0.4939814815 2 0.4834567901 0.4937962963 2 0.4628395062 0.4941666667 2 0.4731703704 0.510775 2 0.4840345679 0.5105898148 2 0.4632938272 0.5109601852 2
2 0.4716358025 0.4835 0.0245802469 0.0196296296 0.4714814815 0.4751851852 2 0.4822222222 0.475 2 0.4616049383 0.4753703704 2 0.4719358025 0.4919787037 2 0.4828 0.4917935185 2 0.4620592593 0.4921638889 2
2 0.4696604938 0.4654444444 0.0245802469 0.0196296296 0.4695061728 0.4571296296 2 0.4802469136 0.4569444444 2 0.4596296296 0.4573148148 2 0.4699604938 0.4739231481 2 0.4808246914 0.473737963 2 0.4600839506 0.4741083333 2
2 0.6584012346 0.38925 0.028037037 0.0203703704 0.6583333333 0.3806037037 2 0.6691962963 0.3806037037 2 0.6470975309 0.3806037037 2 0.6583753086 0.3978657407 2 0.669937037 0.3978259259 2 0.6487024691 0.3978259259 2
2 0.6715987654 0.3855833333 0.028037037 0.0203703704 0.6715259259 0.3769333333 2 0.6823901235 0.3769324074 2 0.660291358 0.3769324074 2 0.6715691358 0.3941953704 2 0.6831308642 0.3941546296 2 0.6618962963 0.3941546296 2
2 0.6852160494 0.3884537037 0.028037037 0.0203703704 0.6851444444 0.3798055556 2 0.696008642 0.3798055556 2 0.6739098765 0.3798055556 2 0.6851876543 0.3970685185 2 0.6967493827 0.3970277778 2 0.6755148148 0.3970277778 2
2 0.6986234568 0.3846203704 0.028037037 0.0203703704 0.6985506173 0.375975 2 0.7094148148 0.375975 2 0.6873160494 0.375975 2 0.6985938272 0.393237963 2 0.7101555556 0.3931972222 2 0.6889209877 0.3931972222 2
2 0.7111790123 0.3879722222 0.028037037 0.0203703704 0.7111049383 0.3793268519 2 0.7219691358 0.3793268519 2 0.6998703704 0.3793268519 2 0.7111481481 0.3965898148 2 0.7227098765 0.3965490741 2 0.7014753086 0.3965490741 2
2 0.7243641975 0.3839814815 0.028037037 0.0203703704 0.7242987654 0.375337037 2 0.7351617284 0.375337037 2 0.713062963 0.375337037 2 0.7243407407 0.3925990741 2 0.7359024691 0.3925592593 2 0.7146679012 0.3925592593 2
2 0.7379938272 0.3875 0.028037037 0.0203703704 0.737917284 0.3788481481 2 0.7487814815 0.3788481481 2 0.7266814815 0.3788481481 2 0.7379592593 0.3961101852 2 0.7495209877 0.3960703704 2 0.7282876543 0.3960703704 2
2 0.6588333333 0.406962963 0.028037037 0.0203703704 0.6587580247 0.3983185185 2 0.6696222222 0.3983185185 2 0.6475234568 0.3983185185 2 0.6588012346 0.4155805556 2 0.670362963 0.4155407407 2 0.6491283951 0.4155407407 2
2 0.6728703704 0.4039444444 0.028037037 0.0181481481 0.6728024691 0.3964037037 2 0.6836666667 0.3964027778 2 0.6615679012 0.3964027778 2 0.6730864198 0.412037037 2 0.6845679012 0.412037037 2 0.6633333333 0.4119444444 2
2 0.6873395062 0.4067777778 0.028037037 0.0193518519 0.6872728395 0.398637963 2 0.6981358025 0.398637037 2 0.6760382716 0.398637037 2 0.6871604938 0.4153703704 2 0.6980246914 0.4153703704 2 0.6775308642 0.4153703704 2
2 0.5537839506 0.4625648148 0.028037037 0.0203703704 0.5537148148 0.4539157407 2 0.5645790123 0.4539157407 2 0.5424802469 0.4539157407 2 0.5533901235 0.4704203704 2 0.565 0.4703231481 2 0.5442580247 0.4705185185 2
2 0.5658333333 0.4584583333 0.028037037 0.0194907407 0.5657679012 0.4502481481 2 0.5766320988 0.4502481481 2 0.5545333333 0.4502481481 2 0.5661740741 0.4661157407 2 0.577262963 0.4660175926 2 0.5562592593 0.4663111111 2
2 0.5800555556 0.4610092593 0.028037037 0.0187037037 0.5799888889 0.4531935185 2 0.5908530864 0.4531935185 2 0.568754321 0.4531935185 2 0.5805246914 0.4694425926 2 0.5918740741 0.4694425926 2 0.5694358025 0.4695398148 2
2 0.5929197531 0.4577777778 0.028037037 0.0203703704 0.592854321 0.4491305556 2 0.6037185185 0.4491305556 2 0.5816197531 0.4491305556 2 0.5935950617 0.4662601852 2 0.6044592593 0.4663527778 2 0.5832246914 0.4663527778 2
2 0.6059320988 0.4613333333 0.028037037 0.0203703704 0.6058555556 0.4526861111 2 0.6167197531 0.4526861111 2 0.5946209877 0.4526861111 2 0.6065962963 0.4698157407 2 0.6174604938 0.4699074074 2 0.5962259259 0.4699074074 2
2 0.6183888889 0.4568842593 0.028037037 0.0189907407 0.6183148148 0.4489277778 2 0.6291790123 0.4489277778 2 0.6070802469 0.4489277778 2 0.6183876543 0.4650638889 2 0.629137037 0.4649574074 2 0.6089111111 0.4652759259 2
2 0.6318209877 0.4608055556 0.028037037 0.0203703704 0.6317518519 0.4521564815 2 0.6426160494 0.4521564815 2 0.620517284 0.4521564815 2 0.6324925926 0.4692861111 2 0.6433567901 0.4693787037 2 0.6221222222 0.4693787037 2
2 0.567537037 0.476162037 0.028037037 0.0194907407 0.5674641975 0.4679574074 2 0.5783283951 0.4679574074 2 0.5562296296 0.4679574074 2 0.5678703704 0.483825 2 0.5789592593 0.4837268519 2 0.5579555556 0.4840203704 2
2 0.593882716 0.4762638889 0.028037037 0.0194907407 0.5938160494 0.4680555556 2 0.6046802469 0.4680555556 2 0.5825814815 0.4680555556 2 0.5942222222 0.4839222222 2 0.6053111111 0.483825 2 0.5843074074 0.4841185185 2
2 0.6197098765 0.475337963 0.028037037 0.0194907407 0.6196345679 0.4671333333 2 0.6304987654 0.4671333333 2 0.6084 0.4671333333 2 0.6200407407 0.4830009259 2 0.6311296296 0.4829027778 2 0.6101271605 0.4831962963 2
2 0.5533148148 0.4808657407 0.028037037 0.0194907407 0.5532444444 0.4726537037 2 0.564108642 0.4726537037 2 0.5420098765 0.4726537037 2 0.5536506173 0.4885212963 2 0.5647395062 0.4884231481 2 0.5437358025 0.4887166667 2
2 0.5804506173 0.4799861111 0.028037037 0.0194907407 0.5803790123 0.4717731481 2 0.5912432099 0.4717731481 2 0.5691444444 0.4717731481 2 0.5807851852 0.4876407407 2 0.5918740741 0.4875425926 2 0.5708703704 0.4878361111 2
2 0.6070679012 0.4797824074 0.028037037 0.0194907407 0.6069925926 0.4715777778 2 0.6178567901 0.4715777778 2 0.5957580247 0.4715777778 2 0.6073987654 0.4874453704 2 0.6184864198 0.4873472222 2 0.5974839506 0.4876407407 2
2 0.6328950617 0.4791990741 0.028037037 0.0194907407 0.6328222222 0.4709907407 2 0.6436864198 0.4709907407 2 0.6215876543 0.4709907407 2 0.6332283951 0.4868583333 2 0.644317284 0.4867601852 2 0.6233135802 0.4870537037 2
2 0.554882716 0.4986712963 0.028037037 0.0194907407 0.5548098765 0.4904611111 2 0.5656740741 0.4904611111 2 0.5435753086 0.4904611111 2 0.5552160494 0.5063287037 2 0.5663049383 0.5062305556 2 0.5453012346 0.5065240741 2
2 0.5676604938 0.4947546296 0.028037037 0.0194907407 0.5675950617 0.4865472222 2 0.5784592593 0.4865472222 2 0.5563604938 0.4865472222 2 0.5680012346 0.5024148148 2 0.5790888889 0.5023166667 2 0.5580864198 0.5026101852 2
2 0.5813641975 0.4979861111 0.028037037 0.0194907407 0.5812925926 0.4897759259 2 0.5921567901 0.4897759259 2 0.5700580247 0.4897759259 2 0.5816987654 0.5056435185 2 0.5927876543 0.5055453704 2 0.5717839506 0.5058388889 2
2 0.593882716 0.4939768519 0.028037037 0.0194907407 0.5938160494 0.4857648148 2 0.6046802469 0.4857648148 2 0.5825814815 0.4857648148 2 0.5942222222 0.5016324074 2 0.6053111111 0.5015342593 2 0.5843074074 0.5018277778 2
2 0.6074506173 0.4975972222 0.028037037 0.0194907407 0.6073839506 0.4893851852 2 0.6182481481 0.4893842593 2 0.5961481481 0.4893842593 2 0.6077901235 0.5052518519 2 0.6188777778 0.5051546296 2 0.5978753086 0.5054481481 2
2 0.6195864198 0.4933842593 0.028037037 0.0194907407 0.6195160494 0.4851777778 2 0.6303802469 0.4851777778 2 0.6082814815 0.4851777778 2 0.6199222222 0.5010453704 2 0.6310098765 0.5009472222 2 0.6100074074 0.5012407407 2
2 0.6330185185 0.4968101852 0.028037037 0.0194907407 0.6329530864 0.4886018519 2 0.643817284 0.4886018519 2 0.6217185185 0.4886018519 2 0.6333592593 0.5044694444 2 0.6444469136 0.5043712963 2 0.6234444444 0.5046648148 2
2 0.6738580247 0.4218148148 0.028037037 0.0198148148 0.6737901235 0.4134407407 2 0.684654321 0.4134398148 2 0.6625555556 0.4134398148 2 0.6741975309 0.4300925926 2 0.6861728395 0.4300925926 2 0.6639506173 0.4300925926 2
2 0.6876851852 0.4252407407 0.028037037 0.0198148148 0.687617284 0.4168666667 2 0.6984814815 0.4168657407 2 0.676382716 0.4168657407 2 0.6880246914 0.4335185185 2 0.7 0.4335185185 2 0.6777777778 0.4335185185 2
2 0.660154321 0.4258888889 0.028037037 0.0198148148 0.6600864198 0.4175148148 2 0.6709506173 0.4175138889 2 0.6488518519 0.4175138889 2 0.6604938272 0.4341666667 2 0.6724691358 0.4341666667 2 0.6502469136 0.4341666667 2
2 0.699191358 0.4030740741 0.028037037 0.0193518519 0.6991246914 0.3949342593 2 0.7099888889 0.3949333333 2 0.6878901235 0.3949333333 2 0.6990123457 0.4116666667 2 0.7098765432 0.4116666667 2 0.689382716 0.4116666667 2
2 0.7001790123 0.4215 0.028037037 0.0193518519 0.7001123457 0.4133601852 2 0.7109753086 0.4133592593 2 0.6888765432 0.4133592593 2 0.7 0.4300925926 2 0.7108641975 0.4300925926 2 0.6903703704 0.4300925926 2
2 0.7126481481 0.4062222222 0.028037037 0.0193518519 0.7125814815 0.3980824074 2 0.7234444444 0.3980814815 2 0.7013469136 0.3980814815 2 0.7124691358 0.4148148148 2 0.7233333333 0.4148148148 2 0.7028395062 0.4148148148 2
2 0.7132654321 0.4245555556 0.028037037 0.0193518519 0.7131987654 0.4164157407 2 0.7240617284 0.4164148148 2 0.7019641975 0.4164148148 2 0.7130864198 0.4331481481 2 0.7239506173 0.4331481481 2 0.7034567901 0.4331481481 2
2 0.7254135802 0.402537037 0.028037037 0.0193518519 0.7253481481 0.3943990741 2 0.7362111111 0.3943990741 2 0.7141123457 0.3943990741 2 0.7252358025 0.4111324074 2 0.7361 0.4111324074 2 0.7156061728 0.4111324074 2
2 0.7394506173 0.4057962963 0.028037037 0.0193518519 0.7393765432 0.3976611111 2 0.7502407407 0.3976611111 2 0.7281419753 0.3976611111 2 0.7392641975 0.4143935185 2 0.7501296296 0.4143935185 2 0.7296358025 0.4143935185 2
2 0.726537037 0.4206388889 0.028037037 0.0193518519 0.7264703704 0.4124972222 2 0.7373333333 0.4124972222 2 0.7152358025 0.4124972222 2 0.7263580247 0.4292296296 2 0.7372222222 0.4292296296 2 0.7167283951 0.4292296296 2
2 0.7393024691 0.4235833333 0.028037037 0.0193518519 0.739237037 0.4154435185 2 0.7501 0.4154425926 2 0.7280012346 0.4154425926 2 0.7391246914 0.4321759259 2 0.7499888889 0.4321759259 2 0.7294950617 0.4321759259 2
2 0.6555185185 0.4595277778 0.0242222222 0.0190925926 0.6555148148 0.4515203704 2 0.6663790123 0.4515194444 2 0.6442802469 0.4515194444 2 0.655445679 0.4678222222 2 0.6669024691 0.4678222222 2 0.6461098765 0.4678222222 2
2 0.6560864198 0.4774537037 0.0242222222 0.0190925926 0.6560802469 0.4694481481 2 0.6669444444 0.4694472222 2 0.644845679 0.4694472222 2 0.6560111111 0.48575 2 0.6674679012 0.48575 2 0.6466765432 0.48575 2
2 0.6567901235 0.4962314815 0.0242222222 0.0190925926 0.6567876543 0.4882240741 2 0.6676518519 0.4882240741 2 0.6455530864 0.4882240741 2 0.6567185185 0.5045259259 2 0.6681753086 0.5045259259 2 0.647382716 0.5045259259 2
2 0.6688148148 0.4564537037 0.0242222222 0.0190925926 0.6688098765 0.4484435185 2 0.6796740741 0.4484435185 2 0.6575753086 0.4484435185 2 0.6687407407 0.4647453704 2 0.6801975309 0.4647453704 2 0.6594061728 0.4647453704 2
2 0.6689506173 0.4739537037 0.0242222222 0.0190925926 0.6689518519 0.4659472222 2 0.6798160494 0.4659472222 2 0.657717284 0.4659472222 2 0.668882716 0.4822490741 2 0.6803395062 0.4822490741 2 0.6595469136 0.4822490741 2
2 0.6699382716 0.4916759259 0.0242222222 0.0190925926 0.6699419753 0.483662963 2 0.6808061728 0.483662963 2 0.6587074074 0.483662963 2 0.6698728395 0.4999648148 2 0.6813296296 0.4999648148 2 0.660537037 0.4999648148 2
2 0.6815432099 0.4597407407 0.0242222222 0.0190925926 0.6815395062 0.4517324074 2 0.6924037037 0.4517314815 2 0.6703049383 0.4517314815 2 0.6814716049 0.4680342593 2 0.6929283951 0.4680342593 2 0.6721358025 0.4680342593 2
2 0.6818271605 0.4776666667 0.0242222222 0.0190925926 0.6818234568 0.4696601852 2 0.6926864198 0.4696601852 2 0.6705876543 0.4696601852 2 0.681754321 0.485962037 2 0.6932111111 0.485962037 2 0.6724185185 0.485962037 2
2 0.6826790123 0.4951759259 0.0242222222 0.0190925926 0.6826716049 0.4871638889 2 0.6935358025 0.487162963 2 0.671437037 0.487162963 2 0.6826024691 0.5034657407 2 0.6940592593 0.5034657407 2 0.6732666667 0.5034657407 2
2 0.6931481481 0.4559444444 0.0242222222 0.0190925926 0.6931444444 0.4479361111 2 0.704008642 0.4479361111 2 0.6819098765 0.4479361111 2 0.6930765432 0.464237963 2 0.7045333333 0.464237963 2 0.6837407407 0.464237963 2
2 0.6940123457 0.4742777778 0.0242222222 0.0190925926 0.694008642 0.4662694444 2 0.7048728395 0.4662685185 2 0.6827740741 0.4662685185 2 0.6939407407 0.4825712963 2 0.7053975309 0.4825712963 2 0.6846049383 0.4825712963 2
2 0.6942592593 0.4921481481 0.0242222222 0.0190925926 0.6942555556 0.4841398148 2 0.7051197531 0.4841388889 2 0.6830209877 0.4841388889 2 0.6941876543 0.5004416667 2 0.7056444444 0.5004416667 2 0.6848518519 0.5004416667 2
2 0.7077160494 0.4948333333 0.0242222222 0.0190925926 0.7077123457 0.486825 2 0.7185765432 0.4868240741 2 0.6964777778 0.4868240741 2 0.7076444444 0.5031268519 2 0.7191012346 0.5031268519 2 0.698308642 0.5031268519 2
2 0.7069753086 0.4770555556 0.0242222222 0.0190925926 0.7069716049 0.4690472222 2 0.7171604938 0.4689814815 2 0.695737037 0.4690462963 2 0.7069037037 0.4853490741 2 0.7169135802 0.4855555556 2 0.6975679012 0.4853490741 2
2 0.7055555556 0.4593703704 0.0206419753 0.0190925926 0.7073419753 0.451362037 2 0.7151851852 0.4512962963 2 0.6961074074 0.451362037 2 0.7072740741 0.4676638889 2 0.715308642 0.4677777778 2 0.6979382716 0.4676638889 2
2 0.719382716 0.4559444444 0.0206419753 0.0190925926 0.717591358 0.4479361111 2 0.7097481481 0.4478703704 2 0.7288259259 0.4479361111 2 0.7176604938 0.464237963 2 0.7096246914 0.4643518519 2 0.7269950617 0.464237963 2
2 0.7204938272 0.4736296296 0.0206419753 0.0190925926 0.7187024691 0.4656212963 2 0.7108592593 0.4655555556 2 0.729937037 0.4656203704 2 0.7187716049 0.4819231481 2 0.7107358025 0.482037037 2 0.7281061728 0.4819231481 2
2 0.7204938272 0.4912222222 0.0231111111 0.0190925926 0.719937037 0.4832138889 2 0.7102469136 0.4830555556 2 0.73 0.4834259259 2 0.7200061728 0.4995157407 2 0.71 0.4993518519 2 0.7293407407 0.4995157407 2
2 0.7322839506 0.4940925926 0.0242222222 0.0190925926 0.7322802469 0.4860842593 2 0.7431444444 0.4860842593 2 0.721045679 0.4860842593 2 0.7322123457 0.5023861111 2 0.7436691358 0.5023861111 2 0.7228765432 0.5023861111 2
2 0.7321604938 0.4761296296 0.0242222222 0.0190925926 0.732345679 0.4688888889 2 0.7424691358 0.4687037037 2 0.7212345679 0.4690740741 2 0.7320888889 0.4844231481 2 0.743545679 0.4844231481 2 0.7227530864 0.4844231481 2
2 0.7310493827 0.459 0.0242222222 0.0190925926 0.7312345679 0.4517592593 2 0.7413580247 0.4515740741 2 0.7201234568 0.4519444444 2 0.7309777778 0.4672935185 2 0.7424345679 0.4672935185 2 0.7216419753 0.4672935185 2
