1 0.25325 0.6647109375 0.42578125 0.436203125 0.2486984375 0.4986984375 2 0.04573125 0.4521125 2 0.4557296875 0.5442703125 2 0.15234375 0.8723953125 2 0 0 0 0 0 0
1 0.7656171875 0.7669296875 0.434890625 0.442703125 0.7682296875 0.6002609375 2 0.5533859375 0.5572921875 2 0.9739578125 0.6419265625 2 0.671875 0.98046875 2 0 0 0 0 0 0
1 0.5839765625 0.8006484375 0.313796875 0.395578125 0.6419265625 0.9908859375 2 0.43359375 0.9479171875 2 0.7109375 1 2 0.73046875 0.6171875 2 0 0 0 0 0 0
1 0.4973984375 0.737625 0.434890625 0.44140625 0.5026046875 0.5677078125 2 0.296875 0.5286453125 2 0.7018234375 0.609375 2 0.4049484375 0.94921875 2 0 0 0 0 0 0
1 0.197265625 0.7402421875 0.39453125 0.420578125 0.1848953125 0.8971359375 2 0.3919265625 0.9361984375 2 0 0.8606765625 2 0.2799484375 0.52734375 2 0 0 0 0 0 0
1 0.717453125 0.3437421875 0.4375 0.442703125 0.7096359375 0.5013015625 2 0.9244796875 0.546875 2 0.5052078125 0.46484375 2 0.7877609375 0.1263015625 2 0 0 0 0 0 0
1 0.802734375 0.283203125 0.39453125 0.43359375 0.8203125 0.1171875 2 0.61328125 0.078125 2 0.9934890625 0.1471359375 2 0.7434890625 0.49609375 2 0 0 0 0 0 0
1 0.5663984375 0.2617109375 0.411453125 0.419265625 0.56640625 0.0963546875 2 0.3658640625 0.05736875 2 0.7630203125 0.1315109375 2 0.4895828125 0.453125 2 0 0 0 0 0 0
1 0.3281171875 0.19921875 0.411453125 0.3984375 0.3190109375 0.0247390625 2 0.1536453125 0 2 0.5208328125 0.0625 2 0.2317703125 0.39453125 2 0 0 0 0 0 0
1 0.2610625 0.2428359375 0.41796875 0.444015625 0.2604171875 0.4140625 2 0.0572921875 0.3802078125 2 0.4544265625 0.4544265625 2 0.3515625 0.0481765625 2 0 0 0 0 0 0
